46.0807 53.42 -33.0763 51.0445
44.4761 53.9664 -35.7008 53.2256
42.4115 51.5835 -42.7343 58.5388
40.8047 52.1358 -45.3641 60.7143
42.5348 51.6592 -45.0892 61.9239
42.9751 45.4273 -45.6444 57.5738
43.5358 42.3072 -45.3222 54.0104
44.2861 42.1345 -44.833 55.1393
45.4736 37.7407 -43.892 50.1322
46.5671 37.4654 -42.8363 51.0589
47.9445 32.6498 -41.5674 45.4064
48.4292 32.6079 -41.4271 47.141
48.9028 30.2903 -41.4983 45.8393
49.736 25.3169 -40.8997 40.6562
50.0562 25.3335 -41.2258 42.583
50.4966 22.9054 -41.1795 40.9241
48.3733 21.1669 -44.5901 40.0419
51.7212 17.8761 -40.5067 37.1144
55.188 14.4636 -36.1162 33.4718
53.0555 12.7975 -39.5468 33.0298
53.528 10.3989 -39.2328 31.0813
53.4386 10.5902 -43.8163 34.9106
53.3731 6.05435 -40.0947 28.4268
53.3179 3.87695 -35.7713 21.3319
53.0912 4.12888 -40.4969 25.2861
53.0123 -0.0555234 -41.2705 24.5344
53.1417 -2.06461 -41.356 23.0218
52.5915 -5.6566 -42.1536 22.652
51.4689 -5.12284 -41.928 20.9882
49.5451 -6.08632 -42.2703 20.2458
49.9208 -9.37451 -41.276 14.0982
48.7004 -11.7863 -31.9139 6.64826
45.0131 -10.4275 -37.5167 11.4065
41.8774 -10.6308 -38.8792 11.7526
38.1965 -9.25566 -44.4808 16.5001
36.6943 -9.56317 -45.5409 16.5498
33.1226 -9.59512 -44.991 14.6563
31.5729 -9.99573 -45.0932 13.9209
31.082 -9.61075 -43.9052 11.6727
30.2972 -11.9785 -43.8486 10.7678
29.3479 -11.446 -43.6488 9.75164
28.1098 -11.6215 -43.9435 9.21021
27.6314 -11.1702 -43.0246 7.51817
26.6582 -12.0013 -43.3106 7.32306
26.5121 -12.3901 -42.2006 5.67769
33.4527 -15.5024 -31.4326 -4.69564
29.1401 -13.8579 -37.7852 0.81219
30.7134 -15.991 -29.9184 -7.3484
26.4072 -14.343 -36.2543 -1.83608
22.1415 -13.1338 -37.579 -1.16319
22.7263 -13.4324 -38.6701 -0.741205
22.2709 -13.3593 -38.378 -1.61658
21.6598 -12.8017 -45.437 4.55939
16.756 -11.063 -45.106 4.02208
33.4946 -18.04 -17.7436 -20.9456
28.5857 -16.1059 -24.7331 -14.773
21.2489 -13.8494 -31.5792 -9.13141
16.3714 -12.2818 -38.5608 -2.95504
15.061 -11.2821 -42.0574 -0.389375
11.6143 -9.57568 -44.8778 1.17208
6.70806 -7.64262 -51.8479 7.35063
8.96123 -4.84926 -37.2356 0.834842
3.45485 -2.64416 -44.8638 7.60188
-2.05154 -0.439053 -52.4919 14.3689
-5.64018 2.01028 -47.0666 11.2461
-11.1466 4.21614 -54.6925 18.0093
-10.3222 5.86021 -55.3058 19.9971
-12.1377 8.83581 -45.0315 16.6581
-17.6478 11.0384 -52.3234 19.844
-15.2309 11.7979 -52.3011 21.0229
-16.1814 13.3081 -50.699 20.2808
-22.063 16.612 -49.5111 20.0674
-18.9415 17.0991 -50.321 21.5198
-14.5035 16.8355 -49.5939 21.1292
-20.6841 20.1165 -57.7868 28.4119
-21.7946 21.8117 -50.0122 22.2554
-22.0835 22.8795 -49.252 21.4787
-22.1884 23.4147 -48.9749 25.6323
-22.7615 25.4363 -49.4038 21.8648
-16.5257 24.81 -40.7593 13.9603
-22.6372 27.2533 -48.9301 21.2199
-22.815 28.1029 -48.4738 21.0358
-22.6472 28.75 -46.8417 19.6241
-23.0226 29.7763 -46.4146 19.9308
-29.6752 32.4728 -45.7503 19.699
-10.0467 26.4759 -26.6356 3.96132
-16.7074 29.1724 -35.2744 11.7076
-17.1457 29.2404 -43.4286 14.986
-23.8282 31.9213 -44.2566 19.8322
-16.7788 29.6032 -43.9977 14.1843
-23.3575 31.2977 -42.8447 18.3229
-8.33533 26.232 -32.1599 9.62111
-15.4952 28.6082 -32.0357 10.1839
-22.7127 31.5333 -41.0938 18.3166
-23.1855 31.5774 -41.9162 19.6221
-30.2498 33.385 -40.2558 17.7047
-22.2968 30.9282 -40.1415 18.2866
-13.8632 28.0056 -38.5566 16.8884
-20.9945 30.099 -38.3568 17.3589
-20.5429 29.5734 -37.942 17.242
-19.4258 28.675 -36.3792 15.7329
-4.11365 21.3683 -18.9794 1.51981
-11.8442 24.4987 -28.3643 9.99136
-19.556 27.639 -37.7385 18.4847
-20.1795 26.9364 -39.2045 19.8651
-20.4674 25.9179 -40.493 21.1787
-19.5603 23.6745 -39.3242 19.7019
-18.8659 24.2869 -38.4684 19.3752
-18.4889 23.8909 -38.6275 20.3464
36.6018 -6.14234 5.71672 -16.8154
28.8659 -3.13077 -3.6149 -8.40175
26.3912 -11.4697 -6.40475 -4.69275
18.204 -8.20002 -16.0527 4.03295
15.5406 -10.9623 -20.3286 9.21419
7.35879 -7.70415 -29.8999 17.452
4.54628 -8.12186 -35.6013 22.6307
-3.63256 -4.86911 -45.2519 31.3342
1.4814 -8.80572 -45.1219 32.2372
-6.69329 -5.56546 -54.7702 40.935
-1.73074 -8.10004 -50.6341 38.4617
-2.53255 -7.94725 -51.6012 39.5648
11.4359 -12.3818 -34.9249 26.762
2.83812 -8.91891 -44.8371 35.7065
-5.76129 -5.45436 -54.7362 44.667
-14.3597 -1.98846 -64.6457 53.6144
-8.2781 -3.62218 -66.5512 56.1959
-8.13936 -3.01768 -55.2382 46.2917
0.511444 -4.20632 -52.9092 40.77
-8.11734 -0.604535 -53.0848 46.2582
-8.16899 0.351703 -52.0069 45.8371
1.16602 -1.16303 -48.6923 38.4811
-7.44471 2.23744 -48.5687 43.8667
-7.70912 3.4007 -47.4808 43.4471
1.51139 1.9763 -45.0789 41.4827
-7.49604 5.60971 -45.146 47.0949
-7.67092 6.63653 -43.1827 41.1815
2.46009 4.787 -40.7891 39.129
-6.51743 8.17197 -50.8693 48.259
-6.66631 9.37962 -37.9294 37.9194
3.51772 6.85665 -35.6107 35.8444
-5.50705 10.4289 -45.678 44.962
-5.67968 11.3631 -33.4552 34.9779
-5.35852 11.804 -31.5982 33.2792
-5.17594 12.5525 -41.8031 42.5858
-5.74211 13.5739 -30.0498 32.9532
-5.28809 12.7432 -27.3946 24.9316
-14.6775 16.536 -37.5637 34.2428
-6.04616 14.9869 -27.8192 31.7109
-15.1788 17.269 -29.8854 38.1699
-7.67327 15.4334 -28.944 32.8096
-7.5095 15.294 -27.9614 31.6627
1.53126 12.2681 -17.5013 23.0663
0.518492 14.1416 -17.8252 23.4331
-8.91487 16.4676 -28.0913 32.8525
-10.4681 16.9634 -29.8113 34.8392
-1.79452 14.6571 -19.0021 24.7707
-11.2826 17.2635 -29.256 34.18
-11.9103 17.4495 -29.5424 34.5971
-21.6334 21.3848 -39.7613 44.0309
-12.3207 17.7102 -27.9393 29.2372
-22.0579 21.6144 -38.1529 38.6602
-5.13085 13.7294 -12.3327 24.5734
-15.0899 17.8175 -22.6238 34.041
-7.41017 14.3426 -22.999 29.2469
-17.4336 18.4604 -33.2758 38.7543
-17.5974 16.2406 -23.2475 29.1962
-27.612 20.3576 -33.5172 38.6979
-19.506 20.3223 -33.617 38.8942
-9.06552 14.3517 -22.1193 28.4082
-19.091 18.4065 -32.3843 37.895
-1.39091 9.64645 -14.867 22.174
-11.4098 13.6797 -25.111 31.6646
3.59011 5.00175 -17.9752 20.4077
-6.66613 9.27844 -21.1393 27.5794
-8.69248 9.5944 -23.3117 29.6106
-18.9403 13.8697 -33.5374 39.1875
-1.80135 5.52298 -16.3105 23.3677
-12.0522 9.75627 -26.5494 32.9191
-13.3833 9.74242 -27.885 34.1147
-13.9701 9.28924 -28.0449 33.7682
-24.2105 13.5133 -29.5028 40.3538
-5.41882 5.10755 -18.5742 24.9981
-15.7793 9.48018 -20.6506 31.8469
-16.9222 10.076 -29.6676 35.8526
-18.7336 10.6361 -31.5524 37.9826
-18.8054 10.3154 -30.2611 35.8836
-28.723 12.6297 -29.5034 35.2853
-19.6058 11.3028 -29.8694 36.2088
-19.3434 11.1714 -28.4951 34.5495
-29.7615 15.5911 -28.9267 40.8554
-19.7209 12.0485 -27.4538 34.0874
-19.3506 11.8182 -25.9816 32.2465
-18.6606 10.148 -16.1073 28.2781
-29.2174 14.8165 -26.2111 37.8396
-20.4303 13.2619 -24.71 31.568
-20.2175 13.1763 -23.3369 29.8762
-30.7804 17.8032 -33.4087 39.4598
4.77477 1.30116 0.235417 8.69701
-5.78596 5.86326 -9.8339 18.2662
-8.12136 5.84406 -12.1301 19.8302
-18.6754 10.404 -22.1839 29.4084
-11.8336 6.15287 -16.37 23.9809
-13.0614 6.14209 -17.3035 24.5999
-13.58 3.97451 -17.0519 20.7652
-15.8764 7.25431 -20.0199 27.9793
-17.7688 8.13372 -21.4972 29.4617
-19.3685 11.2806 -31.4182 39.0107
-20.1581 9.0708 -23.2007 31.3381
-29.9687 10.8262 -23.0523 30.9317
-21.2673 9.60289 -23.0224 31.0628
-31.9067 14.3571 -32.9593 40.5912
4.95018 -4.8094 8.30003 2.39832
1.69987 -1.22376 -1.56754 11.8928
-1.56144 -0.274341 -5.31928 15.8396
-3.08658 -2.85248 0.206373 10.1227
-6.1853 0.865673 -9.56435 19.5779
-9.15968 2.10403 -12.9154 23.4259
-11.0251 2.50708 -14.4505 24.6784
-12.8707 3.39661 -7.80793 18.7152
-23.5381 8.35395 -17.5823 28.1631
-8.00129 -1.61443 -7.14514 19.4592
-18.6538 3.3215 -16.9236 28.9007
-29.3062 8.37126 -26.6309 38.3106
-39.1328 10.9236 -28.7447 40.0573
-27.79 9.32708 -30.9339 42.4133
-19.3117 8.62734 -30.4088 41.5437
-29.9788 13.8345 -38.3066 44.5139
-30.4212 13.1265 -30.6782 43.1566
-20.6771 10.0969 -19.9171 33.2141
-31.3318 15.2825 -29.4926 42.5508
-31.0336 13.1533 -20.2157 39.5185
-31.7898 16.7362 -29.8098 48.8359
-32.4799 18.146 -27.5396 41.213
-32.0755 18.8929 -14.8668 28.8774
-41.7554 21.4806 -24.1904 38.0792
-32.3754 21.3107 -23.8369 38.361
-22.5664 20.2996 -20.1944 29.9015
-32.278 22.9423 -21.6096 36.4999
-22.682 22.1389 -28.9861 38.7191
-33.2963 27.566 -36.055 39.7123
-32.5602 24.7672 -35.7122 40.0578
-22.9559 23.4146 -8.55708 24.054
-33.5516 28.8791 -17.8329 33.2223
-31.4646 22.528 -7.6445 23.1139
-41.9591 28.3112 -16.6767 32.1445
-33.1123 27.4345 -16.2395 31.8139
-23.2463 26.0871 -12.9074 23.7298
-32.427 27.8143 -14.4831 30.3281
-32.8428 28.5847 -14.1278 30.006
-32.1907 28.3074 -12.69 28.2388
-42.6935 34.0215 -21.7257 37.2737
-32.7703 28.8927 -12.8035 28.683
-32.9607 28.3144 -15.2961 35.5514
-33.4155 29.0075 -13.0402 28.7627
-32.7707 28.7308 -21.7352 37.5885
-33.0433 29.3168 -12.0164 27.9329
-32.2924 28.887 -10.7582 26.3969
-31.7297 28.8286 -19.46 35.2231
-31.9817 29.2085 -10.1034 26.1344
-31.2454 28.483 -8.99085 24.598
-41.5993 34.5036 -17.7003 33.4243
-31.7468 28.2919 -16.2282 27.5745
-42.0914 34.3107 -24.9095 36.4122
-31.3835 27.8195 -9.30467 24.9224
-41.5523 34.2261 -17.6277 33.4982
-32.6561 32.5309 -14.821 26.2907
-30.8806 27.326 -8.78917 24.3678
-30.5614 26.4719 -8.92731 24.3981
-30.9649 26.6406 -9.26034 24.6558
-30.2934 25.7511 -8.5814 23.6023
-30.2185 25.2901 -10.9742 30.241
-26.2583 13.5053 5.0983 13.4262
-36.3822 19.8933 -3.27459 21.9824
-46.299 26.7056 -11.2144 30.2588
-56.2079 33.5343 -19.1365 38.5226
14.1622 -25.0729 17.3244 -2.70573
1.30331 -17.9576 9.36284 5.55622
-9.81393 -16.9198 7.87877 10.3786
-18.6924 -10.299 0.84917 15.6522
-25.4931 -6.91181 -2.5874 19.6742
-35.393 -0.166999 -10.5743 27.9234
-29.376 -3.84569 -7.82489 26.0798
-27.6741 -3.8555 -4.18216 26.1132
-35.201 -2.20557 -11.7455 34.0457
-23.9068 -1.73411 -11.8643 32.0197
-11.4026 -2.70407 -10.2377 27.1782
-19.1164 -0.488737 -12.2102 33.336
-19.8195 1.89128 -13.3085 35.4166
-19.9846 3.27903 -12.947 35.3711
-20.5522 5.28564 -18.5962 37.6741
-21.9033 7.90593 -13.5005 37.4902
-22.1505 9.26695 -12.8108 37.0452
-24.7214 15.5955 -18.6778 40.0134
-23.9717 13.9313 -12.9662 38.6677
-21.9284 10.9005 -6.07995 35.9085
-31.32 18.5884 -13.0812 43.3918
-25.0728 20.3953 -10.8559 38.4529
-22.7499 16.6992 -4.08416 35.6863
-32.1487 24.3754 -11.1004 43.1661
4.12246 2.96223 11.7854 17.915
-5.30213 10.603 4.75223 25.4005
6.81354 0.79292 11.9646 18.0051
-0.731215 3.82939 7.8519 24.6007
-2.95133 7.38148 5.73737 25.6589
-5.85088 9.61046 4.67778 26.7032
-13.0529 13.0716 -1.75941 33.7438
-11.7483 15.3348 0.451891 32.3072
-4.51662 15.3581 0.751549 29.9717
-13.7022 23.494 -5.69354 37.0162
-12.9926 20.1553 -3.873 37.8921
-13.8526 21.3913 -4.39771 38.4781
-23.0321 29.5379 -10.8635 45.5101
-17.354 25.6984 -7.12586 42.0645
-2.85026 14.5973 -3.12223 40.7137
-11.7614 23.3076 -8.91 47.2404
-20.6725 32.018 -14.6978 53.7671
-11.6795 23.459 -1.28789 37.1754
-20.5986 32.1701 -7.08705 43.7079
-29.5177 40.8813 -12.8862 50.2405
-38.4514 49.5796 -17.5223 53.6423
-29.931 42.0604 -14.2521 51.1461
-29.9637 43.1266 -13.6394 50.6052
-30.1894 44.6142 -13.1078 50.374
-38.9587 53.6756 -18.4761 56.5811
-30.6798 48.3752 -4.36174 41.2642
-29.8582 48.8832 -9.41437 47.2397
-30.0764 50.7074 -8.52312 46.6706
-38.7577 60.0176 -11.0423 45.9189
-29.2654 52.3268 -5.8746 43.9818
-28.2675 52.0899 -4.23382 41.9895
-27.6852 52.3305 -3.0039 40.548
-18.8424 43.8316 3.04002 33.2503
-27.5242 53.1727 -2.04278 39.2277
-27.147 53.2598 -1.25381 38.1396
-26.3125 53.2349 0.110259 36.5093
-26.33 54.2428 1.09435 35.3288
-25.1782 53.5599 2.60005 33.3627
-25.072 54.2777 3.16749 32.7681
-24.6779 54.2166 3.77251 31.846
-23.585 53.0477 4.78898 30.2092
-32.0327 63.0605 4.81658 29.9101
-23.3247 52.7918 4.89673 29.3245
-22.2915 51.1669 5.43414 28.0059
-26.3712 60.9542 1.56637 33.069
-21.4842 51.0075 6.40219 26.4085
13.0882 6.66114 16.7791 5.73993
4.84745 17.4434 13.4364 10.4222
5.26951 10.4504 18.1716 6.18389
-3.83012 21.3636 15.7217 10.6051
-8.61212 23.4177 14.6511 11.3805
-16.8594 34.2319 11.284 16.055
-1.91024 12.8931 14.1172 9.72021
-10.1854 23.7323 10.7247 14.4054
-16.6858 34.6011 8.52316 18.5725
-16.8975 28.4003 9.55538 15.3426
-14.8983 27.0637 10.1584 14.3414
-16.823 37.855 8.68551 17.9926
-11.0524 27.3339 9.88005 14.6428
-8.6039 26.101 10.0192 14.2289
-8.03234 26.1897 9.84135 14.2276
-13.082 37.4251 7.46312 18.1338
-0.340649 15.7396 11.0115 10.9104
-8.48083 27.4459 8.61106 14.8283
-14.0263 39.0107 8.06789 15.3993
-1.93282 12.7843 11.5371 8.62136
-9.96959 25.3937 10.2599 11.6869
-18.0064 38.0031 8.98274 14.7524
-22.3866 41.6565 9.66848 14.4649
-13.7223 28.5231 11.5247 10.7082
-21.7635 41.1808 10.2384 13.7744
-15.5922 40.9103 10.3627 13.7189
-14.5583 40.4431 10.5156 13.3644
-22.6839 53.0969 9.20418 16.4413
3.47789 9.40811 12.1719 5.99521
-4.63005 23.0981 12.0772 8.14887
-13.3565 36.8587 11.9883 10.2882
-14.0253 32.502 13.3236 7.66603
-14.0943 33.5328 14.1052 7.05718
-6.61886 21.5382 13.7709 7.06177
-10.4716 34.5868 13.6741 9.20275
-11.8097 37.4171 14.7139 7.02392
-9.99578 36.8886 14.7479 6.98157
-4.33541 26.4911 13.2321 7.64283
-10.6885 40.1389 14.0873 7.82135
-12.1512 42.9552 14.9768 7.30615
-5.36941 30.7904 15.8166 6.66734
-11.7189 45.3779 17.8628 5.9001
-13.0973 48.6251 16.8006 6.21755
-12.7687 48.9164 17.0622 6.09011
-19.5154 63.5779 18.9668 5.64812
-14.5204 53.037 16.8937 6.45438
-4.897 38.3268 13.0875 5.42498
-13.2619 53.3639 14.3004 6.55792
-21.6374 68.4602 15.5868 7.63465
-17.4315 59.6201 14.6277 7.58531
-26.0202 75.8795 17.2971 7.60774
-18.2203 63.2235 18.8112 5.5004
-17.5031 63.2226 16.0541 6.1449
-26.1272 79.5498 18.7212 6.17167
-19.2056 67.41 19.1128 5.37212
-18.4473 66.7063 18.7592 5.61562
-11.0795 51.2575 14.6696 6.96014
-19.7291 67.7265 17.3346 6.99304
-19.548 69.2254 17.1715 6.56149
-27.3045 86.6497 21.6059 4.93674
-19.8002 71.5421 18.6951 5.1899
-18.8601 70.9788 19.2436 4.61371
-18.8833 71.4212 19.4375 4.35281
-27.9888 89.3421 23.7695 3.02087
-19.3995 73.6471 19.7463 3.69742
-15.5424 71.0639 19.7608 3.14344
-0.140187 38.2281 10.9734 5.33609
-4.88013 42.9776 11.9862 4.47656
-1.01323 29.9697 9.27662 4.32091
-10.7092 49.5574 15.1148 1.99303
-20.4567 69.2984 21.1292 -0.46801
-28.2089 75.402 24.0511 -2.68576
-27.3641 73.6141 25.4203 -5.93096
-32.5919 75.8097 29.4779 -9.10001
-31.6059 73.4519 35.2967 -11.1318
-21.2379 72.1665 32.7133 -11.6515
-1.92122 46.1795 26.9206 -9.5099
-11.7391 66.2549 32.9423 -11.9526
-17.1915 32.9129 14.2264 -7.62779
-27.688 54.6278 21.8365 -11.2286
-19.7144 29.8654 27.0227 -14.6233
-30.3225 52.0468 34.9812 -18.4567
-40.1719 66.9629 40.7877 -22.6837
-33.9356 66.955 40.9861 -23.8953
-44.5899 89.2136 48.9524 -27.713
-23.3032 54.0518 41.095 -24.8439
-34.0044 76.4473 49.0696 -28.6445
-44.7056 98.8429 57.0443 -32.4451
-27.7625 67.11 51.6508 -28.2722
-39.1965 91.1773 61.2164 -33.2033
-50.8588 115.76 71.3133 -38.5256
-31.9666 84.0305 54.5853 -32.8804
-45.5986 109.404 63.685 -36.1596
-41.2718 107.142 64.4355 -35.5714
-35.9454 103.302 53.6526 -31.5103
-46.6931 127.797 63.7541 -36.8219
-37.965 109.193 60.133 -30.5909
-36.779 107.385 57.0568 -27.446
-26.8194 85.4122 43.8935 -22.145
-39.4814 112.225 55.5669 -28.5502
-53.3503 139.811 55.8137 -28.3481
-39.9752 113.78 52.0002 -21.4177
-40.9066 114.758 36.3639 -11.3944
-54.147 142.549 48.8277 -18.2816
-42.8166 119.045 48.5298 -17.9544
-26.8127 86.4152 31.691 -7.03206
-39.661 114.404 44.1779 -13.8707
-40.9638 117.028 43.5665 -13.4896
-38.5549 112.647 40.7764 -10.7849
-39.9089 116.228 41.0725 -11.2046
-40.1133 117.814 42.2986 -11.81
-24.9281 87.958 28.2745 -3.71919
-40.0245 119.603 43.3536 -12.2528
-39.7591 120.591 44.5325 -12.8841
-36.9855 116.197 43.5409 -11.4806
-51.4315 147.66 58.6685 -19.9202
-37.2937 118.672 42.918 -11.5939
-3.56877 50.2973 26.2788 -1.97446
-19.0634 82.8143 41.4463 -10.3268
-35.5526 117.152 58.0719 -19.6813
-46.0695 113.314 29.8043 -7.09389
-63.6612 149.74 47.7789 -17.3355
-81.2529 186.167 65.7535 -27.5771
-75.7422 173.606 71.107 -30.0174
-82.5568 205.455 71.9599 -30.0688
-54.1561 143.866 74.0876 -32.2408
-56.0463 159.793 72.3665 -30.8839
-27.1213 107.227 50.6079 -19.153
-45.14 144.661 68.651 -29.2438
-44.9011 142.481 72.7567 -37.3177
-23.9241 99.3011 48.6084 -17.848
-44.8243 142.012 69.7579 -29.8648
-66.4414 184.468 76.9019 -39.286
-14.5409 92.8669 36.5666 -11.8835
-36.5324 136.018 57.868 -23.5452
-29.3998 114.792 61.3209 -26.5712
-55.8398 151.939 66.9511 -30.5535
-77.4312 196.019 88.1842 -42.3817
-47.5162 133.311 88.3984 -40.7573
-66.0109 177.86 88.8423 -41.3011
-92.4661 228.467 90.7626 -42.5502
-49.2489 74.1564 -25.1456 6.50755
-78.9671 130.741 -1.84203 -6.59248
-108.866 187.697 24.8473 -25.4796
-106.098 178.129 49.7801 -38.6945
-99.4763 177.414 54.6091 -46.1589
-70.9231 142.234 66.0576 -51.9987
-63.4804 122.04 78.1382 -59.2433
-53.1328 111.417 88.4424 -65.8692
-69.1897 142.463 100.438 -73.3058
-52.9564 111.295 104.956 -74.1384
-26.764 64.5459 107.359 -75.7952
-28.2016 63.1578 113.114 -78.3342
-21.2448 46.3299 104.206 -64.5874
-29.7457 57.1008 111.203 -75.0777
-40.6924 72.3743 114.78 -75.8656
-34.1127 57.3167 103.688 -60.053
-48.739 88.9397 128.578 -72.4852
-38.0298 59.0239 113.173 -70.9139
-37.3521 53.8361 100.717 -51.2379
-29.0037 36.7833 127.337 -64.2819
-36.8924 47.7628 108.499 -63.3634
-23.8634 14.8303 86.5795 -49.1145
-34.9264 39.5956 113.173 -62.2172
-41.3837 49.5354 120.338 -64.1789
-52.766 74.2555 147.219 -76.7377
-23.8739 10.594 121.991 -48.3007
-35.1744 35.9047 148.719 -61.1378
-45.218 47.6919 140.317 -51.2227
-55.9625 72.1134 167.444 -63.8593
-64.1475 90.4348 196.101 -77.0576
-66.1355 91.0217 149.482 -65.4951
-44.3707 44.8587 178.034 -78.9353
-24.7355 18.5113 140.61 -55.8921
-21.7859 11.6312 118.721 -28.7954
-30.2507 30.2643 147.388 -42.0338
-36.8228 37.4192 120.461 -38.4101
-35.8201 35.336 116.446 -32.8692
-44.4663 54.1864 145.12 -46.1244
-35.628 36.7983 118.733 -30.8876
-30.0705 26.1826 113.157 -13.8232
-36.1234 38.8962 143.831 -27.4998
-30.1471 26.8896 129.044 -28.7825
-21.0119 7.69188 107.807 -14.8252
-27.2017 20.5779 138.474 -28.6013
-32.8297 30.2316 126.058 -19.7757
-39.1626 43.1881 156.817 -33.4261
-45.4954 56.1446 187.576 -47.0766
-26.1378 24.1861 167.739 -33.4155
-32.5725 37.1848 198.563 -46.9815
-21.1031 15.9378 193.379 -41.0245
-10.2932 -6.14057 132.013 -8.07617
-14.6373 1.69054 164.9 -22.0997
-21.9214 9.60442 163.71 -18.1618
-26.3319 17.4261 196.692 -32.0122
-28.5977 20.4186 203.16 -32.8025
-17.499 3.05811 109.908 14.575
-22.3197 12.0252 116.235 12.2308
-24.9779 17.7492 122.642 11.5651
-20.133 11.4678 124.899 12.7855
-18.0842 8.2322 131.867 10.7026
-13.5034 0.25796 134.557 12.8765
-9.96261 -6.24543 136.878 13.2852
-12.2376 -3.45668 142.027 11.9703
-13.3747 -2.88803 142.884 15.0428
-16.508 0.887429 178.488 1.21759
-16.1046 -0.35325 147.195 15.2656
-15.722 -1.61025 146.767 18.0945
-14.8562 -3.62111 146.008 20.7326
-16.9194 -0.622625 181.791 7.01501
-54.9279 52.0104 153.53 19.4044
-68.3151 68.5541 154.904 22.439
-71.9979 73.2757 156.444 22.9774
-71.8758 72.8453 160.905 21.8047
-71.4706 70.9895 131.592 26.2515
-69.0291 68.7484 164.976 23.3296
-66.7529 66.071 168.249 23.3127
-69.8466 65.8545 206.384 12.1743
-57.9048 57.7281 146.331 15.5629
-60.0805 58.4442 184.571 1.27516
-48.8842 49.2491 183.777 28.0119
-50.5556 47.9953 199.576 14.3999
-48.1169 44.0297 203.632 15.8181
-47.5061 41.1306 202.811 18.1877
-38.0704 32.772 135.4 40.0927
-39.7962 31.5972 176.483 25.9354
-33.2194 25.4571 148.169 27.8833
-34.9319 24.2625 189.251 13.5476
-36.6442 23.068 226.13 10.4487
-34.4214 19.5768 229.762 9.13014
-32.4761 15.3494 176.003 18.9998
-34.4705 13.2931 214.48 18.1996
-33.7328 9.6563 213.854 19.4814
-33.2309 5.97639 202.261 26.8371
-35.1836 3.88568 240.048 28.9817
-28.9069 -2.30155 232.101 27.9096
-26.393 -6.62258 234.934 30.6057
-17.4903 -13.8951 103.776 51.398
-19.3762 -16.0462 147.872 36.6364
-21.2622 -18.1973 191.967 21.8748
-3.10747 -26.2268 157.948 39.4881
-4.50375 -29.8996 204.442 26.2056
-13.8583 -24.7064 211.247 13.4293
-10.5786 -24.8396 213.214 23.0353
-13.6311 -23.0276 209.486 27.5394
-15.0898 -26.7148 209.336 15.3085
-16.5247 -26.6382 252.181 13.1718
-13.5838 -20.2303 151.71 43.1661
-14.9398 -23.9568 198.89 28.4199
-16.2959 -27.6832 246.071 13.6736
14.8307 -12.7537 67.6008 44.224
13.9788 -17.8572 117.156 29.0654
12.827 -16.5552 137.929 21.6856
6.84812 -8.11946 120.361 20.2652
6.09844 -13.2366 169.991 4.68276
7.93932 -16.1112 184.558 -3.32471
4.97222 -8.70983 115.745 10.3303
4.35591 -13.8418 165.444 -5.86929
3.73961 -18.9737 215.144 -22.0688
5.90622 -22.2514 228.455 -30.0329
1.52147 -22.3475 224.87 -29.0096
-0.518633 -24.4439 227.923 -32.168
-3.58149 -25.8499 216.89 -28.4299
-8.8402 -21.1358 155.792 -12.4197
-8.86589 -27.4649 207.297 -28.6369
-6.71666 -30.6902 215.417 -33.1891
-18.6542 -23.7218 149.24 -22.0797
-10.8826 -31.3368 198.582 -29.3273
-9.45206 -33.209 203.364 -34.2433
-10.9465 -33.0414 140.255 -24.4144
-10.5913 -39.77 192.006 -41.7694
-11.1066 -40.4859 136.309 -25.0386
-40.4259 -27.6876 156.902 -35.9126
8.7789 -32.7256 169.38 -40.6581
-12.4182 -14.9373 94.9953 -24.3313
14.1375 -23.7255 114.281 -36.052
16.8449 -25.4191 132.325 -45.8373
-5.61769 -13.791 143.615 -50.5095
-4.33515 -21.0469 196.172 -68.9332
7.66691 -23.4772 167.234 -68.0084
7.22689 -24.3962 174.226 -70.5665
-3.9169 -25.4415 226.589 -87.3266
-1.65073 -28.5831 231.99 -89.031
7.66355 -29.6251 191.77 -80.5023
-2.27294 -25.9448 199.836 -85.0142
-0.0285071 -33.9474 252.095 -102.859
-21.2649 -19.8565 106.846 -57.2622
-18.8705 -27.8017 158.868 -76.5055
-16.3046 -35.8253 171.214 -85.0137
-13.8722 -43.759 223.126 -104.58
3.2236 -22.6811 142.224 -81.9945
6.60174 -31.1581 192.557 -99.0177
10.1703 -39.5868 243.444 -114.889
26.1267 -46.6155 293.858 -131.673
17.4962 -43.5758 248.103 -116.481
8.5885 -41.57 228.646 -104.837
-10.5073 -41.3742 278.893 -122.557
4.05137 -40.8408 189.927 -90.9647
1.93195 -6.85064 -3.62676 -23.3695
5.98395 -14.9522 45.9714 -44.0845
29.4251 -5.64178 41.4336 -56.7521
0.70347 -4.88936 87.9689 -73.0774
45.2313 2.01896 33.375 -56.9978
39.3418 -3.43836 79.4002 -86.626
39.7354 -5.53336 95.9712 -94.6507
30.7081 -6.48305 106.721 -98.6101
42.7311 -12.3347 115.225 -103.881
26.4993 -11.175 126.807 -112.258
24.4508 -13.4349 94.0932 -99.1519
37.1083 -18.8124 139.699 -118.431
24.1344 -18.5932 148.762 -125.155
21.8971 -20.7775 149.449 -121.331
27.8549 -19.0786 110.638 -103.236
34.5001 -26.9027 151.962 -117.929
23.0722 -26.2596 156.018 -117.928
21.4405 -27.6693 154.627 -114.116
0.983642 -20.8339 112.555 -93.4183
18.3609 -23.6437 118.365 -94.9527
25.2381 -31.1953 159.538 -110.892
33.054 -32.4094 167.978 -115.345
-1.92484 -31.0167 165.318 -111.205
14.6206 -34.0652 150.818 -99.0347
18.5837 -34.6298 144.52 -90.7989
30.4584 -28.6513 88.337 -59.4512
38.4851 -35.708 124.553 -70.3072
19.889 -18.3206 70.8231 -47.3513
31.67 -17.6703 75.75 -46.6464
36.6806 -17.6384 82.5208 -47.7921
28.4869 -18.4207 86.9016 -45.9177
27.5643 -18.956 92.7478 -47.8435
29.95 -19.0447 99.2772 -49.088
25.5874 -19.3766 97.8701 -41.2647
34.81 -25.4627 130.004 -46.5758
13.7011 -19.9897 92.7758 -24.4805
16.8993 -18.9763 90.266 -18.0281
21.9071 -17.2657 95.1463 -13.5639
31.2836 -23.002 132.298 -19.2376
20.3868 -2.89569 2604.78 68.5374
29.8645 -8.35838 -0.758279 -0.722006
39.3423 -13.8211 -7.3837 -8.37327
40.4788 -7.22876 43.6077 -4.50071
50.669 -12.1117 58.4573 -5.05961
57.0893 -10.7212 67.1083 -11.2529
67.4259 -15.4127 74.6633 5.56008
27.7491 -16.9465 78.2454 12.823
20.5829 -18.174 80.1685 19.8207
15.1326 30.9824 -56.0983 22.7191
25.6564 27.2549 -35.7838 22.2706
36.8363 26.8455 -30.9411 0.191
48.1869 24.2948 -10.6491 -0.258643
31.1507 15.0978 -6.99213 -1.52261
8.15639 4.27837 -1.09766 -1.60334
21.2131 3.70562 11.2215 -6.94614
27.5798 2.51309 9.20322 1.2817
9.18767 -5.93347 14.1302 1.91118
23.2015 -5.09432 25.6916 -5.23909
28.43 -5.78767 24.2239 3.35332
7.28789 -14.8206 23.1549 10.07
18.4881 -17.2585 34.352 2.36277
27.3325 -12.7105 39.4755 2.59015
25.3998 -15.1626 38.7535 8.23569
18.2786 -22.979 53.1825 21.3803
28.4799 -15.7897 48.9371 13.8172
27.2784 -16.8541 50.6119 20.2103
19.6294 -24.8722 64.0993 35.8243
29.8045 -16.4719 54.1101 33.4669
35.1784 -14.2944 56.1922 38.8918
46.9301 -15.4612 69.7731 54.4823
30.2678 -17.0145 61.0006 47.5566
25.456 -19.2424 63.6238 50.0404
37.2163 -20.1735 77.179 65.7685
39.0705 -12.5828 66.7971 63.3524
27.115 -16.3469 66.6795 72.8873
24.3184 -16.683 69.7583 78.6693
41.4991 -8.34611 73.2117 85.3925
20.9811 -2.10197 47.6308 70.9696
25.2604 0.24151 46.4588 80.8267
37.3353 0.649127 57.8102 104.94
49.4071 1.16687 68.8755 129.21
64.8489 7.82447 70.4387 135.364
46.1432 -1.92237 71.1473 138.581
29.1299 -12.1989 60.6008 122.097
43.9465 -6.11519 68.257 157.417
17.7272 -23.0183 68.2685 169.753
18.251 2.98271 31.2319 118.794
30.5298 4.89273 40.9931 151.844
38.6202 12.0918 27.0874 130.791
28.8765 2.45066 37.071 163.912
27.2124 0.694316 38.896 168.788
21.1247 -3.77074 38.5638 170.007
14.6419 -11.9096 48.779 203.213
23.0315 -2.2025 28.4956 147.719
37.8208 6.94353 36.7554 190.208
24.0389 -4.71582 35.9777 202.598
37.7202 10.2054 34.9483 215.503
31.5403 9.47977 21.2913 187.086
26.7362 2.77537 33.6514 224.066
26.7683 3.17654 33.4001 229.889
20.0724 -1.31676 32.99 229.011
12.7531 -9.7693 33.772 230.877
26.606 -1.2203 43.5737 273.705
10.9224 -5.77569 34.0466 232.429
9.47311 -5.15687 37.8103 234.758
12.245 -1.09539 33.2147 257.42
21.181 7.69641 32.1172 264.633
18.2306 2.64418 31.5185 263.656
5.23472 2.04959 21.138 216.749
17.3128 7.16214 30.9095 270.006
10.6321 7.06867 14.2096 239.952
22.6221 12.2567 30.6918 278.411
24.4931 13.4975 29.9967 278.554
6.45427 2.28448 12.0913 239.143
18.5326 8.66207 22.1364 303.71
21.8896 12.2411 19.8922 314.649
17.1697 8.62591 7.05203 259.739
29.1484 15.073 17.8574 324.806
22.4099 14.7114 22.3955 312.382
34.2898 21.226 32.9312 377.702
19.3882 13.0497 19.9944 316.333
13.7898 8.19237 18.0777 307.916
25.5447 14.7685 29.416 373.837
13.9542 9.75126 17.6501 315.031
12.8021 10.0506 15.6414 316.455
24.5844 17.7354 27.5906 395.552
15.1904 15.179 14.6561 335.17
12.9935 14.1116 12.3641 330.268
24.9796 23.8389 25.1677 410.266
14.04 17.1317 11.2888 340.571
25.616 24.8786 24.8036 421.231
14.9195 19.4248 8.98284 336.228
11.0752 14.8948 22.9092 417.626
14.185 19.6782 6.1749 328.94
10.8222 16.9916 4.3009 326.562
8.26095 14.0177 -1.67404 371.407
13.2661 21.3484 4.34802 346.755
10.954 19.5628 21.1085 444.047
-0.423871 12.0465 -18.2236 236.733
2.24186 13.3312 -24.9922 279.238
13.8522 24.0195 -0.11341 344.333
24.8988 36.0492 1.12794 355.781
19.7979 30.995 -2.82679 334.851
31.1072 39.3566 15.7391 436.811
5.49609 20.0686 -18.9693 249.838
16.9514 27.8827 2.30062 362.685
12.9949 27.1995 10.3637 387.687
24.4065 34.9843 38.9269 455.118
24.1481 33.7648 3.85224 361.247
15.6814 24.1282 -7.22301 394.836
16.0951 24.2583 4.35907 361.987
4.85853 16.6316 -18.7935 234.193
16.1956 24.3223 5.01798 354.007
27.654 32.0868 4.66437 347.412
14.0942 32.5597 -13.1831 -120.241
28.5227 43.9935 26.3957 37.1031
42.9182 54.5811 40.5501 120.802
55.5587 67.8291 51.6779 200.434
46.0098 50.3158 5.721 58.2448
41.3595 42.213 -6.29622 -11.601
54.0665 55.3552 4.2848 69.4556
41.3936 38.9655 -15.5875 50.3438
39.3446 35.6111 -14.6575 14.1
52.1077 48.6402 -3.74742 96.6543
40.8496 38.7595 -28.4181 50.1117
38.6294 36.61 -46.8943 -35.6364
51.9673 51.9157 -39.9485 31.3699
46.7571 51.3243 -40.1785 42.8923
19.9615 25.9011 -57.9199 -51.1746
23.1048 33.4774 -50.539 17.106
36.3881 48.6404 -43.1582 85.3865
48.7773 60.39 -31.4747 109.382
43.4531 56.6927 -15.3813 168.04
56.8013 71.727 -7.92931 237.412
32.7599 50.8108 4.22775 241.63
27.4422 45.6769 -12.486 163.977
31.9781 56.1011 -9.63744 217.562
37.7552 64.1331 -13.7453 150.903
31.6942 51.3946 -14.0292 90.1857
45.5168 68.2686 -11.842 144.556
30.4019 58.8888 -6.99837 162.768
7.3903 24.397 5.03753 72.1448
21.3227 40.9707 7.18455 127.744
35.1859 57.5653 9.12636 183.358
50.4516 72.5926 33.201 230.871
62.2305 70.424 31.0678 264.796
60.8484 69.7642 9.22671 180.662
22.8882 41.5308 -22.9235 41.1091
35.5326 47.6478 -20.7725 54.7058
38.2372 51.3582 -15.2616 96.7389
19.3756 39.4212 -22.0707 76.4806
32.4746 48.028 -19.2398 84.4733
38.5841 54.7093 -21.4134 125.629
16.6084 27.0116 -4.74598 74.3127
31.4351 45.8879 -9.28358 105.351
46.3468 65.2178 -14.5435 132.373
54.0744 65.4129 -2.3647 127.69
69.1009 84.5726 -7.00212 155.021
78.6372 80.5878 30.0375 237.92
62.5959 81.0321 26.4805 265.702
77.6954 100.078 25.9032 294.402
27.907 67.3579 -73.5211 263.629
42.9958 86.334 -94.2676 285.172
32.184 63.1046 -10.8644 264.474
17.0916 25.6113 22.2536 94.0761
31.5467 39.0572 12.9245 107.68
51.1637 56.0712 13.7601 162.26
55.1291 69.5482 4.42481 175.859
54.766 61.4255 -3.53907 61.0673
46.6643 46.3016 -3.41958 89.1525
62.6626 65.8488 -12.8401 102.674
64.1325 67.9989 -13.5625 129.042
63.5737 72.4904 -27.0776 121.015
64.0338 73.6817 -18.8873 92.1139
51.0406 63.9063 -21.7565 72.5066
63.8478 67.5075 -32.0583 74.9918
40.642 57.791 -28.9946 29.8589
27.955 42.2127 -23.6892 -17.8003
44.4925 62.4863 -34.083 -15.5135
51.3092 68.1895 -25.559 -13.7254
67.9448 88.3496 -35.9504 -11.5082
47.4474 65.5761 -36.5494 -4.2788
19.0632 35.8157 -33.5519 18.2444
35.8485 55.7381 -35.8657 -3.31217
41.5166 60.0014 -36.305 -8.06239
20.4061 35.87 -33.5455 2.24214
37.5215 56.6219 -36.3985 -27.4195
29.3796 55.1468 -36.9104 -36.2509
42.8458 60.0398 -36.0332 -34.1017
47.7817 63.7649 -35.7132 -36.3058
34.791 59.9782 -35.7265 -37.9461
52.1354 80.4213 -38.0453 -66.4925
61.46 68.2252 -34.1332 -31.3553
21.4438 18.8701 -3.93845 -31.1398
39.2809 39.1965 -14.1018 -43.163
37.8119 32.4584 -14.2008 -22.2618
55.8772 53.1308 -17.8492 -52.9149
40.1873 50.339 -17.4937 -23.4532
53.5062 54.6074 -27.29 -40.4145
55.1816 57.1765 -21.9769 -60.6107
25.4707 30.606 -22.0106 -25.0801
43.8996 50.8731 -24.0822 -57.134
44.4247 38.8009 -25.1851 -62.5317
63.071 58.8527 -34.6497 -79.4465
53.3897 58.2673 -26.4972 -54.7563
50.0881 56.9161 -26.237 -54.7488
68.8678 77.595 -34.7821 -78.8735
57.8843 56.9172 -34.151 -79.4993
76.8919 77.3731 -42.6526 -103.541
48.3173 48.5224 -11.0653 -84.1624
67.655 68.6109 -19.359 -107.935
81.9453 74.2767 -18.2479 -138.581
71.57 71.0203 -23.0461 -107.382
25.7299 34.4952 -19.3491 -41.203
45.2087 54.5704 -26.7362 -66.361
47.7458 56.0577 -23.4633 -85.4834
46.1093 54.6651 -22.9461 -78.0043
65.7526 75.0045 -29.429 -107.318
49.1065 69.2427 -25.6036 -126.892
68.856 89.4639 -32.1054 -156.07
29.2285 20.2603 3.94543 -48.2361
49.4903 39.9449 -1.66213 -76.8224
40.5093 30.037 -4.43808 -42.3931
60.9407 49.5288 -9.94124 -70.7476
64.3435 53.0451 -4.57715 -86.2731
30.5329 29.5662 -4.27107 -40.2646
51.1605 49.2653 -8.20815 -72.9657
55.7101 52.866 -4.50166 -94.2068
28.9351 31.2763 0.32983 -96.8133
49.8153 50.7093 -8.45006 -76.7139
56.2639 54.2281 -5.21496 -93.0378
54.9049 53.1961 -7.1632 -85.1817
66.8564 52.8314 -3.73495 -124.962
56.849 53.6939 -5.69183 -89.5204
55.2224 52.1751 -7.09833 -83.261
66.7759 51.487 -9.0407 -118.456
56.863 52.6321 -2.80747 -94.7882
55.1949 51.2308 -3.1417 -91.4882
76.6888 70.2078 -4.68827 -126.178
57.1428 51.2498 0.308164 -98.0271
55.5519 49.7549 -1.21613 -89.9811
77.4472 68.2946 -2.59896 -124.16
57.8099 49.1528 1.28334 -93.6105
9.01294 -0.781233 16.4771 -36.8083
31.3129 17.3308 14.8995 -62.5198
55.8917 28.5689 27.6863 -107.837
71.2389 46.5687 32.378 -146.803
44.0566 21.4766 12.8503 -29.9473
53.9392 39.2113 22.3483 -64.9946
72.4471 57.2488 23.8046 -99.8912
86.5884 60.5346 25.2609 -134.788
93.7581 58.0167 10.5011 -80.0237
81.9162 55.7233 12.1422 -114.617
74.8522 54.8392 3.43412 -96.5122
62.9535 51.2217 -1.78951 -56.2211
73.4166 69.2232 1.09971 -92.0652
67.8165 54.4089 8.54383 -110.866
33.1513 32.3688 -4.93061 -46.2094
56.1552 49.4364 -1.72053 -81.5797
45.1643 35.6141 8.54146 -75.9117
68.3517 52.4829 11.9472 -110.937
49.1988 37.998 10.8981 -81.4518
72.5723 54.6797 14.4151 -116.146
95.9458 71.3615 17.932 -150.841
81.6291 42.412 42.2172 -137.094
104.992 58.5889 46.893 -172.159
91.5834 51.0505 23.1244 -105.133
75.9415 48.5419 11.7717 -84.2985
99.6226 64.2451 16.6009 -119.021
73.8103 62.7248 3.51939 -83.9957
58.8812 45.0365 12.8647 -88.4256
82.8144 60.4905 8.89025 -79.9919
44.5221 -3.83138 62.326 -105.961
68.1402 9.54654 63.1345 -123.547
84.9568 20.6363 52.3604 -121.467
81.7934 26.8389 30.0058 -95.9922
84.3773 45.8124 36.6643 -129.354
73.823 37.9196 15.3417 -88.9949
40.7345 29.8957 -0.586114 -50.9009
65.0928 43.9601 6.23678 -83.7888
61.7055 36.2668 3.19738 -74.3418
86.2189 50.0985 10.031 -107.012
86.3927 54.5184 18.0764 -115.275
79.8365 53.7157 5.88705 -96.9625
104.497 67.4061 12.7599 -129.396
73.0222 52.5055 1.81951 -88.5461
51.5568 31.8876 1.41041 -85.3472
75.7157 45.0218 8.92118 -117.34
69.119 48.2157 9.0054 -90.253
67.0376 46.075 8.30544 -85.4768
62.6884 43.3313 5.00592 -76.3938
59.0546 40.4461 12.1532 -73.1789
83.5477 53.2128 4.85199 -67.4115
78.5794 51.6637 17.3914 -82.823
64.6145 35.6408 18.2384 -80.7055
41.0282 20.3675 25.2307 -75.5845
64.9272 32.35 33.6589 -105.792
70.9931 31.9895 36.1331 -79.1082
95.1003 43.5862 44.5089 -109.021
66.9821 29.4773 38.7208 -105.766
79.1865 30.5747 46.759 -112.468
73.1716 28.913 29.6846 -89.0124
82.9947 46.0344 38.4784 -118.445
63.1343 26.7931 18.4717 -69.4666
59.0418 25.4406 18.2037 -66.3043
82.9164 36.2135 34.1787 -96.4613
58.6604 23.3684 27.5806 -70.9006
56.2352 21.8117 32.0125 -68.1096
32.7899 9.82925 12.279 -37.1745
56.5375 19.9373 21.5748 -64.6776
58.6408 22.2098 18.0486 -50.1501
82.4848 32.2167 27.3884 -77.4455
70.856 20.6434 38.7534 -80.363
79.4173 17.3168 44.9001 -92.9692
95.997 30.6828 63.4617 -121.431
62.2844 20.1983 34.7106 -72.4543
45.5375 24.0285 27.5185 -59.7697
48.5904 17.7056 17.8863 -49.6094
52.6652 17.2171 26.0992 -56.6662
57.9416 12.386 26.7011 -55.1303
59.4211 13.9189 44.6663 -81.1092
78.8371 24.3818 54.1653 -106.303
63.7561 30.4191 40.0462 -82.3342
36.9689 12.4938 54.8551 -107.696
46.6503 11.9333 28.0623 -49.4358
48.6123 11.2989 44.4612 -73.7949
54.2256 10.9658 38.9608 -58.259
50.6927 10.4842 21.5982 -31.823
52.7467 10.6598 35.9769 -54.6504
56.0904 10.8252 38.9088 -58.2542
51.1655 11.0119 49.6347 -80.8197
52.8854 11.2279 33.2957 -53.3389
49.0696 11.1119 28.0641 -48.5833
44.6836 11.1149 40.3696 -70.9401
49.6162 10.9025 29.5173 -49.3828
47.8909 10.4259 42.4942 -70.9119
50.7938 9.81839 32.0924 -50.5226
46.5522 9.27931 27.5944 -45.5782
40.7669 8.86947 11.4248 -22.9284
61.0286 14.4987 20.6537 -42.8771
48.939 8.06387 33.7485 -48.3337
21.283 2.6985 22.2772 -26.942
41.7279 8.00501 31.5779 -46.7059
45.2139 7.64864 34.6714 -50.1662
65.7314 12.722 43.8369 -69.9777
47.0251 6.97412 29.4815 -46.4439
39.3579 9.12853 8.17 -17.5276
57.5489 13.5823 16.6367 -34.7754
48.0025 2.62232 24.9915 -52.0752
66.2512 6.85968 54.5644 -66.0286
72.9406 6.11118 55.6278 -69.7862
80.5188 19.062 35.4747 -55.2472
51.4287 9.56931 23.5149 -46.6267
9.59466 1.04591 5.91532 -8.61841
28.0808 4.79931 14.4521 -25.5804
45.9665 8.44714 22.7576 -42.0063
53.0836 6.60933 34.0215 -48.9549
63.3121 14.6397 42.4972 -63.1759
41.9691 6.02759 23.5178 -37.5086
34.2411 5.77115 16.1268 -30.0818
45.1484 13.201 25.9524 -44.0122
30.0161 3.95391 17.1295 -26.3208
28.96 3.0076 18.2578 -25.3171
14.9 -1.39778 8.89828 -3.46669
30.7929 1.23007 16.3355 -17.6023
28.6249 -3.91105 33.4284 -29.5506
41.2682 -1.88686 39.5105 -40.8215
52.9308 1.20876 41.6136 -46.6673
14.5232 0.386073 9.81596 -5.64114
17.4728 -1.67051 15.2222 -16.9494
30.2068 0.191662 21.3056 -28.1328
5.46381 -5.76344 22.2884 -23.1676
18.2425 -4.06881 28.3469 -34.3327
31.0154 -2.43781 34.3095 -45.5676
40.2198 3.12291 22.568 -33.0334
37.5416 -0.519237 27.2249 -34.8864
29.3582 0.0689827 17.6446 -26.6342
33.7521 6.32144 8.83379 -17.2793
26.2349 4.586 4.12862 -14.6936
11.3317 0.259179 6.15494 -10.1851
20.4901 1.31719 10.5775 -18.0824
17.6727 0.644234 9.80649 -12.1888
6.5333 -2.02622 13.7991 -9.68627
9.50168 -3.20367 15.6622 -10.391
12.8207 -4.00687 17.6507 -11.821
12.2265 -3.77343 15.2599 -10.6839
9.58612 -3.96151 14.0215 -8.23114
7.44582 -4.11247 13.4816 -6.47352
2.09247 -3.59895 8.93832 -2.11261
-0.382514 -5.52308 11.4265 -6.43174
-2.99139 -3.68933 8.26585 0.795796
-3.55238 -4.05696 8.03714 1.78216
-3.71107 -4.34421 7.80696 2.4631
-1.84437 -4.78574 9.85925 1.21062
-4.21779 -5.56261 10.7309 1.03472
0.464667 -4.73281 13.1936 -3.27626
-1.83989 -4.83712 10.2625 1.17245
-6.51591 -4.43151 6.43928 4.9649
-14.9823 -3.96711 2.4516 9.17909
-14.5359 -3.91864 2.76268 8.78931
-15.672 -4.23741 1.07145 12.6445
-15.6038 -5.03371 3.2157 12.9524
-15.1565 -4.98896 3.52544 12.5625
-14.2483 -5.16145 4.87579 11.4894
-13.4157 -5.10989 5.26771 10.6995
-12.5881 -4.89874 5.17771 9.90137
-15.1935 -4.44495 2.56409 11.9189
-19.8892 -4.527 0.498983 15.8731
-24.5749 -4.64519 -1.31826 19.4815
-27.9534 -4.00322 -4.78397 22.5203
-29.1617 -4.32749 -4.27925 23.5933
-28.7419 -4.70075 -2.2023 23.3125
-22.3221 -3.23475 -4.24474 27.2933
-24.4423 -2.97743 -4.80408 18.0346
-29.1319 -3.00843 -6.82941 22.0235
-27.8597 -2.4865 -6.95258 22.5899
-21.9443 -3.05726 -2.20457 17.6667
-4.40822 -12.3038 -11.628 -7.38477
-1.76645 -11.9011 -11.2937 -8.31579
-0.86219 -11.7879 -11.2212 -9.07312
-0.86219 -11.7879 -11.2212 -9.07312
-1.70608 -9.38912 -9.35361 -8.60964
-2.96832 -5.98685 -7.74325 -7.1315
-2.96832 -5.98685 -7.74325 -7.1315
-2.98148 -5.98027 -7.7588 -7.11458
-3.14288 -4.43762 -6.48708 -5.68762
-3.14288 -4.43762 -5.64319 -5.50499
-3.09783 -3.83253 -5.08726 -5.03974
-2.99591 -3.31425 -4.58897 -4.61374
-3.00328 -3.30757 -4.59914 -4.60383
-2.51799 -2.14569 -3.38476 -3.53034
-2.51799 -2.14569 -3.38476 -3.53034
-2.51799 -2.14569 -3.38476 -3.53034
-2.35482 -1.29264 -2.76981 -2.95244
-1.77619 -1.17654 -2.76981 -2.95244
-1.77619 -1.17654 -2.76981 -2.95244
-1.60326 -0.997827 -2.25732 -2.48148
-1.21539 -0.791725 -1.8426 -2.08315
-1.21539 -0.791725 -1.8426 -2.08315
-1.3376 -0.613663 -1.73886 -1.79731
-0.989431 -0.455873 -1.35893 -1.60271
-0.989431 -0.455873 -1.35893 -1.60271
-0.730299 -0.263614 -1.10309 -1.35055
-0.613801 -0.179352 -0.997047 -1.23628
-0.613801 -0.179352 -0.997047 -1.23628
-0.371868 -0.0795214 -0.80677 -1.04289
-0.302352 0.0213084 -0.726205 -0.955819
-0.211316 0.0758505 -0.651624 -0.877884
-0.143016 0.15157 -0.523578 -0.741344
-0.046571 0.170887 -0.523578 -0.741344
0.027651 0.211802 -0.469169 -0.681129
1.30277 -0.498514 7.83265 -10.74
1.30277 -0.498514 7.83265 -10.74
2.91768 -2.52443 11.7822 -16.2028
3.65728 -3.42424 15.1207 -21.5311
3.70792 -3.41138 14.8871 -21.5584
4.5919 -4.88763 19.5221 -30.3699
4.91416 -5.58645 20.8784 -34.2145
5.14323 -6.23326 21.7649 -37.6405
5.32845 -6.87005 20.6672 -37.8227
5.44522 -7.45539 22.5407 -43.4527
5.59322 -8.09775 22.6594 -46.0182
6.13173 -9.41898 21.5246 -48.5898
5.91301 -9.45573 21.5289 -48.6141
6.02927 -10.1098 22.3966 -52.639
6.24542 -10.8841 22.3698 -54.7671
6.78489 -12.2702 22.1722 -56.8254
6.78489 -12.2702 22.1722 -56.8254
6.64222 -12.9897 21.2004 -58.7238
6.75898 -13.6795 20.9724 -60.4415
6.9111 -14.4681 20.7149 -63.6364
6.9111 -14.4681 20.7149 -63.6364
7.23296 -15.9297 21.2915 -66.7897
7.46272 -16.8474 21.2289 -68.606
7.46272 -16.8474 21.2289 -68.606
7.87339 -19.4999 20.6681 -71.8934
7.87339 -19.4999 20.2852 -71.8995
7.87339 -19.4999 20.2852 -71.8995
8.50476 -21.1738 21.3719 -76.4783
8.46648 -22.1943 21.4419 -79.5844
8.46648 -22.1943 21.4419 -79.5844
9.10575 -23.9387 21.3505 -80.9589
9.35377 -24.9404 21.3821 -82.4413
10.0139 -26.8507 21.1899 -83.8883
10.0139 -26.8507 21.1899 -83.8883
9.71247 -26.899 21.4246 -86.4602
10.1634 -28.8198 21.2358 -87.8717
10.104 -28.8407 21.0546 -87.915
10.5387 -30.7714 21.1089 -90.4812
10.7419 -31.7816 21.0436 -91.7472
10.6514 -32.8686 20.8125 -93.0858
10.6514 -32.8686 20.8125 -93.0858
11.2809 -34.7759 20.6706 -95.3249
11.5125 -35.9888 20.2451 -96.3943
11.3061 -36.0045 20.3881 -97.6011
12.0518 -38.1664 20.3062 -98.8049
12.3839 -39.4066 20.3645 -100.175
12.1119 -39.4427 20.3127 -100.263
12.8647 -41.7022 20.2879 -102.593
12.8647 -41.7022 20.2879 -102.593
13.5407 -44.0046 20.0839 -104.781
13.4563 -44.0303 19.8832 -104.819
13.7539 -46.3303 19.7901 -106.779
14.5034 -48.8863 19.6102 -108.918
14.5034 -48.8863 19.6102 -108.918
14.5492 -50.0815 19.466 -109.944
14.8408 -51.5569 19.2069 -111.059
14.7085 -51.5582 19.328 -112.035
15.5291 -54.2318 19.1538 -112.918
15.9336 -55.7598 19.113 -114.01
15.8317 -55.7887 18.8982 -114.037
16.5044 -58.5563 18.8363 -115.803
16.8072 -60.002 18.7039 -116.674
16.699 -60.032 18.4939 -116.708
17.361 -62.8864 18.4907 -118.597
17.6767 -64.4017 18.3604 -119.44
17.7595 -65.962 18.0294 -120.348
17.7595 -65.962 18.4182 -120.512
