0.193296 -0.124031 -0.168032 -0.17402
0.193296 -0.124031 -0.168032 -0.17402
0.193289 -0.124076 -0.168034 -0.174068
0.193295 -0.124071 -0.168025 -0.174089
0.193309 -0.12407 -0.168021 -0.174088
0.193299 -0.124165 -0.168026 -0.174157
0.193291 -0.124265 -0.168034 -0.174259
0.193317 -0.124263 -0.168008 -0.174257
0.193304 -0.124391 -0.168026 -0.174389
0.193342 -0.124388 -0.167982 -0.174389
0.193327 -0.124558 -0.168008 -0.174555
0.193375 -0.124554 -0.167949 -0.174554
0.193393 -0.124652 -0.167931 -0.174647
0.193373 -0.124865 -0.167965 -0.174857
0.193433 -0.12486 -0.167889 -0.174855
0.193441 -0.124995 -0.167885 -0.174954
0.193409 -0.125098 -0.167933 -0.175095
0.193497 -0.125217 -0.167822 -0.175214
0.193578 -0.125366 -0.167719 -0.175322
0.193543 -0.125481 -0.167773 -0.175478
0.193566 -0.125619 -0.167748 -0.175616
0.193626 -0.125641 -0.167774 -0.175593
0.193613 -0.125905 -0.167698 -0.175904
0.193614 -0.126089 -0.167646 -0.176206
0.193698 -0.126082 -0.167646 -0.176206
0.193658 -0.126399 -0.167656 -0.176325
0.193707 -0.126514 -0.167595 -0.176519
0.19366 -0.12684 -0.16761 -0.176637
0.193743 -0.126833 -0.167542 -0.176841
0.193753 -0.126995 -0.167515 -0.177003
0.193763 -0.127324 -0.167606 -0.177344
0.193756 -0.127656 -0.167402 -0.177666
0.193716 -0.12772 -0.16746 -0.177609
0.193745 -0.127823 -0.167374 -0.177831
0.193745 -0.127823 -0.167374 -0.177831
0.193744 -0.128051 -0.167409 -0.177933
0.193712 -0.128153 -0.167315 -0.178164
0.193648 -0.128392 -0.167354 -0.178256
0.193719 -0.128386 -0.167255 -0.17846
0.1936 -0.128812 -0.16729 -0.178611
0.193674 -0.128806 -0.167185 -0.178814
0.193613 -0.129052 -0.167231 -0.178892
0.193698 -0.129044 -0.167111 -0.179133
0.193677 -0.129282 -0.167071 -0.179288
0.193688 -0.129438 -0.167027 -0.179445
0.193764 -0.129827 -0.16689 -0.179893
0.193701 -0.12992 -0.166978 -0.179803
0.193792 -0.130317 -0.166758 -0.180319
0.19373 -0.130408 -0.166845 -0.18023
0.193713 -0.130461 -0.166713 -0.180454
0.193824 -0.130586 -0.166668 -0.180587
0.19385 -0.130715 -0.166616 -0.180718
0.193895 -0.130799 -0.166704 -0.180629
0.193881 -0.130842 -0.16656 -0.180845
0.194239 -0.132266 -0.166002 -0.182162
0.194239 -0.132266 -0.166002 -0.182162
0.19425 -0.132446 -0.165956 -0.182308
0.19424 -0.13248 -0.165956 -0.182308
0.194337 -0.132509 -0.165835 -0.182505
0.19433 -0.132582 -0.165867 -0.182588
0.19433 -0.132582 -0.165867 -0.182588
0.194441 -0.132681 -0.16561 -0.182679
0.194441 -0.132681 -0.16561 -0.182679
0.194441 -0.132681 -0.16561 -0.182679
0.194429 -0.132766 -0.165477 -0.182747
0.194429 -0.132766 -0.165477 -0.182747
0.19453 -0.132783 -0.1654 -0.18278
0.194524 -0.132868 -0.165176 -0.182737
0.194524 -0.132868 -0.16522 -0.182859
0.194652 -0.132902 -0.165124 -0.182897
0.194639 -0.133038 -0.165109 -0.182861
0.194649 -0.133003 -0.164919 -0.182989
0.194811 -0.133043 -0.164815 -0.183035
0.194928 -0.13319 -0.164808 -0.182996
0.194939 -0.133153 -0.164808 -0.182996
0.195009 -0.133211 -0.164497 -0.1832
0.195004 -0.133391 -0.164502 -0.183161
0.195152 -0.133378 -0.164215 -0.183139
0.195247 -0.133409 -0.16418 -0.183395
0.195428 -0.133558 -0.163971 -0.183542
0.195428 -0.133558 -0.163971 -0.183542
0.195524 -0.133637 -0.163864 -0.183619
0.195533 -0.133853 -0.163876 -0.183591
0.195729 -0.133807 -0.163634 -0.183787
0.195645 -0.133914 -0.163514 -0.183875
0.196181 -0.134183 -0.163132 -0.184157
0.196092 -0.134312 -0.163255 -0.184047
0.196301 -0.134282 -0.16334 -0.184285
0.196301 -0.134282 -0.162999 -0.184256
0.196551 -0.134493 -0.163079 -0.184502
0.196551 -0.134493 -0.162725 -0.184471
0.196955 -0.134824 -0.162558 -0.184585
0.196953 -0.134831 -0.162284 -0.184808
0.196953 -0.134831 -0.162284 -0.184808
0.197093 -0.134948 -0.162132 -0.184921
0.196998 -0.135094 -0.161975 -0.185049
0.197383 -0.135192 -0.161816 -0.185169
0.197693 -0.135422 -0.161774 -0.185193
0.197686 -0.135447 -0.161487 -0.185425
0.197842 -0.135578 -0.161318 -0.185555
0.198001 -0.135713 -0.161145 -0.185692
0.198492 -0.136119 -0.160616 -0.186096
0.198492 -0.13612 -0.160616 -0.186096
0.198412 -0.136234 -0.160725 -0.186002
0.198658 -0.136256 -0.160437 -0.186233
0.198826 -0.136397 -0.160257 -0.186372
0.1989 -0.136715 -0.160182 -0.186428
0.199173 -0.136684 -0.159885 -0.186669
0.19935 -0.136829 -0.159695 -0.186812
0.201208 -0.138029 -0.158252 -0.187879
0.201208 -0.138029 -0.158252 -0.187879
0.20147 -0.138471 -0.157647 -0.188329
0.20147 -0.138471 -0.157647 -0.188329
0.201764 -0.138692 -0.157081 -0.188543
0.201764 -0.138692 -0.157131 -0.188688
0.201905 -0.138812 -0.156981 -0.188792
0.201905 -0.138812 -0.156981 -0.188792
0.202232 -0.139009 -0.156644 -0.189018
0.202217 -0.139031 -0.156665 -0.189002
0.202556 -0.139218 -0.156312 -0.189234
0.20272 -0.139326 -0.156142 -0.189345
0.203227 -0.13965 -0.155616 -0.189669
0.203227 -0.13965 -0.155616 -0.189669
0.203186 -0.139709 -0.155671 -0.189624
0.203186 -0.139709 -0.155671 -0.189624
0.203571 -0.139868 -0.1555 -0.189723
0.203748 -0.139982 -0.155068 -0.190007
0.204124 -0.140156 -0.155046 -0.190283
0.204109 -0.140214 -0.154685 -0.190236
0.204293 -0.140332 -0.154489 -0.190352
0.204668 -0.140576 -0.154486 -0.190648
0.204668 -0.140576 -0.154087 -0.190594
0.204858 -0.1407 -0.153882 -0.190716
0.205245 -0.140954 -0.153798 -0.190744
0.205245 -0.140954 -0.153369 -0.190686
0.20544 -0.141083 -0.153252 -0.191096
0.205848 -0.141317 -0.153176 -0.191118
0.205839 -0.141351 -0.153176 -0.191118
0.20604 -0.141484 -0.1526 -0.191494
0.206449 -0.141762 -0.152525 -0.191515
0.206449 -0.141762 -0.152525 -0.191515
0.206654 -0.141901 -0.151931 -0.191907
0.20675 -0.142206 -0.151855 -0.19193
0.207071 -0.142189 -0.151855 -0.19193
0.20728 -0.142333 -0.151247 -0.192336
0.207368 -0.142685 -0.151284 -0.192709
0.207368 -0.142685 -0.151284 -0.192709
0.207808 -0.142933 -0.150697 -0.192664
0.207796 -0.142982 -0.150211 -0.19259
0.208339 -0.143077 -0.150091 -0.193075
0.208553 -0.143231 -0.149857 -0.193233
0.20888 -0.14369 -0.149529 -0.193429
0.209215 -0.143632 -0.149153 -0.193694
0.2092 -0.143695 -0.149153 -0.193694
0.209415 -0.143848 -0.14892 -0.193845
0.209865 -0.144094 -0.148448 -0.194167
0.209849 -0.144165 -0.148448 -0.194167
0.210067 -0.144324 -0.148212 -0.194326
0.209965 -0.144471 -0.148349 -0.19422
0.210409 -0.144789 -0.147979 -0.194887
0.210409 -0.144789 -0.147979 -0.194887
0.211073 -0.145274 -0.146665 -0.194956
0.211073 -0.145273 -0.146665 -0.194956
0.211609 -0.145464 -0.146541 -0.195464
0.211609 -0.145464 -0.146541 -0.195464
0.211717 -0.145863 -0.14606 -0.195802
0.211717 -0.145863 -0.14606 -0.195802
0.212301 -0.145866 -0.145818 -0.195971
0.212829 -0.146175 -0.145199 -0.196412
0.212829 -0.146175 -0.145199 -0.196412
0.213338 -0.146952 -0.144698 -0.196741
0.213338 -0.146952 -0.144698 -0.196741
0.214106 -0.147341 -0.14431 -0.197423
0.214106 -0.147341 -0.143851 -0.19734
0.214333 -0.147509 -0.143608 -0.19751
0.214257 -0.147619 -0.143711 -0.197434
0.21502 -0.148022 -0.142874 -0.198028
0.21502 -0.148022 -0.142874 -0.198028
0.215249 -0.148193 -0.142629 -0.198199
0.21548 -0.148367 -0.142382 -0.198376
0.215402 -0.148478 -0.142022 -0.198212
0.216179 -0.148891 -0.141634 -0.198901
0.2161 -0.149004 -0.141272 -0.198735
0.216414 -0.149065 -0.141383 -0.199073
0.216648 -0.149237 -0.141133 -0.199243
0.216802 -0.149535 -0.14099 -0.199348
0.216774 -0.149672 -0.140623 -0.199609
0.217363 -0.149772 -0.140367 -0.199783
0.217604 -0.149954 -0.140107 -0.199967
0.217516 -0.150081 -0.139726 -0.199783
0.218092 -0.150317 -0.139583 -0.200327
0.218338 -0.150502 -0.139318 -0.200513
0.218468 -0.150956 -0.138662 -0.200508
0.218468 -0.150956 -0.138662 -0.200508
0.219084 -0.151056 -0.138515 -0.201063
0.219242 -0.151379 -0.138369 -0.201166
0.219242 -0.151379 -0.138369 -0.201166
0.220593 -0.152162 -0.136895 -0.202157
0.220593 -0.152162 -0.136895 -0.202157
0.22084 -0.152338 -0.136631 -0.202339
0.220766 -0.152444 -0.136729 -0.202272
0.221333 -0.152691 -0.136105 -0.202696
0.221581 -0.152868 -0.135842 -0.202875
0.22173 -0.153303 -0.13578 -0.203323
0.222076 -0.153217 -0.135315 -0.203223
0.222324 -0.153388 -0.135052 -0.203396
0.222602 -0.1534 -0.135144 -0.203333
0.222822 -0.153736 -0.134523 -0.203745
0.222722 -0.154 -0.134256 -0.203923
0.223325 -0.154087 -0.133988 -0.204099
0.223325 -0.154087 -0.133988 -0.204099
0.2245 -0.155211 -0.132374 -0.205127
0.224844 -0.15512 -0.132374 -0.205127
0.225094 -0.155284 -0.132111 -0.205289
0.225257 -0.155703 -0.131587 -0.205625
0.22559 -0.155613 -0.131587 -0.205625
0.225837 -0.155772 -0.131327 -0.205784
0.226083 -0.155934 -0.131067 -0.205949
0.226276 -0.156173 -0.130547 -0.206272
0.226276 -0.156173 -0.130547 -0.206272
0.226995 -0.15681 -0.129773 -0.206729
0.226995 -0.15681 -0.129773 -0.206729
0.226995 -0.15681 -0.129773 -0.206729
0.22692 -0.15705 -0.129518 -0.206886
0.227801 -0.157027 -0.129262 -0.20704
0.228323 -0.157169 -0.129076 -0.207158
0.228323 -0.157169 -0.129177 -0.207469
0.228546 -0.157497 -0.128477 -0.207517
0.229054 -0.157819 -0.12794 -0.207837
0.229054 -0.157819 -0.12794 -0.207837
0.229215 -0.158252 -0.127284 -0.207824
0.229569 -0.158149 -0.127284 -0.207824
0.22983 -0.158314 -0.127117 -0.20833
0.230018 -0.158592 -0.126554 -0.208674
0.229992 -0.158766 -0.126554 -0.208674
0.230627 -0.158828 -0.12627 -0.208842
0.231195 -0.159005 -0.126199 -0.209321
0.231169 -0.159181 -0.125693 -0.209192
0.231744 -0.159356 -0.126013 -0.209436
0.231744 -0.159356 -0.126136 -0.209814
0.231994 -0.159723 -0.125847 -0.209995
0.232581 -0.1599 -0.12422 -0.2101
0.232581 -0.1599 -0.12422 -0.2101
0.232735 -0.160584 -0.123622 -0.210473
0.232735 -0.160584 -0.123622 -0.210473
0.233402 -0.160654 -0.123322 -0.210662
0.234006 -0.160827 -0.123233 -0.211185
0.233977 -0.161043 -0.122714 -0.211047
0.234265 -0.161234 -0.122409 -0.21124
0.234491 -0.161527 -0.122188 -0.211389
0.234491 -0.161527 -0.122188 -0.211389
0.235082 -0.161911 -0.121563 -0.211786
0.235435 -0.162027 -0.121058 -0.211648
0.235674 -0.162306 -0.120942 -0.212185
0.236028 -0.162429 -0.120942 -0.212185
0.236326 -0.16263 -0.120245 -0.212635
0.236574 -0.162914 -0.119999 -0.212804
0.236929 -0.163046 -0.119999 -0.212804
0.237233 -0.163251 -0.119297 -0.213256
0.237493 -0.163529 -0.119038 -0.213436
0.237493 -0.163529 -0.119038 -0.213436
0.23811 -0.163942 -0.118891 -0.213996
0.23811 -0.163942 -0.118891 -0.213996
0.238733 -0.164363 -0.117748 -0.214288
0.238733 -0.164363 -0.117748 -0.214288
0.23943 -0.164446 -0.117542 -0.214885
0.239679 -0.164996 -0.11677 -0.214942
0.24002 -0.165176 -0.116411 -0.215178
0.240334 -0.16539 -0.116088 -0.215395
0.24063 -0.16564 -0.115789 -0.215603
0.240968 -0.165831 -0.115321 -0.215466
0.241174 -0.166754 -0.114343 -0.216132
0.241174 -0.166754 -0.114343 -0.216132
0.241165 -0.166768 -0.114355 -0.216126
0.241165 -0.166768 -0.114355 -0.216126
0.244935 -0.168693 -0.111154 -0.218645
0.245135 -0.168619 -0.111154 -0.218645
0.245335 -0.169004 -0.110526 -0.218752
0.245502 -0.168941 -0.110593 -0.218965
0.245681 -0.169095 -0.110314 -0.219121
0.245728 -0.169029 -0.110252 -0.219157
0.246081 -0.1694 -0.109755 -0.21943
0.246349 -0.169498 -0.109123 -0.219519
0.246313 -0.1698 -0.109123 -0.219517
0.24682 -0.169851 -0.10891 -0.219885
0.247421 -0.169849 -0.108661 -0.220294
0.247385 -0.170154 -0.108341 -0.220191
0.247671 -0.170301 -0.108056 -0.220337
0.247979 -0.170427 -0.107744 -0.220502
0.248248 -0.170607 -0.107821 -0.220753
0.248537 -0.170755 -0.10719 -0.220789
0.24884 -0.170893 -0.106882 -0.220951
0.249152 -0.170772 -0.106962 -0.22121
0.24941 -0.171215 -0.106312 -0.221246
0.249678 -0.171657 -0.105636 -0.221286
0.249678 -0.171657 -0.105636 -0.221286
0.250293 -0.171686 -0.105421 -0.221715
0.250561 -0.172141 -0.104735 -0.221752
0.250561 -0.172141 -0.104735 -0.221752
0.252359 -0.172803 -0.103336 -0.222822
0.252359 -0.172803 -0.103336 -0.222822
0.253254 -0.17322 -0.102433 -0.223309
0.253221 -0.173528 -0.102121 -0.223203
0.253762 -0.17356 -0.101915 -0.223589
0.254062 -0.173658 -0.101588 -0.223767
0.254029 -0.173964 -0.101588 -0.223768
0.254541 -0.174007 -0.101089 -0.224042
0.255126 -0.173991 -0.100829 -0.224446
0.255126 -0.173991 -0.100829 -0.224447
0.255367 -0.174464 -0.100271 -0.224499
0.255687 -0.174562 -0.099943 -0.224682
0.255687 -0.174562 -0.099943 -0.224682
0.256195 -0.174934 -0.099456 -0.224969
0.257026 -0.175426 -0.0987815 -0.225085
0.257026 -0.175426 -0.0987815 -0.225085
0.257026 -0.175426 -0.0987815 -0.225085
0.257833 -0.17591 -0.0978364 -0.225945
0.257833 -0.17591 -0.0978364 -0.225945
0.257833 -0.17591 -0.0978364 -0.225945
0.25789 -0.175827 -0.0978292 -0.226197
0.258377 -0.176257 -0.0973068 -0.226288
0.258653 -0.176438 -0.0970373 -0.226469
0.258987 -0.176543 -0.096695 -0.226682
0.258987 -0.176543 -0.096695 -0.226682
0.259551 -0.176912 -0.0959362 -0.227221
0.259781 -0.177193 -0.0959362 -0.227221
0.260069 -0.177391 -0.0956559 -0.227418
0.260127 -0.177306 -0.0956648 -0.227733
0.260652 -0.177809 -0.0950876 -0.227834
0.260948 -0.178029 -0.0948 -0.228052
0.261314 -0.178156 -0.0944229 -0.228312
0.261846 -0.178705 -0.0939286 -0.228726
0.261846 -0.178705 -0.0939286 -0.228726
0.262228 -0.178826 -0.0935351 -0.229003
0.262453 -0.179181 -0.0933434 -0.2292
0.262757 -0.179419 -0.0930501 -0.229442
0.263155 -0.17954 -0.09264 -0.22974
0.263372 -0.179917 -0.0924603 -0.22994
0.26368 -0.18017 -0.0921655 -0.230193
0.264095 -0.180283 -0.0917367 -0.230508
0.264095 -0.180283 -0.0915733 -0.230713
0.264614 -0.180957 -0.0912776 -0.230977
0.265045 -0.181059 -0.0908304 -0.23131
0.265306 -0.180943 -0.0908304 -0.23131
0.265556 -0.181773 -0.0903874 -0.231794
0.267135 -0.183175 -0.0895039 -0.233435
0.267135 -0.183175 -0.0895039 -0.233435
0.26751 -0.183814 -0.0885037 -0.233826
0.2677 -0.183728 -0.088336 -0.23376
0.267957 -0.184006 -0.0880533 -0.234038
0.267957 -0.184006 -0.0880533 -0.234038
0.268771 -0.184837 -0.0872155 -0.234866
0.268942 -0.184591 -0.0869975 -0.234951
0.269112 -0.184514 -0.0868702 -0.2349
0.269282 -0.185377 -0.0866675 -0.235412
0.269726 -0.185402 -0.0861681 -0.235775
0.269918 -0.185315 -0.0860546 -0.235729
0.270124 -0.1862 -0.0858511 -0.236234
0.270423 -0.186477 -0.0855804 -0.236508
0.270909 -0.186481 -0.0850719 -0.23687
0.271106 -0.186392 -0.0850719 -0.23687
0.271612 -0.18757 -0.0845074 -0.2376
0.271806 -0.18729 -0.0842602 -0.237691
0.271995 -0.187204 -0.084242 -0.237871
0.272725 -0.188639 -0.0835218 -0.238706
0.272725 -0.188639 -0.0835218 -0.238706
0.272725 -0.188639 -0.0835218 -0.238706
0.272967 -0.188905 -0.0831962 -0.238945
0.273348 -0.189531 -0.0827333 -0.239505
0.273348 -0.18953 -0.0827333 -0.239505
0.273814 -0.189717 -0.0824209 -0.239751
0.274104 -0.189992 -0.0821634 -0.240021
0.274318 -0.189686 -0.0818919 -0.240118
0.275371 -0.191402 -0.0808907 -0.241369
0.275597 -0.19108 -0.0806058 -0.241468
0.275869 -0.190954 -0.0806058 -0.241468
0.275998 -0.19186 -0.0803925 -0.241899
0.276241 -0.192131 -0.0801444 -0.242165
0.276623 -0.192734 -0.0796046 -0.242533
0.276773 -0.192665 -0.0796046 -0.242533
0.27704 -0.192925 -0.0794051 -0.242959
0.277318 -0.193194 -0.0791605 -0.243224
0.277729 -0.193789 -0.0786338 -0.243607
0.277877 -0.193721 -0.0786748 -0.243754
0.278149 -0.193984 -0.078434 -0.244018
0.278562 -0.194591 -0.0778683 -0.244391
0.278707 -0.194524 -0.0779066 -0.244529
0.278984 -0.194783 -0.0777156 -0.244815
0.279534 -0.19467 -0.0771356 -0.245193
0.279671 -0.194606 -0.0771703 -0.245319
0.279818 -0.195589 -0.0770041 -0.245617
0.280791 -0.195665 -0.0762983 -0.246431
0.280791 -0.195665 -0.0762983 -0.246431
0.280791 -0.195665 -0.0762983 -0.246431
0.281222 -0.196247 -0.0758043 -0.246868
0.281222 -0.196247 -0.0758043 -0.246868
0.281465 -0.197213 -0.075602 -0.247246
0.282056 -0.19705 -0.075116 -0.247706
0.282056 -0.19705 -0.075116 -0.247706
0.282296 -0.198048 -0.0749113 -0.248075
0.282574 -0.198335 -0.0746819 -0.248355
0.283025 -0.198956 -0.0742038 -0.248847
0.283025 -0.198956 -0.0742038 -0.248847
0.28341 -0.199186 -0.0739956 -0.249211
0.283868 -0.198637 -0.0735717 -0.249413
0.283971 -0.199766 -0.0735393 -0.249792
0.284253 -0.200066 -0.0733112 -0.250087
0.284916 -0.199829 -0.0726077 -0.250527
0.284916 -0.199829 -0.0726214 -0.250578
0.285103 -0.20096 -0.0726271 -0.250987
0.286864 -0.199435 -0.0709182 -0.251853
0.286247 -0.202182 -0.0717158 -0.252219
0.286501 -0.202482 -0.071489 -0.252529
0.287387 -0.202532 -0.0705314 -0.253291
0.287387 -0.202532 -0.0705314 -0.253291
0.287387 -0.202532 -0.0705314 -0.253291
0.28799 -0.202292 -0.0698152 -0.253737
0.28758 -0.203984 -0.0703599 -0.254062
0.288103 -0.203762 -0.0696283 -0.254509
0.287875 -0.204672 -0.0696373 -0.254544
0.28818 -0.204949 -0.069677 -0.254975
0.288755 -0.205576 -0.0692249 -0.255591
0.288755 -0.205576 -0.0692249 -0.255591
0.29013 -0.206483 -0.0679007 -0.257412
0.29013 -0.206483 -0.0679007 -0.257412
0.290139 -0.207912 -0.067174 -0.257837
0.290139 -0.207912 -0.067174 -0.257837
0.290095 -0.208244 -0.0669587 -0.258142
0.290606 -0.207974 -0.0665032 -0.258693
0.290606 -0.207974 -0.0665032 -0.258693
0.291141 -0.208783 -0.0658227 -0.259542
0.291141 -0.208783 -0.0658227 -0.259542
0.291141 -0.208783 -0.0658227 -0.259542
0.291739 -0.209581 -0.0648196 -0.260211
0.291739 -0.209581 -0.0648196 -0.260211
0.291739 -0.209581 -0.0648196 -0.260211
0.29191 -0.21101 -0.0651003 -0.261094
0.291928 -0.211002 -0.0650869 -0.261039
0.292165 -0.211283 -0.0648824 -0.261301
0.29294 -0.210871 -0.0645074 -0.261941
0.293027 -0.210831 -0.0645073 -0.261942
0.292973 -0.212098 -0.0642837 -0.262102
0.293243 -0.212377 -0.0640887 -0.262371
0.293726 -0.212939 -0.0637418 -0.263085
0.293726 -0.212939 -0.0637418 -0.263085
0.294356 -0.212122 -0.0635533 -0.263373
0.294322 -0.213472 -0.0633219 -0.263472
0.295217 -0.212898 -0.0629429 -0.264037
0.295217 -0.212898 -0.0629429 -0.264037
0.295143 -0.214312 -0.0627531 -0.264326
0.295649 -0.21493 -0.0623741 -0.264906
0.2957 -0.214905 -0.0623741 -0.264907
0.29598 -0.215188 -0.0621835 -0.265206
0.29695 -0.214549 -0.0611436 -0.265706
0.296543 -0.215781 -0.0618037 -0.265807
0.296827 -0.21608 -0.0616137 -0.266111
0.297397 -0.216693 -0.0612339 -0.266726
0.297397 -0.216693 -0.0612339 -0.266726
0.297683 -0.216999 -0.0610436 -0.267036
0.298716 -0.216309 -0.0599372 -0.267559
0.298794 -0.216273 -0.0599372 -0.267559
0.298551 -0.217949 -0.0604741 -0.267983
0.299325 -0.218956 -0.0591563 -0.268841
0.299325 -0.218956 -0.0591563 -0.268841
0.299325 -0.218956 -0.0591563 -0.268841
0.300032 -0.219741 -0.0593267 -0.269932
0.300032 -0.219741 -0.0593267 -0.269932
0.300032 -0.219741 -0.0593267 -0.269932
0.30091 -0.219096 -0.0582038 -0.270455
0.301011 -0.21904 -0.0589358 -0.270559
0.301077 -0.219716 -0.0587424 -0.270887
0.300846 -0.221235 -0.0585496 -0.271213
0.301442 -0.221879 -0.0581662 -0.271891
0.301442 -0.221879 -0.0581662 -0.271891
0.301588 -0.222281 -0.0580437 -0.272583
0.302014 -0.223036 -0.0576024 -0.272915
0.302014 -0.223036 -0.0576024 -0.272915
0.302877 -0.221866 -0.0574858 -0.27363
0.304121 -0.222721 -0.0568595 -0.274291
0.305003 -0.221524 -0.0557709 -0.274523
0.303754 -0.224581 -0.0566768 -0.274639
0.303896 -0.224857 -0.0564952 -0.274985
0.303896 -0.224857 -0.0564952 -0.274985
0.304104 -0.225692 -0.0552045 -0.275548
0.304207 -0.225643 -0.0561377 -0.27565
0.305128 -0.224403 -0.0559628 -0.275989
0.306567 -0.226675 -0.053003 -0.27991
0.305874 -0.227543 -0.0536659 -0.280259
0.305925 -0.227396 -0.0533518 -0.280395
0.306084 -0.227384 -0.0524875 -0.280565
0.306124 -0.227487 -0.0528806 -0.281221
0.306192 -0.227691 -0.052614 -0.281378
0.306805 -0.227103 -0.0514982 -0.281871
0.306162 -0.2284 -0.0521349 -0.282024
0.306366 -0.228573 -0.0519001 -0.282345
0.30711 -0.227929 -0.0507738 -0.282826
0.306372 -0.229353 -0.0514966 -0.282962
0.306336 -0.229727 -0.0513106 -0.283264
0.307043 -0.229111 -0.0501799 -0.283379
0.306197 -0.230462 -0.0510473 -0.283842
0.306102 -0.230753 -0.0509244 -0.28412
0.306775 -0.230038 -0.0498114 -0.284138
0.306777 -0.230041 -0.0498114 -0.284138
0.305777 -0.231658 -0.0507041 -0.284909
0.306402 -0.230881 -0.0495942 -0.284819
0.30555 -0.232165 -0.0495942 -0.284819
0.305442 -0.232343 -0.0506598 -0.285631
0.305249 -0.232649 -0.0506557 -0.286077
0.305249 -0.232649 -0.0506557 -0.286077
0.305178 -0.232738 -0.0506299 -0.28629
0.306 -0.23167 -0.0496172 -0.286478
0.305067 -0.232837 -0.0494602 -0.286274
0.305067 -0.232837 -0.0494602 -0.286274
0.305915 -0.231621 -0.0473778 -0.28626
0.305341 -0.232422 -0.0473778 -0.28626
0.305341 -0.232422 -0.0473778 -0.28626
0.306099 -0.231203 -0.0495281 -0.287807
0.305403 -0.232167 -0.0495281 -0.287807
0.305551 -0.231994 -0.0506279 -0.287946
0.30661 -0.230613 -0.0495449 -0.287574
0.30661 -0.230613 -0.0495449 -0.287574
0.306162 -0.231133 -0.0509468 -0.288417
0.307314 -0.229577 -0.0499375 -0.288767
0.307314 -0.229577 -0.0499375 -0.288767
0.307015 -0.229921 -0.051266 -0.288859
0.308257 -0.228251 -0.0501265 -0.288451
0.308257 -0.228251 -0.0501265 -0.288451
0.30858 -0.227782 -0.0515005 -0.289285
0.308944 -0.227254 -0.0515912 -0.289561
0.308944 -0.227254 -0.0515912 -0.289561
0.310411 -0.225156 -0.0513739 -0.28999
0.310411 -0.225156 -0.0513739 -0.28999
0.310411 -0.225156 -0.0513739 -0.28999
0.311519 -0.223658 -0.0512071 -0.290265
0.311519 -0.223658 -0.0512071 -0.290265
0.312094 -0.222901 -0.0511685 -0.290395
0.31326 -0.221291 -0.0512941 -0.290662
0.31326 -0.221291 -0.0512941 -0.290662
0.314814 -0.219086 -0.0501141 -0.291022
0.314814 -0.219086 -0.0501141 -0.291022
0.31544 -0.218185 -0.0501402 -0.291164
0.318871 -0.213192 -0.0500185 -0.29185
0.318716 -0.213451 -0.0512211 -0.291783
0.320384 -0.210995 -0.0499505 -0.292151
0.320271 -0.211231 -0.0511622 -0.292069
0.321069 -0.210095 -0.051136 -0.292224
0.322777 -0.207561 -0.0498509 -0.292595
0.32269 -0.207776 -0.0511012 -0.29252
0.323512 -0.206577 -0.0510878 -0.292683
0.325245 -0.203927 -0.0497878 -0.293065
0.325245 -0.203927 -0.0497878 -0.293065
0.326027 -0.202825 -0.0510829 -0.293158
0.326884 -0.201524 -0.0510914 -0.293314
0.328653 -0.198725 -0.049779 -0.293712
0.328741 -0.198673 -0.049779 -0.293712
0.329518 -0.197368 -0.0511433 -0.293818
0.331318 -0.194359 -0.0498238 -0.294221
0.331351 -0.194333 -0.0512033 -0.294149
0.332304 -0.192778 -0.0512364 -0.29433
0.334157 -0.189658 -0.0513781 -0.295446
0.334274 -0.18958 -0.0513165 -0.294685
0.335291 -0.187945 -0.0513596 -0.294869
0.337891 -0.183252 -0.0472232 -0.295588
0.338437 -0.182883 -0.0516342 -0.296946
0.338437 -0.182883 -0.0516342 -0.296946
0.340611 -0.179444 -0.0501698 -0.295184
0.340613 -0.179442 -0.0516017 -0.295857
0.341705 -0.177697 -0.051653 -0.296049
0.342792 -0.175925 -0.0517129 -0.296246
0.346052 -0.170515 -0.0519041 -0.296923
0.346052 -0.170515 -0.0519041 -0.296923
0.34822 -0.166851 -0.0520987 -0.298077
0.348219 -0.16685 -0.0520987 -0.298077
0.348219 -0.16685 -0.0520411 -0.297373
0.349298 -0.164995 -0.052114 -0.297607
0.351433 -0.161187 -0.0524187 -0.298816
0.351434 -0.161189 -0.0523558 -0.298067
0.352498 -0.159246 -0.0524717 -0.298308
0.354366 -0.155467 -0.051096 -0.29882
0.354366 -0.155467 -0.0510344 -0.298015
0.355709 -0.153216 -0.0512073 -0.298291
0.35679 -0.151137 -0.0513154 -0.298523
0.35975 -0.144975 -0.0535794 -0.300821
0.35975 -0.144975 -0.0535794 -0.300821
0.35975 -0.144975 -0.0535794 -0.300821
0.362337 -0.140262 -0.0537723 -0.300609
0.363059 -0.138387 -0.0522123 -0.300893
0.363082 -0.13833 -0.05398 -0.301606
0.364599 -0.135688 -0.0540434 -0.301156
0.36643 -0.131402 -0.0525861 -0.301716
0.36643 -0.131402 -0.054414 -0.30243
0.366857 -0.130945 -0.0543383 -0.301702
0.370923 -0.121526 -0.053179 -0.302882
0.370923 -0.121526 -0.053179 -0.302882
0.370923 -0.121526 -0.053179 -0.302882
0.378217 -0.105512 -0.0558266 -0.3049
0.378217 -0.105512 -0.0558326 -0.304895
0.379306 -0.102982 -0.0559511 -0.305238
0.381397 -0.0979257 -0.05619 -0.305963
0.381397 -0.0979257 -0.05619 -0.305963
0.382403 -0.0954166 -0.056308 -0.306339
0.385248 -0.0878911 -0.0566829 -0.307477
0.385248 -0.0878911 -0.0566829 -0.307477
0.385248 -0.0878911 -0.0566829 -0.307477
0.386531 -0.0836342 -0.055403 -0.308137
0.387016 -0.0828687 -0.0569722 -0.308237
0.387862 -0.0803305 -0.057133 -0.308627
0.388688 -0.0777576 -0.0573483 -0.309005
0.390301 -0.0724993 -0.0578515 -0.309769
0.390301 -0.0724993 -0.0578515 -0.309769
0.391096 -0.0698287 -0.058067 -0.31015
0.392264 -0.064865 -0.0586919 -0.31134
0.392661 -0.0643297 -0.05861 -0.310889
0.393435 -0.0615194 -0.0588647 -0.31127
0.394204 -0.0586501 -0.061144 -0.312127
0.394204 -0.0586501 -0.061144 -0.312127
0.395771 -0.0496992 -0.0600873 -0.313138
0.396143 -0.0465654 -0.0602739 -0.313526
0.398709 -0.0407736 -0.0604587 -0.313896
0.400436 -0.0301826 -0.0595975 -0.315593
0.40142 -0.0285374 -0.061203 -0.315428
0.402054 -0.0254991 -0.061383 -0.315816
0.402767 -0.0202012 -0.0601063 -0.31648
0.402767 -0.0202012 -0.0601063 -0.31648
0.403791 -0.0162994 -0.0619329 -0.316963
0.404379 -0.0113387 -0.0606401 -0.317632
0.404381 -0.0109489 -0.0606401 -0.317632
0.404869 -0.00784799 -0.0607736 -0.317817
0.405771 -0.00384313 -0.0626924 -0.318461
0.406191 0.00161488 -0.0613851 -0.319137
0.406191 0.00161488 -0.0613851 -0.319137
0.406882 0.0104274 -0.063751 -0.320274
0.406882 0.0104274 -0.063751 -0.320274
0.406827 0.012369 -0.0640156 -0.320803
0.406827 0.012369 -0.0640156 -0.320803
0.408829 0.0254502 -0.0646099 -0.32169
0.408829 0.0254502 -0.0646099 -0.32169
0.408702 0.0274073 -0.0630625 -0.322006
0.409102 0.028383 -0.0630625 -0.322006
0.40925 0.0322067 -0.065053 -0.32236
0.409221 0.0377118 -0.063731 -0.323012
0.409154 0.0382128 -0.063715 -0.32302
0.409629 0.0427675 -0.0661127 -0.323318
0.409384 0.0635901 -0.0681324 -0.325247
0.409384 0.0635901 -0.0681324 -0.325247
0.408973 0.0755769 -0.0657174 -0.32648
0.408728 0.0765207 -0.0657618 -0.326461
0.409187 0.0852379 -0.069416 -0.327088
0.409061 0.0856708 -0.0694871 -0.327244
0.408859 0.0889095 -0.0697304 -0.327576
0.408249 0.093732 -0.0686385 -0.328197
0.40848 0.0948195 -0.0701864 -0.328247
0.408022 0.0984245 -0.0703855 -0.328607
0.407277 0.103162 -0.0708566 -0.329266
0.407472 0.104176 -0.0708566 -0.329266
0.406913 0.107714 -0.0710508 -0.32962
0.406481 0.110795 -0.0712781 -0.329942
0.405705 0.116518 -0.0717842 -0.330575
0.405705 0.116518 -0.0717842 -0.330575
0.405005 0.120088 -0.0720158 -0.330892
0.404455 0.123211 -0.0722472 -0.331205
0.402507 0.131672 -0.0713659 -0.332128
0.402628 0.132684 -0.073045 -0.332098
0.402628 0.132684 -0.073045 -0.332098
0.401981 0.135839 -0.0732971 -0.332396
0.400422 0.141281 -0.0721235 -0.333015
0.400518 0.142284 -0.0739065 -0.332964
0.399742 0.145542 -0.0742277 -0.333243
0.398342 0.151669 -0.0749402 -0.333784
0.398342 0.151669 -0.0749402 -0.333784
0.394666 0.163966 -0.0744124 -0.334948
0.394431 0.165608 -0.076144 -0.334892
0.393472 0.168921 -0.0764384 -0.335176
0.391738 0.173883 -0.0753317 -0.335781
0.391428 0.175535 -0.077036 -0.335743
0.390373 0.178811 -0.0773377 -0.336032
0.389274 0.182091 -0.0776422 -0.336317
0.389274 0.182091 -0.0776422 -0.336317
0.38695 0.188679 -0.078261 -0.336896
0.385743 0.191979 -0.0785736 -0.337194
0.383713 0.196838 -0.0775028 -0.337829
0.383713 0.196838 -0.0775028 -0.337829
0.379436 0.208158 -0.0787838 -0.339093
0.379436 0.208158 -0.0801821 -0.338751
0.379436 0.208158 -0.0801821 -0.338751
0.376799 0.214366 -0.0808403 -0.339425
0.376799 0.214366 -0.0808403 -0.339425
0.374667 0.218775 -0.0802134 -0.340463
0.37466 0.218777 -0.0815061 -0.340118
0.372652 0.223413 -0.0818422 -0.34047
0.371188 0.226417 -0.0821812 -0.340833
0.356722 0.253865 -0.0856859 -0.344896
0.356722 0.253865 -0.0856859 -0.344896
0.354617 0.257207 -0.085502 -0.346133
0.354414 0.258028 -0.085502 -0.346133
0.352779 0.260422 -0.0867358 -0.346324
0.350349 0.263769 -0.0860996 -0.34707
0.350157 0.264446 -0.0866366 -0.347589
0.348875 0.266376 -0.0877854 -0.347822
0.346472 0.269522 -0.0871931 -0.348585
0.346286 0.270142 -0.0877729 -0.349127
0.345005 0.271978 -0.0888341 -0.349397
0.342579 0.275008 -0.0889214 -0.349932
0.342576 0.275009 -0.0895388 -0.350486
0.341091 0.2774 -0.0898935 -0.351035
0.339065 0.280034 -0.0899608 -0.351594
0.338623 0.280367 -0.0899608 -0.351594
0.337086 0.282766 -0.0909753 -0.352726
0.33502 0.285374 -0.0904814 -0.35353
0.334549 0.285712 -0.0904814 -0.35353
0.332937 0.288157 -0.0920905 -0.354468
0.330844 0.290744 -0.091622 -0.355286
0.330844 0.290744 -0.091622 -0.355286
0.328664 0.293562 -0.0932457 -0.356272
0.327184 0.295373 -0.0936413 -0.356893
0.326484 0.296138 -0.0928054 -0.357117
0.324691 0.298684 -0.0944485 -0.358146
0.322646 0.300837 -0.0948604 -0.358789
0.321086 0.302666 -0.0948286 -0.359634
0.320073 0.304156 -0.0948092 -0.360477
0.314788 0.309951 -0.0966075 -0.362278
0.313221 0.311728 -0.0974437 -0.362797
0.313221 0.311728 -0.0974437 -0.362797
0.312517 0.312424 -0.0966375 -0.363018
0.312172 0.313186 -0.0978909 -0.363502
0.310046 0.315202 -0.0983459 -0.364234
0.307668 0.317598 -0.0989835 -0.365899
0.30735 0.318264 -0.0992831 -0.365762
0.305347 0.319612 -0.0994643 -0.366665
0.298361 0.326934 -0.101745 -0.369758
0.298361 0.326934 -0.101745 -0.369758
0.295673 0.32982 -0.102597 -0.371569
0.295098 0.33008 -0.102597 -0.371569
0.293452 0.331605 -0.10329 -0.372374
0.291092 0.333704 -0.103044 -0.373512
0.290464 0.333971 -0.103052 -0.373512
0.287825 0.336593 -0.105424 -0.376139
0.286805 0.337754 -0.10469 -0.376349
0.28561 0.338237 -0.105969 -0.377115
0.283673 0.340208 -0.106517 -0.378097
0.281096 0.342614 -0.107746 -0.380122
0.280466 0.342847 -0.10763 -0.380181
0.278883 0.344124 -0.108193 -0.381242
0.276711 0.345823 -0.108138 -0.382526
0.276021 0.346063 -0.109335 -0.383463
0.275693 0.346586 -0.109335 -0.383463
0.272565 0.348945 -0.110496 -0.385765
0.270505 0.350459 -0.110126 -0.387312
0.269485 0.351201 -0.111675 -0.388124
0.267543 0.352635 -0.111783 -0.38948
0.266885 0.352836 -0.112869 -0.3906
0.263672 0.355361 -0.114078 -0.393167
0.263672 0.355361 -0.114078 -0.393167
0.260941 0.35723 -0.116035 -0.395428
0.26093 0.35723 -0.115302 -0.395805
0.259608 0.358111 -0.11592 -0.397164
0.257005 0.359754 -0.118042 -0.399518
0.257005 0.359754 -0.118042 -0.399518
0.255752 0.360532 -0.118725 -0.400914
0.254249 0.361444 -0.120092 -0.403801
0.254249 0.361444 -0.120092 -0.403801
0.252151 0.362667 -0.119706 -0.405827
0.25194 0.362808 -0.119486 -0.405894
0.249879 0.363939 -0.120991 -0.408875
0.248773 0.364517 -0.121638 -0.410475
0.248655 0.364593 -0.121522 -0.410511
0.246672 0.365583 -0.122941 -0.413682
0.245657 0.366077 -0.123589 -0.415345
0.245657 0.366077 -0.123589 -0.415345
0.243805 0.366947 -0.124912 -0.418687
0.243005 0.367278 -0.125678 -0.420392
0.242784 0.367557 -0.125678 -0.420392
0.241281 0.368014 -0.126898 -0.423917
0.241432 0.367912 -0.12709 -0.42386
0.240037 0.368406 -0.128507 -0.427436
0.239343 0.36852 -0.128507 -0.427436
0.238531 0.368952 -0.12956 -0.431217
0.238276 0.368872 -0.130637 -0.432996
0.237576 0.36898 -0.133206 -0.433841
0.236918 0.369283 -0.131556 -0.436911
0.236474 0.369322 -0.132064 -0.436757
0.235729 0.369305 -0.133546 -0.442845
0.235597 0.369056 -0.136968 -0.44347
0.235438 0.369247 -0.134208 -0.444827
0.235235 0.369178 -0.134866 -0.446794
0.235685 0.368638 -0.136329 -0.448605
0.235685 0.368638 -0.136329 -0.448605
0.2347 0.368498 -0.137459 -0.454914
0.2347 0.368498 -0.137459 -0.454914
0.234681 0.368022 -0.139012 -0.456601
0.234689 0.368022 -0.135658 -0.458163
0.235602 0.367179 -0.140347 -0.46072
0.23479 0.36739 -0.143484 -0.461483
0.234912 0.367027 -0.140484 -0.465243
0.235257 0.366207 -0.141709 -0.469438
0.235257 0.366207 -0.141709 -0.469438
0.236285 0.365545 -0.142314 -0.471525
0.242458 0.359196 -0.13598 -0.489041
0.24224 0.359228 -0.142878 -0.490521
0.243964 0.357967 -0.143971 -0.490943
0.244 0.357962 -0.14397 -0.490943
0.244541 0.357216 -0.142862 -0.493207
0.246107 0.355883 -0.141648 -0.494893
0.246141 0.355878 -0.141644 -0.494893
0.246515 0.355008 -0.143615 -0.496125
0.247983 0.353649 -0.142458 -0.497735
0.248008 0.353646 -0.142458 -0.497735
0.248247 0.352742 -0.144477 -0.498961
0.249799 0.351159 -0.145008 -0.500829
0.249811 0.351157 -0.14501 -0.500829
0.24982 0.350472 -0.145231 -0.501712
0.251609 0.348253 -0.146924 -0.503172
0.250999 0.348332 -0.146924 -0.503172
0.250999 0.348332 -0.146924 -0.503172
0.251667 0.347334 -0.145747 -0.505165
0.253024 0.345859 -0.146994 -0.505494
0.253024 0.345859 -0.146994 -0.505494
0.252948 0.344841 -0.145162 -0.507266
0.254517 0.342981 -0.146317 -0.507676
0.253827 0.343074 -0.146317 -0.507676
0.254314 0.342182 -0.144107 -0.509682
0.256 0.340168 -0.142092 -0.51112
0.256 0.340168 -0.142092 -0.51112
0.255741 0.339293 -0.14246 -0.512029
0.257962 0.335166 -0.139588 -0.514896
0.258907 0.334436 -0.141067 -0.514489
0.258907 0.334436 -0.141067 -0.514489
0.260428 0.331624 -0.138297 -0.516595
0.261463 0.330119 -0.13599 -0.517284
0.262134 0.329097 -0.135492 -0.517783
0.262919 0.327449 -0.137177 -0.518168
0.263271 0.326934 -0.134575 -0.518932
0.263834 0.325853 -0.134051 -0.5194
0.264544 0.324166 -0.135519 -0.519638
0.2649 0.323628 -0.13292 -0.520375
0.26545 0.322514 -0.134306 -0.520014
0.267093 0.319088 -0.13026 -0.522105
0.267093 0.319088 -0.13026 -0.522105
0.267093 0.319088 -0.13026 -0.522105
0.268938 0.315734 -0.128178 -0.523088
0.268938 0.315734 -0.128178 -0.523088
0.270732 0.313362 -0.126589 -0.523487
0.270092 0.313478 -0.126592 -0.523486
0.270092 0.313478 -0.126592 -0.523486
0.270547 0.311712 -0.127177 -0.52334
0.270547 0.311712 -0.127177 -0.52334
0.271384 0.309729 -0.123703 -0.524158
0.274401 0.30246 -0.116792 -0.525601
0.274766 0.30181 -0.116792 -0.525601
0.276269 0.29981 -0.117142 -0.525393
0.275773 0.299912 -0.117142 -0.525393
0.276776 0.29796 -0.113827 -0.526037
0.278506 0.295215 -0.114259 -0.525863
0.278506 0.295215 -0.114259 -0.525863
0.279824 0.293191 -0.114693 -0.525654
0.279088 0.292742 -0.114798 -0.52569
0.279638 0.29144 -0.10946 -0.526575
0.280844 0.289384 -0.109973 -0.526368
0.281271 0.288551 -0.10998 -0.526366
0.280988 0.287351 -0.106942 -0.526795
0.281878 0.284571 -0.105206 -0.526924
0.281882 0.28457 -0.105209 -0.526923
0.283076 0.282455 -0.103392 -0.526955
0.283076 0.282455 -0.103392 -0.526955
0.283227 0.280325 -0.102444 -0.526929
0.28403 0.277374 -0.1026 -0.526527
0.28403 0.277374 -0.100412 -0.526821
0.28446 0.275888 -0.0993577 -0.526742
0.285275 0.272842 -0.0993354 -0.526263
0.285275 0.272842 -0.0971494 -0.526528
0.285693 0.270755 -0.0974253 -0.526134
0.286829 0.269003 -0.0962503 -0.525971
0.286561 0.268201 -0.0936558 -0.526047
0.286986 0.266085 -0.0938584 -0.525587
0.286986 0.266085 -0.0917127 -0.5258
0.288525 0.263259 -0.0899374 -0.525343
0.289554 0.257036 -0.0848198 -0.524163
0.289554 0.257036 -0.0848198 -0.524163
0.29051 0.253914 -0.0844054 -0.523373
0.29051 0.253914 -0.0824324 -0.5235
0.290968 0.251816 -0.0819878 -0.522641
0.291331 0.2508 -0.0819878 -0.522641
0.291715 0.249245 -0.0789471 -0.522343
0.292352 0.246094 -0.0784479 -0.521378
0.292352 0.246094 -0.0766307 -0.521454
0.293638 0.242712 -0.0768254 -0.520794
0.293638 0.242712 -0.0768254 -0.520794
0.293285 0.241361 -0.0731618 -0.519978
0.293559 0.239766 -0.0719735 -0.519434
0.293559 0.239766 -0.0719735 -0.519434
0.294749 0.23627 -0.072107 -0.518671
0.294749 0.23627 -0.072107 -0.518671
0.294857 0.231644 -0.065813 -0.516448
0.295443 0.230896 -0.0671384 -0.516272
0.295737 0.229815 -0.0646691 -0.515879
0.295422 0.228414 -0.0635009 -0.515216
0.295753 0.225095 -0.0610546 -0.513723
0.295753 0.225095 -0.0610546 -0.513723
0.295927 0.223426 -0.0598238 -0.512986
0.296084 0.22174 -0.0585538 -0.512191
0.296084 0.22174 -0.0585538 -0.512191
0.296617 0.218825 -0.0599117 -0.511093
0.296617 0.218825 -0.0599117 -0.511093
0.297367 0.209957 -0.0498027 -0.506385
0.297367 0.209957 -0.0498027 -0.506385
0.297757 0.206759 -0.0489431 -0.504715
0.297757 0.206759 -0.0489431 -0.504715
0.29792 0.205174 -0.0463536 -0.503709
0.29809 0.201983 -0.0441058 -0.501774
0.29809 0.201983 -0.0441058 -0.501774
0.298179 0.200391 -0.0430117 -0.500819
0.29826 0.197179 -0.0418358 -0.499571
0.29826 0.197179 -0.0408001 -0.498758
0.298316 0.195572 -0.0397144 -0.497731
0.298811 0.193221 -0.0398531 -0.496546
0.29897 0.192008 -0.0385759 -0.496402
0.298362 0.190693 -0.0364269 -0.494431
0.298816 0.188319 -0.0365591 -0.49319
0.298955 0.187075 -0.0365591 -0.49319
0.29832 0.185751 -0.0331377 -0.490939
0.298734 0.183356 -0.0332617 -0.489644
0.298734 0.183356 -0.0332617 -0.489644
0.298195 0.180755 -0.0298475 -0.487251
0.298134 0.179081 -0.0287526 -0.485968
0.29857 0.178348 -0.0299628 -0.485889
0.297989 0.17572 -0.0265716 -0.483344
0.297663 0.169002 -0.023241 -0.47895
0.297663 0.169002 -0.0223147 -0.477978
0.297693 0.167379 -0.0213599 -0.476779
0.297656 0.16692 -0.0213419 -0.47649
0.297962 0.161957 -0.0179178 -0.471638
0.297859 0.161549 -0.0171569 -0.470428
0.297422 0.161816 -0.0171569 -0.470428
0.29743 0.160696 -0.0171569 -0.470428
0.297737 0.157473 -0.0157425 -0.467874
0.29722 0.156685 -0.0157425 -0.467874
0.297028 0.155219 -0.0150488 -0.466492
0.297127 0.153061 -0.0136447 -0.46364
0.296573 0.153421 -0.0136447 -0.46364
0.296316 0.150789 -0.0129491 -0.462249
0.295751 0.147795 -0.0115126 -0.459227
0.295754 0.147793 -0.0115126 -0.459227
0.295237 0.144771 -0.0100678 -0.456227
0.295237 0.144771 -0.0100678 -0.456227
0.294597 0.14138 -0.00971922 -0.453149
0.294597 0.14138 -0.00971922 -0.453149
0.294597 0.14138 -0.00971922 -0.453149
0.294289 0.135175 -0.00706847 -0.447298
0.294289 0.135175 -0.00706847 -0.447298
0.293594 0.133045 -0.00492019 -0.444349
0.29328 0.131655 -0.00439307 -0.442774
0.293572 0.130993 -0.00540762 -0.442757
0.292708 0.129976 -0.00408485 -0.439836
0.29219 0.12746 -0.00283695 -0.438004
0.292477 0.126797 -0.00232076 -0.436349
0.290182 0.115955 5.5471e-06 -0.426777
0.290028 0.115218 0.000434801 -0.425956
0.289925 0.114061 0.000494652 -0.424872
0.289959 0.112357 -0.000370698 -0.423667
0.289631 0.112646 -0.000370698 -0.423667
0.289192 0.11081 0.000507246 -0.421192
0.288508 0.108697 0.000513759 -0.418586
0.288508 0.108697 0.000513759 -0.418586
0.288194 0.106222 0.000185806 -0.41611
0.288194 0.106222 0.000185806 -0.41611
0.287492 0.105469 0.000602622 -0.41462
0.287304 0.103768 -0.000226739 -0.413143
0.287304 0.103768 -0.000226739 -0.413143
0.286219 0.102111 0.000829179 -0.410057
0.285703 0.0993531 6.37002e-05 -0.40845
0.285703 0.0993531 6.37002e-05 -0.40845
0.284826 0.0985545 0.00128273 -0.40515
0.284345 0.0973276 0.00147304 -0.403438
0.283843 0.0960829 0.00167733 -0.401661
0.283529 0.0941956 0.00153003 -0.399621
0.283529 0.0941956 0.00213246 -0.397997
0.282635 0.0932835 0.00237908 -0.396206
0.281796 0.0909541 0.0026145 -0.394353
0.280748 0.0883486 0.00255851 -0.392188
0.280748 0.0883486 0.00255851 -0.392188
0.280438 0.0864167 0.00352582 -0.387006
0.280626 0.0857909 0.0026491 -0.387007
0.279179 0.0844577 0.00312183 -0.38547
0.278689 0.0831777 0.00386721 -0.38343
0.278318 0.0813037 0.00359259 -0.381318
0.277953 0.0817134 0.00359259 -0.381318
0.276972 0.0794165 0.00420594 -0.377602
0.276536 0.0775688 0.00346324 -0.375635
0.276539 0.0775667 0.00395435 -0.375401
0.275162 0.0757104 0.00448733 -0.371706
0.27471 0.0738818 0.00421784 -0.369495
0.273324 0.0720623 0.00414031 -0.36604
0.273324 0.0720623 0.00414031 -0.36604
0.272603 0.0706201 0.00366481 -0.362518
0.272603 0.0706201 0.00366481 -0.362518
0.271583 0.0685104 0.00418016 -0.360365
0.271422 0.0664037 0.00333234 -0.35858
0.271135 0.0667747 0.00383027 -0.358314
0.269742 0.0651147 0.00442826 -0.3545
0.268902 0.0638626 0.00388018 -0.352354
0.268426 0.0629166 0.00413646 -0.350562
0.267789 0.0618239 0.00399293 -0.348658
0.267433 0.0603349 0.00382697 -0.346731
0.266663 0.0598569 0.00422606 -0.346508
0.266513 0.0596627 0.00346085 -0.346508
0.265795 0.0579052 0.00229476 -0.342777
0.264489 0.0565051 0.00263296 -0.342587
0.263961 0.0548936 0.00201513 -0.337127
0.263206 0.0544216 0.00237843 -0.336911
0.262588 0.0533943 0.00224543 -0.333454
0.262052 0.0518294 0.00131978 -0.330018
0.261323 0.0513916 0.00165003 -0.329815
0.26081 0.04986 0.000623686 -0.328051
0.260072 0.0494484 0.000917079 -0.327873
0.25945 0.0484969 0.000617027 -0.324503
0.258904 0.0470169 -0.000460654 -0.322719
0.258159 0.0466365 -0.000200017 -0.322559
0.257536 0.0457139 -0.000575564 -0.31921
0.256902 0.0448035 -0.000999548 -0.319037
0.256289 0.0438982 -0.00142044 -0.315779
0.25574 0.042477 -0.00253624 -0.314051
0.255096 0.0415981 -0.00303967 -0.310817
0.255096 0.0415981 -0.00303967 -0.310817
0.2538 0.0403846 -0.00325765 -0.309028
0.252561 0.0386872 -0.00423906 -0.305762
0.252561 0.0386872 -0.00423906 -0.305762
0.25196 0.0378473 -0.00473862 -0.304184
0.252032 0.0373257 -0.0053821 -0.304167
0.250758 0.0361966 -0.00579363 -0.300999
0.249964 0.0349629 -0.00782655 -0.296671
0.249964 0.0349629 -0.00782655 -0.296671
0.248665 0.0327172 -0.00846451 -0.296646
0.248647 0.0327335 -0.00793174 -0.295027
0.248079 0.0316935 -0.00908731 -0.293649
0.247918 0.0320187 -0.0090724 -0.292214
0.246893 0.0307342 -0.00968998 -0.290741
0.245177 0.0285728 -0.0115505 -0.28633
0.245177 0.0285728 -0.0115505 -0.28633
0.245177 0.0285728 -0.0115505 -0.28633
0.244706 0.0273387 -0.0127386 -0.284938
0.244562 0.0276474 -0.0125885 -0.28483
0.243559 0.0264194 -0.0133853 -0.282148
0.243042 0.0252264 -0.0146182 -0.280678
0.242896 0.0255511 -0.0144862 -0.280582
0.241888 0.0243311 -0.0153129 -0.277891
0.241346 0.0236365 -0.015951 -0.276512
0.240322 0.0217648 -0.0180021 -0.272664
0.240322 0.0217648 -0.0180021 -0.272664
0.239514 0.0204035 -0.0182845 -0.272381
0.239514 0.0204035 -0.0182845 -0.272381
0.239346 0.0203934 -0.0190495 -0.271296
0.237843 0.0186632 -0.0212531 -0.266829
0.237447 0.018269 -0.0210553 -0.266679
0.237447 0.018269 -0.0210553 -0.266679
0.236196 0.016163 -0.0228078 -0.264399
0.236196 0.016163 -0.0228078 -0.264399
0.236222 0.0156799 -0.0233633 -0.264344
0.236046 0.0161457 -0.0237587 -0.262441
0.235274 0.0151859 -0.0243202 -0.261348
0.234875 0.0141164 -0.0255363 -0.260228
0.234784 0.0143654 -0.0257544 -0.259241
0.234351 0.013776 -0.0264434 -0.258186
0.233566 0.0128662 -0.0270476 -0.257073
0.233566 0.0128662 -0.0270476 -0.257073
0.233168 0.011814 -0.0284476 -0.255149
0.232365 0.0106658 -0.029553 -0.254037
0.231981 0.0105603 -0.0296636 -0.253172
0.231625 0.0099843 -0.0303051 -0.252272
0.231281 0.00894788 -0.0314848 -0.251305
0.230931 0.0088593 -0.0315972 -0.250516
0.230603 0.00830503 -0.0322355 -0.249683
0.230281 0.00729115 -0.0334059 -0.248776
0.230001 0.0070566 -0.0334059 -0.248776
0.229643 0.00668706 -0.0341536 -0.247278
0.229352 0.00568276 -0.0353025 -0.246451
0.229065 0.00561923 -0.0354063 -0.245809
0.228798 0.0050902 -0.0360201 -0.245127
0.228331 0.0039315 -0.0371034 -0.244345
0.228298 0.00404491 -0.0371034 -0.244345
0.228068 0.00352882 -0.0378363 -0.243246
0.22784 0.00255532 -0.0389509 -0.242574
0.227413 0.00202059 -0.0395234 -0.241978
0.227413 0.00202059 -0.0395234 -0.241978
0.227218 0.00152153 -0.0402259 -0.241033
0.226873 0.000525562 -0.0412841 -0.240436
0.226873 0.000525562 -0.0412841 -0.240436
0.226722 3.07786e-05 -0.0419326 -0.2397
0.226584 -0.000460245 -0.0424891 -0.239318
0.226457 -0.000947045 -0.0430417 -0.238964
0.226236 -0.0019085 -0.0441354 -0.23833
0.226224 -0.00237256 -0.0446404 -0.238229
0.226224 -0.00237296 -0.0446871 -0.238052
0.226053 -0.00285449 -0.0452168 -0.237782
0.225982 -0.00332739 -0.0457445 -0.237556
0.225877 -0.00519617 -0.0477741 -0.237051
0.225841 -0.00521075 -0.0477741 -0.237051
0.225804 -0.00611869 -0.0488105 -0.236775
0.225804 -0.00611869 -0.0488105 -0.236775
0.22581 -0.00656682 -0.0493154 -0.236706
0.225803 -0.00749015 -0.0503118 -0.236563
0.225809 -0.00751807 -0.0502914 -0.23668
0.225894 -0.00793947 -0.0507766 -0.236698
0.225937 -0.0083912 -0.0512625 -0.236731
0.225937 -0.0083912 -0.0512625 -0.236731
0.226007 -0.00920695 -0.0522438 -0.236623
0.226083 -0.0102621 -0.0536698 -0.236566
0.226083 -0.0102621 -0.0536698 -0.236566
0.226052 -0.0107481 -0.0541948 -0.23644
0.226128 -0.0108897 -0.0545745 -0.236527
0.226128 -0.0108897 -0.054522 -0.236491
0.226151 -0.0111877 -0.0549729 -0.236401
0.226174 -0.0114771 -0.0554212 -0.2363
0.22614 -0.0119708 -0.0559499 -0.236173
0.226213 -0.0128044 -0.0572875 -0.235802
0.226213 -0.0128044 -0.0572875 -0.235802
0.226213 -0.0128044 -0.0572875 -0.235802
0.226157 -0.0134922 -0.0586966 -0.235387
0.226362 -0.0133556 -0.0586966 -0.235387
0.226362 -0.0133556 -0.0586966 -0.235387
0.226392 -0.0136112 -0.0590354 -0.23521
0.226491 -0.014295 -0.0599046 -0.234871
0.226491 -0.014295 -0.0599046 -0.234871
0.226377 -0.0144415 -0.0603281 -0.234726
0.226477 -0.0151223 -0.0611949 -0.234333
0.226477 -0.0151223 -0.0611949 -0.234333
0.226585 -0.0151199 -0.061514 -0.234102
0.226575 -0.0158723 -0.0624763 -0.233759
0.226575 -0.0158723 -0.0624763 -0.233759
0.226721 -0.0160476 -0.0627932 -0.233509
0.226718 -0.0161182 -0.0632159 -0.23331
0.226752 -0.0163683 -0.0636397 -0.233105
0.226704 -0.0169442 -0.0644855 -0.232688
0.226818 -0.0168699 -0.0644855 -0.232688
0.226851 -0.0171215 -0.0649075 -0.232477
0.22697 -0.0178432 -0.0656436 -0.232491
0.22697 -0.0178432 -0.0656436 -0.232491
0.227004 -0.0180652 -0.0659727 -0.232685
0.227016 -0.0189481 -0.0668302 -0.232832
0.227138 -0.01887 -0.0667054 -0.232755
0.227203 -0.019224 -0.0668726 -0.233905
0.227275 -0.0196479 -0.0671606 -0.234488
0.227347 -0.0200884 -0.0674489 -0.235144
0.227421 -0.0205451 -0.06791 -0.234926
0.227495 -0.021016 -0.0680375 -0.236651
0.22757 -0.0215033 -0.0683415 -0.237489
0.227594 -0.0225589 -0.0691588 -0.238189
0.227699 -0.0224932 -0.0690885 -0.238296
0.227798 -0.0230615 -0.0693095 -0.240299
0.227875 -0.0236149 -0.0696531 -0.241327
0.227906 -0.0247851 -0.0705617 -0.242229
0.227906 -0.0247851 -0.0705617 -0.242229
0.228105 -0.0253685 -0.0708436 -0.243467
0.228181 -0.0259823 -0.0712333 -0.244614
0.228189 -0.0271103 -0.072147 -0.246848
0.228189 -0.0271103 -0.072147 -0.246848
0.228406 -0.0279225 -0.0724394 -0.249493
0.22841 -0.0290964 -0.0734525 -0.250615
0.22841 -0.0290964 -0.0734525 -0.250615
0.2287 -0.031203 -0.0749196 -0.253289
0.2287 -0.031203 -0.0748721 -0.253477
0.2287 -0.031203 -0.0748721 -0.253477
0.228846 -0.0322869 -0.0754252 -0.257614
0.228902 -0.0335203 -0.0765577 -0.260501
0.228902 -0.0335203 -0.0765577 -0.260501
0.229053 -0.0347164 -0.0771518 -0.261969
0.229119 -0.0355644 -0.0777635 -0.263454
0.22919 -0.0373473 -0.078955 -0.264781
0.22919 -0.0373473 -0.078955 -0.264781
0.229159 -0.0377837 -0.0797323 -0.267785
0.229363 -0.0391411 -0.080396 -0.269528
0.229274 -0.0396039 -0.0809585 -0.269353
0.229471 -0.0410424 -0.0818245 -0.272631
0.22952 -0.042021 -0.0825669 -0.274194
0.22951 -0.0434525 -0.0838917 -0.275586
0.22951 -0.0434525 -0.0838917 -0.275586
0.229649 -0.0450671 -0.0849069 -0.278916
0.229586 -0.0465697 -0.0862889 -0.280313
0.229617 -0.0465533 -0.086656 -0.281904
0.229748 -0.0482954 -0.0874132 -0.28366
0.229773 -0.0494143 -0.0882826 -0.285248
0.229693 -0.0498404 -0.088925 -0.285092
0.22981 -0.0517118 -0.0901629 -0.288253
0.22981 -0.0517118 -0.0901629 -0.288253
0.229747 -0.0539876 -0.0920128 -0.291417
0.229636 -0.0544169 -0.0925778 -0.291231
0.22982 -0.0565426 -0.0938357 -0.294722
0.229716 -0.0589687 -0.0958892 -0.297674
0.229716 -0.0589687 -0.0958892 -0.297674
0.229765 -0.0603796 -0.0968091 -0.299381
0.229677 -0.0622428 -0.0983902 -0.300727
0.229683 -0.0622401 -0.0989336 -0.302291
0.229652 -0.0644175 -0.0998915 -0.303963
0.229599 -0.0658098 -0.10094 -0.305471
0.229471 -0.0662181 -0.101428 -0.305426
0.229469 -0.0686574 -0.103066 -0.308447
0.229391 -0.0701132 -0.104142 -0.309914
0.229257 -0.0705149 -0.104707 -0.309716
0.229206 -0.0730894 -0.106318 -0.312812
0.229099 -0.0746099 -0.107416 -0.314238
0.228902 -0.0766892 -0.109017 -0.315582
0.228902 -0.0766892 -0.108979 -0.315574
