46.3241 53.6384 -33.2043 51.1354
46.0396 53.5603 -34.1273 52.1657
45.8068 53.5429 -35.0709 53.2324
45.5741 53.5255 -36.0155 54.3115
47.5881 52.7979 -34.0378 54.3963
47.6556 49.2754 -34.6948 51.0072
48.1241 48.2156 -33.6945 50.4664
48.7094 47.9488 -34.6389 51.5456
49.7823 45.0221 -34.0484 49.1099
50.9819 42.7665 -31.4331 46.7507
50.7494 42.7492 -32.3768 47.8301
53.3437 37.7832 -31.7864 43.9744
54.4338 35.1643 -29.6355 41.7038
55.3034 34.795 -31.0054 43.2356
56.4451 29.797 -30.5922 39.1109
57.5992 24.6526 -28.6114 34.1813
57.2107 24.6647 -29.9778 35.7143
59.0895 21.6307 -29.803 34.0632
60.0557 16.5933 -29.2393 29.3647
59.668 16.6056 -29.1676 30.402
58.8939 16.7442 -30.5295 31.9377
29.9563 -6.41611 -16.261 -4.63448
29.4017 -6.35252 -18.0052 -2.67076
26.1017 -8.70414 -19.2398 -2.53528
25.5479 -8.63969 -20.4892 -2.23956
23.9431 -9.7617 -21.2292 -2.67459
22.5918 -9.44494 -22.9686 -0.71681
21.526 -11.9629 -21.8446 -4.299
20.6565 -13.0186 -21.7789 -5.46382
20.1026 -12.9551 -23.5146 -3.48996
19.0257 -15.8158 -21.854 -7.14872
18.0793 -16.4689 -17.9717 -14.1326
17.3433 -16.3359 -20.0734 -11.7691
16.5506 -18.2339 -19.715 -11.9974
16.3499 -18.6309 -21.8316 -9.65642
16.2854 -19.0846 -22.3189 -10.4719
16.4268 -19.469 -22.2944 -10.9673
15.6931 -19.334 -24.3886 -8.59819
19.1478 -20.44 -20.7382 -15.1492
18.4151 -20.3038 -22.7334 -14.1802
18.1725 -19.7798 -19.9733 -14.698
18.0096 -19.4406 -20.4392 -14.427
19.0062 -18.2545 -18.143 -17.1755
18.0764 -18.0359 -20.5739 -14.4412
17.1466 -17.8173 -23.0047 -11.7068
16.1122 -16.1721 -23.0864 -9.83715
15.1305 -15.1719 -25.4425 -8.20266
13.7868 -14.0391 -25.1814 -7.7695
12.8571 -13.8197 -27.6077 -5.03212
12.0506 -11.6846 -25.204 -7.75734
11.1209 -11.4648 -27.5172 -6.58619
10.2943 -10.1356 -27.6708 -6.03634
9.56985 -8.74417 -27.491 -5.80594
8.43048 -8.42781 -30.2386 -2.73945
8.15903 -5.78784 -27.4564 -4.57384
8.32568 -4.61025 -26.8878 -6.24112
7.09643 -2.88649 -26.5542 -4.32086
6.49874 -1.3892 -26.4693 -3.6246
6.08216 0.0037739 -25.7256 -5.4146
5.71448 1.42477 -28.4608 -2.34306
5.24345 2.85443 -25.0732 -2.89975
6.49365 6.23799 -18.2382 -8.20405
5.12816 6.66632 -21.2777 -4.83691
3.76267 7.09465 -24.3173 -1.46978
3.00254 9.22829 -24.6054 -2.37545
1.63622 9.657 -27.6395 0.994624
2.4004 10.4188 -24.4452 0.588928
1.92928 11.5705 -24.7367 1.70196
0.566926 11.9987 -27.7679 5.08238
1.75251 13.4436 -23.7736 2.09824
1.86366 14.2395 -23.0116 1.99533
6.1239 15.6188 -12.9898 -6.01575
4.52066 16.1714 -16.2999 -2.37776
8.88291 14.5989 -9.82437 -7.7412
7.27644 15.1507 -13.1246 -4.10221
6.70025 14.6716 -15.4387 -1.61297
5.09345 15.2233 -18.7375 2.02605
4.32826 14.9741 -19.0321 2.55391
3.91916 15.1133 -22.3296 6.19289
2.31457 15.6644 -25.6255 9.83594
9.17168 12.4075 -26.9924 6.9797
7.49453 12.6103 -30.3286 9.94175
8.08216 12.1149 -20.8915 7.81549
6.23277 12.8023 -24.449 11.6941
8.83445 11.0325 -22.0955 10.1609
6.9849 11.719 -25.6519 14.0383
6.57046 11.4392 -24.8145 15.437
6.49752 11.2178 -28.2383 17.2677
6.60952 11.019 -28.9136 18.5253
7.07814 10.7454 -32.3267 20.298
7.46166 10.608 -29.1107 20.077
13.2035 8.54145 -28.3236 15.9179
11.1048 9.3752 -32.1131 20.0121
9.00623 10.2089 -35.9027 24.1063
11.3485 9.17462 -25.4269 19.2961
9.24972 10.0075 -29.2202 23.3846
9.83748 9.58048 -28.6745 23.0657
13.4583 8.38897 -23.4017 18.8588
11.3594 9.2205 -27.1919 22.9462
18.1328 6.38509 -12.8187 8.40841
21.0941 5.51669 -16.5995 12.4972
18.9326 6.3852 -20.4343 16.6321
20.8334 5.00946 -15.0334 13.6604
20.7458 5.24288 -15.6271 14.3365
18.4295 5.65372 -19.6299 18.6097
18.2007 5.5221 -20.7764 20.2416
18.5333 5.11617 -20.388 18.127
18.741 4.9307 -20.9255 21.0761
18.878 4.84611 -21.2788 23.9616
28.4149 -0.00092572 -7.69655 9.04509
26.0605 0.983485 -11.687 13.3151
23.6626 1.99724 -15.711 17.6128
26.1997 -0.483276 -13.0079 14.5744
23.5868 0.66847 -17.1896 19.0127
21.0207 1.14491 -21.3748 23.4479
22.1487 0.535323 -20.3331 22.3626
21.8943 0.407438 -20.6625 22.5622
19.3006 1.26717 -24.8431 26.9967
21.4258 0.641922 -21.7994 24.4705
21.4783 0.557042 -21.6318 24.3888
21.5545 0.823849 -25.8075 28.8228
24.2115 -0.458201 -17.1164 20.3434
23.8721 -0.11204 -21.2728 22.4797
20.9982 1.22758 -21.8143 25.5938
20.4157 1.55648 -22.5824 26.619
17.5434 2.88954 -26.9179 31.2019
20.2729 1.87179 -22.0609 26.3001
20.4236 1.97408 -21.334 25.6142
20.5854 2.20345 -20.6618 25.194
20.4822 2.55619 -20.5563 25.4747
17.6091 3.89198 -24.8912 30.0486
17.5675 3.68032 -28.9524 31.6018
20.3811 3.08949 -14.2429 19.2758
17.2478 4.61817 -18.7147 23.9767
19.9988 3.91071 -18.9944 27.0519
19.3919 4.33181 -19.298 24.9995
19.4232 4.26412 -18.4801 23.8065
19.3258 4.50526 -22.9511 28.5022
18.9822 4.90397 -18.2378 23.8716
19.0267 4.94626 -17.3047 20.1873
18.7152 5.30569 -17.6087 23.2763
18.4441 5.47744 -17.5506 23.1762
26.0022 1.68389 -5.68181 12.7634
22.6042 3.42356 -10.0688 15.1144
21.3945 3.8326 -11.2706 15.984
20.5815 3.90702 -11.711 13.9128
19.4266 4.34549 -13.2914 17.5494
18.3663 4.60241 -14.4633 18.4985
17.6926 4.66653 -14.9056 18.551
16.7482 4.40352 -15.7858 16.9433
15.8037 5.34352 -16.9014 20.4
20.3231 2.4972 -9.78639 12.2357
16.7038 4.42774 -14.4341 17.0987
13.051 6.38479 -19.0894 21.9784
9.39749 8.34721 -23.5326 24.4422
11.0273 7.18662 -20.7305 23.1867
10.656 7.37612 -20.1406 19.4848
7.00366 9.33676 -24.7867 24.3642
6.55568 9.74275 -20.5669 22.7642
14.9837 6.01073 -12.1083 13.4148
11.3872 7.27213 -16.7484 18.2904
7.73575 9.22805 -21.3884 23.166
10.3593 8.71161 -16.4256 17.3152
6.45284 10.9081 -21.1453 22.2482
9.39969 9.51836 -16.5952 20.6458
5.56247 10.8959 -21.0052 22.1297
5.00658 11.4778 -20.7886 21.7571
8.50611 9.05289 -10.7344 11.0142
7.88827 10.1799 -15.4373 15.9484
3.98471 12.3717 -20.1397 20.8827
3.34939 11.5236 -20.0525 16.9834
3.1243 12.518 -24.7433 21.9238
2.52638 13.0826 -19.9208 19.7741
2.44455 12.5774 -14.3659 13.7623
1.85145 13.8673 -19.1155 18.734
1.4323 14.1933 -18.9102 18.3617
-2.71521 16.6381 -18.4487 21.2815
0.965972 14.6635 -18.0284 17.1158
5.05624 13.2959 -17.1946 15.909
0.99683 14.7321 -16.5223 15.066
0.614668 15.0767 -16.5169 15.1015
8.61324 10.1469 -6.01267 3.49518
4.3134 12.7565 -10.7607 8.47812
-0.0731962 15.4651 -15.5223 13.4668
2.99521 13.1087 -15.8852 10.3407
-1.38866 15.8137 -16.189 13.5697
-1.85589 15.9568 -16.2852 13.4427
-1.8802 15.8366 -15.7294 12.5299
-2.35527 16.2189 -15.9331 12.8298
-6.73921 18.9206 -20.6815 17.8184
4.58013 10.7682 -8.69242 9.6259
0.198759 13.4642 -13.4449 14.6058
-4.3121 16.3243 -18.2049 19.5831
-1.70822 13.9841 -14.9173 12.8959
-6.31819 16.9685 -19.4259 15.4725
-6.69959 16.8712 -19.3141 14.8017
-6.82299 18.4097 -24.0575 19.7861
-7.0447 17.2245 -18.9178 14.423
-2.21288 15.5699 -12.5116 4.72084
-6.53731 15.7122 -17.2406 9.70791
-11.14 18.6911 -21.9696 14.695
4.47921 8.57697 -6.56966 1.24546
3.61483 8.58976 -11.2906 6.21355
2.27653 9.09213 -5.60885 2.16884
-2.32797 10.2631 -10.3268 7.11727
0.239249 9.61529 -7.89005 4.49952
-4.3663 10.8459 -12.6054 9.44671
-1.51999 10.1834 -13.6539 8.06846
-6.3337 13.449 -14.1159 8.36023
-2.95081 10.7311 -18.8212 13.3126
0.972996 7.64812 -11.6123 6.08323
0.206887 8.20718 -12.2685 6.81824
-4.6868 11.5993 -16.9543 11.748
-9.50768 13.4191 -17.7992 15.1285
-6.52518 12.957 -18.6305 13.8032
-6.51219 12.8059 -22.8722 14.8364
-7.26558 15.0453 -18.7813 16.2572
-7.32192 15.7296 -23.1592 18.6331
2.12349 8.17468 -9.04544 7.29405
-2.88727 11.7419 -13.3682 9.08185
-7.89802 15.3092 -18.0273 13.974
-3.37135 14.3844 -13.6012 12.9261
-8.17306 15.6781 -18.2424 17.7898
-8.59417 16.6326 -17.7953 14.2484
-13.7926 20.5444 -17.3681 17.0847
-8.68261 17.7868 -21.2164 15.45
6.23796 7.96385 -10.5232 2.69895
1.04049 11.8582 -7.08142 4.36412
0.497078 9.92867 -8.05359 5.65485
-0.0505221 12.3955 -12.2889 7.40651
-0.909566 13.0486 -9.42433 7.31608
-1.14393 12.9838 -6.32474 6.26964
-6.10581 14.6831 -10.8936 11.05
-2.66381 14.3381 -11.362 9.86364
-7.71176 16.0121 -11.7984 12.9895
-3.71357 15.4687 -12.2093 11.1663
-3.82846 15.602 -11.8385 8.40459
-4.09366 16.0262 -12.3224 11.5491
-9.46012 20.267 -13.2238 14.8517
0.169083 13.3188 -8.77073 8.68554
-5.19779 17.5502 -13.2661 13.391
4.69507 12.0835 -8.84782 8.96287
-0.705579 16.3771 -9.26757 9.8312
-5.94342 18.8083 -13.6393 14.4193
-6.78463 19.8214 -14.3928 15.5896
-7.02848 22.8499 -14.5656 18.5393
-7.02572 20.4273 -14.1549 15.4628
-12.5642 25.0321 -18.5407 20.0342
28.6518 -15.0719 4.19598 -0.765134
23.4479 -12.737 -0.055814 3.46208
17.9334 -8.158 -4.44153 8.02107
12.419 -3.58585 -8.8246 12.6017
12.5066 -7.11677 -10.9642 16.3755
12.9863 -8.71113 -10.4443 16.3128
11.6399 -4.95394 -14.6794 20.7265
9.68856 -2.52173 -16.6705 23.514
8.22272 -0.944327 -7.62572 16.7757
2.56847 4.04146 -11.871 21.1773
14.0553 -3.34648 -14.1881 24.0915
16.1713 -4.35788 -12.4029 22.8913
10.52 0.613191 -16.6531 27.2868
4.86861 5.58426 -20.9033 31.6822
10.672 2.38407 -19.0834 29.2409
4.89694 7.80775 -20.1063 32.3269
3.30894 10.4157 -20.3872 32.9552
-2.46807 15.8369 -24.4498 37.183
0.869748 15.4939 -20.11 33.7156
5.26778 14.0412 -18.9416 30.378
-0.512694 19.452 -18.7401 33.0044
3.44702 18.3859 -13.8902 28.8616
-2.33423 23.7907 -17.9589 33.0798
14.6219 11.6292 -3.1282 18.8626
8.83664 17.0195 -7.20154 23.0729
7.00982 19.5464 -8.03753 24.2494
10.3498 16.9681 -5.09539 21.2174
4.45448 22.846 -8.94014 25.2364
7.4453 23.9225 -5.43591 21.6923
1.5448 29.7901 -9.28173 25.7086
0.710813 28.4761 -9.70943 26.3871
5.32675 24.782 -8.98356 23.045
-0.57092 30.6471 -9.25685 25.7469
-1.74528 32.3661 -3.35356 23.8906
-6.36931 30.8035 -7.21131 27.8933
-3.61411 34.6893 -9.93056 26.2234
-4.98394 36.5826 -10.3658 26.6887
-10.1343 38.1645 -13.9454 30.4793
-0.150994 32.4156 -5.49068 20.792
-6.14094 38.8002 -9.07197 24.5793
-11.4611 41.418 -12.2017 25.6399
-8.03187 41.4412 -9.40407 24.7146
-7.703 40.7452 -8.73829 23.3487
-12.8539 42.4981 -12.3222 27.1317
-8.60684 42.0141 -8.4451 22.5295
-3.42072 40.5711 -7.70061 21.2391
-8.56183 42.4453 -10.9691 24.7717
-9.14879 43.4367 -6.87113 19.7882
-3.8004 41.6206 -6.19097 18.4748
-8.8443 43.0433 -9.46165 22.0039
-9.35268 43.6474 -5.71957 17.196
-3.94978 41.4056 -5.26697 16.0333
-10.0213 48.3414 -8.54011 19.5589
2.79512 27.5715 1.23527 6.81352
-3.26141 34.5126 -2.03983 10.3354
-9.36497 41.9151 -5.04684 13.652
21.1449 0.993961 2.69906 0.695514
18.0355 7.7527 0.10615 2.1229
17.0388 2.92249 -1.57738 4.1395
15.5059 4.64167 -3.63615 5.59852
9.37954 12.1989 -6.55651 8.82657
12.7739 2.20715 -5.92252 8.56515
12.6138 -2.04111 -5.2961 8.75075
10.2264 4.53041 -7.89403 10.2217
8.3599 6.78823 -9.0822 11.4942
7.45559 8.01957 -9.34442 11.5954
6.27992 10.1086 -9.44881 11.7293
0.107683 18.3707 -11.9638 14.626
12.6811 3.40162 -5.79475 7.74133
6.51824 11.6645 -8.30743 10.6395
0.355395 19.9273 -10.8201 13.5377
0.209295 16.2932 -10.7309 11.6924
-1.73319 23.4 -11.1431 13.8603
-2.85994 25.4739 -11.1905 13.973
-3.37588 26.6484 -10.8639 13.5442
-8.44189 29.9853 -12.6397 13.884
-5.4459 31.8955 -9.82731 12.8501
-5.69366 33.2421 -8.90488 11.8479
-11.9221 42.2595 -10.9448 14.3809
-7.31144 37.7592 -7.68085 10.8254
-13.5424 46.7775 -9.72338 13.3565
2.44143 26.3587 -2.32145 4.46803
-3.78991 35.3825 -4.36791 6.99632
-5.93236 43.2591 -4.41945 6.98108
-10.7243 45.7058 -6.46725 9.50838
-12.78 53.9518 -8.24404 11.8287
-11.865 48.4395 -6.17455 9.14559
-11.9706 49.4035 -5.17353 7.76446
-13.9187 58.0336 -6.67566 9.88744
-11.278 44.612 -2.14549 3.99722
-17.5721 54.4822 -3.65028 6.11893
8.1689 21.951 1.83583 -2.01062
7.80588 22.3912 0.324038 0.107339
1.48994 32.2644 -0.369986 1.95464
0.677909 33.4135 -0.570115 0.75389
5.94769 25.1661 -0.0717084 0.578936
-0.454293 35.9636 -0.962084 2.24467
-1.77321 38.7045 -0.752658 1.01149
3.93547 29.8774 -0.272647 -0.729166
-2.47564 40.6843 -0.619369 0.757945
-3.63006 42.9902 -0.825101 1.02558
-3.63045 43.097 -0.557042 -0.544806
-4.03476 44.0006 -1.07749 0.996664
-5.07731 45.896 -1.45698 1.3384
-4.90315 45.5684 -1.67189 1.30774
-11.4175 56.7412 -2.32336 2.7905
-6.22937 48.8838 -1.54928 1.14692
-6.04428 49.1489 -1.1441 0.634685
-12.595 60.9957 -1.00918 0.348145
-7.05512 52.2919 -0.738401 0.199594
-6.61549 51.9662 -0.576003 -0.116219
-13.2341 63.8211 -0.461932 -0.309641
-12.3192 73.4824 -0.508839 -0.293232
-19.3036 85.2383 -0.709307 0.863035
-25.9604 97.0483 -0.911073 2.0219
9.85367 24.1822 -1.23755 -3.045
3.10874 37.2205 -0.630987 -2.44308
-3.63619 50.2588 -0.024421 -1.84116
-0.159791 44.3242 0.483072 -2.54225
-6.92941 57.3668 1.0873 -1.93844
-3.12499 50.6447 1.42683 -2.36755
-1.89144 50.8119 2.11631 -2.89082
-0.988001 50.4105 2.14383 -2.76651
-2.47909 53.7791 1.96076 -2.38527
-2.61026 54.2367 1.68334 -2.10597
-3.08018 55.5561 1.43977 -1.88045
-7.49759 59.884 1.79711 -1.54291
14.547 23.5055 -0.818555 -3.09352
10.8502 36.9524 0.704621 -3.10134
3.79607 51.3556 2.22363 -3.10792
5.54084 44.1458 2.18286 -3.71417
9.97324 42.235 2.58054 -3.80788
2.89263 56.6671 4.09875 -3.81005
4.6337 48.2468 2.83426 -3.67416
4.70424 48.3873 2.73128 -3.45541
7.26237 38.686 0.776216 -2.71587
2.91131 53.7066 3.33985 -3.40098
1.56014 57.713 4.43623 -4.11413
2.47796 57.2506 5.09307 -4.40745
-1.86431 61.8429 7.66483 -5.07658
0.511674 63.1163 6.28934 -4.87204
0.0694953 64.9995 6.79511 -4.95221
6.52235 52.2841 4.56536 -4.34733
12.3498 40.4464 4.45437 -4.06579
4.89461 56.4906 4.54505 -4.00263
-2.57848 72.6156 7.17251 -4.70358
5.49652 57.1356 8.42175 -5.30055
-2.33757 74.8142 9.00474 -5.70237
-6.58441 79.4788 12.6955 -6.81872
-7.36232 79.9073 9.4054 -5.73535
-15.2392 97.6171 9.45063 -6.13324
-11.3399 84.5286 9.13604 -5.05157
-19.2279 102.283 8.73414 -5.32823
-9.90724 98.2306 8.45799 -5.27194
-4.66471 81.6935 7.62667 -4.74632
2.62032 64.7762 6.53489 -3.81831
-5.80422 84.4072 7.3585 -4.89431
-5.92526 85.6524 8.12346 -5.49601
-1.82171 83.6243 8.32232 -5.39348
-10.3556 103.324 8.87982 -6.41098
-5.85922 87.7125 9.35422 -6.88847
-4.77898 85.7345 9.13673 -6.80714
-13.3478 105.521 8.68273 -6.81308
-4.98409 86.9177 13.8352 -8.97525
-3.45368 84.1438 13.5691 -8.32544
-4.08789 85.2014 7.87443 -7.18899
-2.69129 84.0258 14.1867 -9.47447
-3.60665 86.8918 10.0063 -9.14586
-2.40145 85.5185 10.592 -9.7006
22.9218 0.589434 -3.94345 -5.93306
13.6145 22.9659 2.76696 -8.95222
-0.961831 19.5418 -0.399012 -11.9931
-8.96934 37.2949 6.78628 -16.5224
-12.3732 39.1877 12.9564 -20.1435
-21.8339 61.7216 19.676 -23.1427
-31.4675 84.1926 25.0108 -25.7751
-14.6822 66.7126 30.7794 -29.7714
-7.33643 64.884 34.4526 -31.7119
-0.17218 63.6285 37.0545 -33.0735
-4.03422 86.2226 45.6051 -36.9509
2.9534 70.1145 41.7725 -35.0935
11.9087 48.184 34.6758 -32.6056
4.96472 72.1328 42.4161 -34.1562
2.35465 78.2115 42.4813 -33.4229
8.54294 58.8285 32.9719 -29.7104
-0.0358265 83.4767 40.5378 -30.6383
-1.96204 88.182 41.1007 -30.0818
3.69878 69.9041 31.9706 -26.8097
-6.12371 97.545 41.4252 -28.5181
-8.33978 102.156 31.674 -25.6581
-11.3255 103.838 42.1827 -30.6095
-11.598 108.95 40.6378 -25.3301
-23.4956 137.49 51.1761 -30.231
-13.861 113.911 39.1694 -26.0295
-26.1764 142.536 49.7967 -30.7952
22.8346 22.8355 -2.25073 -1.14353
9.62558 54.204 9.87287 -6.73254
2.84667 65.6599 15.3769 -9.1431
-3.09541 76.9387 22.0443 -12.6044
-2.1865 79.8821 26.0901 -13.6507
0.856795 82.2407 29.4452 -15.1473
-1.27559 90.7716 33.7147 -17.3664
-0.829353 92.0273 35.7261 -17.4056
-2.05448 96.4471 47.396 -19.5337
6.8617 76.3924 29.4137 -16.7248
-7.08523 109.567 41.1366 -18.9808
-9.50931 116.024 44.0503 -20.0576
-10.7481 118.873 45.548 -19.5936
-13.0957 125.402 47.9358 -20.8748
-17.9697 135.91 50.1854 -21.4733
-34.4365 173.33 51.9686 -25.9583
-21.8819 144.618 51.2617 -20.7376
-21.5484 143.082 50.0644 -18.8878
-37.7905 180.909 65.6585 -25.8296
-25.7453 151.723 47.9468 -17.4437
-7.32186 108.572 27.1607 -6.67763
-24.8681 149.453 44.2776 -14.3069
-29.6013 159.019 46.2385 -15.3977
-10.8432 116.117 27.8058 -6.30983
-29.7083 159.766 46.3452 -14.5243
-49.3623 203.229 64.9724 -22.4882
36.907 -5.98477 -20.6069 10.9096
8.82667 40.1325 -9.06598 4.11173
-23.3176 95.5078 6.51278 -4.13699
-27.0426 98.8458 20.4754 -11.4809
-4.55493 40.5059 20.1952 -14.6453
-25.7219 89.0708 40.0055 -22.1418
-20.805 77.8654 44.1114 -27.4854
-43.6822 130.206 65.1714 -34.1839
-35.044 106.927 64.2297 -38.6048
-58.0519 159.764 86.2481 -47.9087
-46.2841 162.555 92.9993 -47.8593
-35.5452 152.652 98.9601 -54.6973
27.035 20.9863 61.9064 -28.9358
4.17559 74.7665 68.293 -36.0602
-20.0927 114.491 75.2827 -38.5603
-26.4063 118.851 78.95 -38.8342
-48.3819 156.888 87.0971 -41.9431
-53.9761 168.909 91.439 -42.193
-66.3006 193.405 97.5928 -44.4342
-62.5272 191.11 80.8438 -42.9193
-54.5548 186.966 103.413 -44.3088
-60.5474 200.693 106.229 -44.4044
-89.7309 265.143 107.454 -52.0875
-60.1058 206.879 104.592 -41.5336
-34.1478 148.634 98.27 -29.2397
-59.6224 205.918 99.699 -36.6081
-46.5676 179.457 96.8577 -33.5517
-26.1284 136.554 94.2157 -38.7186
-41.5443 172.636 114.526 -36.5501
45.3132 -38.8779 8.30191 7.11037
15.8264 8.06236 32.7991 -1.51125
-4.11835 55.4976 57.3287 -10.1701
-24.8075 87.141 11.2921 -1.00043
-0.0777682 21.8944 31.9498 0.739738
-16.5436 60.4562 56.5791 -7.93273
-36.8317 94.2326 48.1673 -9.83148
-23.216 59.0768 73.9264 -18.6161
7.59239 -16.521 80.425 -18.0796
-2.8692 11.6738 106.26 -26.7279
-9.28054 18.8544 95.2483 -27.706
-15.659 19.0032 75.9078 -9.12248
-21.5904 32.7446 101.882 -17.7431
-2.5897 -26.6589 64.2839 -1.49797
-15.2934 4.01132 90.3619 -10.0525
-34.0028 39.1214 114.9 -13.3637
-46.2436 68.4597 124.762 -20.802
-65.1052 105.02 133.37 -23.2279
-69.3676 122.659 129.227 -18.2413
-36.0823 44.3006 128.954 -16.5449
-14.3595 -6.53947 121.805 -10.939
-23.64 15.9565 114.39 -6.80324
-36.2533 39.7789 117.993 -6.2312
-36.8159 41.1636 145.636 -14.689
-42.2401 51.9512 121.574 -4.26444
-34.5842 39.1053 91.4777 1.24531
-30.8212 29.7866 119.286 -7.35577
-35.1367 38.0367 123.16 0.766497
-39.9752 51.5753 123.68 3.15181
-30.8009 29.5089 152.978 -4.85141
-39.1105 42.5812 182.737 -4.29633
-45.9842 57.2228 212.439 -11.3602
-23.3586 57.038 37.6059 10.3936
-30.3302 72.251 67.3661 1.82226
-33.1352 85.4548 97.1743 -12.4419
-40.21 100.632 126.975 -20.9208
6.60982 24.9763 141.626 -32.2976
2.70007 33.4312 172.909 -40.8291
17.7439 -1.51621 179.323 -34.4227
13.802 6.89521 172.718 -40.2157
8.37527 11.4782 167.497 -38.915
9.97496 8.35076 158.135 -44.0477
-7.35056 15.6798 89.1009 -18.2352
-11.481 24.1303 120.515 -26.9386
-11.8424 16.3379 89.306 -24.448
-16.0934 24.7978 120.789 -33.192
-11.5319 15.4988 113.796 -31.1207
-13.2962 18.9821 146.768 -39.7958
-10.6062 12.0115 157.553 -41.8094
-3.08366 -2.17693 190.703 -50.3815
-3.17111 -4.55364 155.735 -39.5699
-7.7751 -2.36146 114.086 -25.3401
-7.8087 -2.21066 147.293 -34.1237
-11.2807 1.51557 150.605 -33.7382
-12.8792 4.53934 146.708 -39.7342
-12.6837 0.655999 145.2 -30.3232
-49.6922 56.11 175.832 -29.4326
-64.5302 78.2472 126.596 -25.6251
-64.0946 77.2002 161.563 -34.5002
-60.8042 74.4814 145.272 -22.9507
-60.3587 73.4386 180.44 -31.6824
-59.9132 72.3958 215.608 -40.4141
-58.6012 69.9658 157.435 -22.958
-58.1478 68.9255 192.622 -31.9767
-57.8003 67.5439 179.086 -26.722
-57.874 66.0463 160.257 -17.9864
-57.3778 64.9573 144.161 -11.9547
-52.8898 59.1299 104.896 2.03574
-51.09 55.3925 141.916 -7.0052
-47.4929 49.8472 149.304 -7.22341
-44.0021 45.0599 148.795 -5.03144
-40.1762 39.7966 156.761 -6.2063
-37.1409 34.8365 154.999 -2.47576
-34.1299 30.2028 150.543 0.840121
-30.2733 25.3091 157.185 -0.787517
-26.4482 20.107 166.377 -1.30394
-24.5232 16.4325 203.773 -10.7043
-19.77 10.0051 165.536 1.94628
-15.7178 3.56929 158.995 15.6098
-12.8965 -1.91609 198.115 6.55887
-8.61387 -8.26518 161.144 10.5521
-4.58118 -14.3829 125.189 18.2028
0.203881 -20.8809 164.304 8.49675
5.31499 -27.462 164.356 14.8103
-3.68983 -13.6972 80.6385 40.4682
-0.687185 -19.0805 120.043 30.4526
2.31546 -24.4638 159.448 20.4371
8.89839 -31.596 134.349 25.5634
13.157 -39.136 174.954 16.0905
11.2481 -33.4555 176.653 18.8883
2.44146 -22.1759 172.659 27.1788
6.80895 -29.6298 173.884 22.4903
9.75217 -32.9776 173.014 30.2243
14.1887 -40.3835 213.931 20.5438
6.31802 -29.7149 171.514 25.9019
15.2794 -39.0507 212.309 16.6759
12.9934 -35.7835 176.886 24.5556
7.71858 -29.1237 131.925 35.0069
13.4362 -38.227 173.462 25.2857
15.9184 -40.246 173.653 29.6072
21.7207 -49.2811 215.344 19.9821
11.2798 -34.9986 172.212 30.9856
11.3795 -33.0615 127.312 43.3882
7.97106 -28.1915 128.255 43.151
14.1109 -36.953 169.873 33.3298
23.5855 -47.0965 171.39 29.6085
20.904 -41.9355 177.334 28.1844
12.4423 -33.8361 172.56 32.7343
5.1006 -27.392 171.859 32.1446
11.7605 -33.376 170.696 33.5885
21.812 -44.4294 212.497 23.756
17.7196 -39.1937 163.988 35.8868
-1.45238 -17.3547 80.2287 56.966
13.3192 -26.1551 86.0858 52.4712
26.4209 -35.565 96.0539 46.8906
23.3463 -32.2827 137.896 35.4014
24.6243 -32.2724 111.837 37.4002
19.6026 -27.5798 78.2128 45.575
16.6293 -25.4665 118.881 35.3591
25.2421 -32.0854 125.957 29.6717
24.5623 -31.5059 128.28 29.3314
20.2664 -28.7639 130.078 27.3276
21.7746 -32.44 135.492 26.3178
31.8739 -37.5183 176.239 12.5858
19.7995 -21.6289 76.053 29.7648
28.8149 -31.7006 116.294 18.0123
37.8303 -41.7723 156.535 6.2598
33.2494 -30.6195 105.693 10.2831
41.5831 -39.9656 117.506 2.56238
44.9867 -39.6931 125.793 -1.31315
28.6466 -29.6079 97.6147 2.75443
28.0411 -30.1196 135.616 -7.86297
33.4707 -34.2221 141.849 -12.3922
20.2053 -12.8817 23.9881 7.5397
30.6093 -22.9128 61.4582 -4.13388
45.7167 -32.0494 77.5577 -15.131
40.653 -28.6181 63.3153 -11.8892
51.3652 -38.6194 99.9675 -23.3123
36.006 -26.3458 84.6591 -32.4549
47.3835 -36.7152 119.232 -41.887
41.5431 -34.5905 125.112 -45.0164
51.9378 -44.7211 126.488 -41.4004
29.8394 -31.2105 129.339 -49.2644
8.03403 -19.0316 128.97 -54.0808
19.5506 -28.9972 128.455 -49.6961
29.5702 -34.2769 130.554 -52.4803
7.57772 -20.6338 129.422 -58.1998
19.3007 -30.4224 131.477 -54.6704
27.9177 -35.0877 130.641 -53.5302
19.2695 -27.7526 94.3325 -41.2448
31.6731 -37.7155 125.057 -48.8129
44.2638 -47.5056 155.33 -62.069
26.4758 -35.7774 121.091 -39.3498
28.5724 -36.6591 120.978 -32.1919
19.4222 -30.7101 118.412 -49.6721
32.1175 -40.0827 149.071 -57.1522
44.6899 -49.533 116.635 -34.9571
44.9098 -42.4958 116.763 -35.295
14.8323 -25.1188 80.3223 -28.7769
28.0996 -34.5739 107.168 -33.5348
22.3698 -23.0904 48.1951 -7.07589
19.8571 -24.6338 73.8331 -19.9501
33.1988 -33.7656 100.555 -25.0642
15.8334 -16.5382 49.8686 -12.7261
29.2482 -25.346 76.4899 -18.1732
36.7066 -27.0421 101.745 -32.0326
50.1445 -35.7418 104.79 -24.2418
7.65347 -7.6627 30.5678 -9.67344
21.7096 -16.1571 53.5848 -11.0405
41.8118 -17.4385 31.0167 -5.03329
55.9124 -25.7152 54.1011 -6.5361
24.1952 -13.2317 53.0629 -14.8499
39.3721 -21.0515 54.8455 -3.10013
39.065 -20.9253 56.0834 -2.25278
26.5668 -13.3099 54.6214 -11.2651
40.743 -21.0457 58.7996 -0.46484
50.8219 -21.8516 62.2836 -0.325192
65.0482 -29.4111 86.8576 -1.95105
40.9176 -20.5681 69.5566 4.53642
34.5148 -19.1679 80.5402 10.6455
33.4147 -14.5978 10.1876 8.41416
48.1168 -21.816 16.3533 9.44923
50.5121 -22.206 33.123 14.0555
6.43068 -4.59598 13.8292 14.9765
21.1695 -11.3429 16.3313 14.6312
53.0497 -12.5765 19.3644 13.6068
35.0458 -6.50475 10.2558 8.0809
49.786 -12.9035 26.1663 10.0714
50.7103 -13.419 15.036 8.05889
65.8874 -19.7011 28.3512 15.4024
32.6162 -4.52252 17.7993 14.0733
47.7722 -10.4679 20.1644 14.9199
62.9283 -16.4134 33.5771 22.2087
28.5876 -9.49567 17.3657 24.3607
43.7512 -15.213 30.8388 31.6009
58.9149 -20.9303 44.3118 38.8411
52.8529 -16.851 32.541 20.3511
78.482 -19.8683 46.0127 27.5563
21.8859 -12.8956 46.5209 29.0401
37.3723 -18.1582 45.3394 34.5413
30.8686 -18.3497 43.6976 41.9744
20.38 -14.318 30.1785 40.9152
35.8274 -19.3125 40.9646 53.7835
45.2011 -19.9335 29.3274 48.1304
36.2333 -19.6996 40.1193 60.9866
37.6261 -19.7207 39.7905 65.5928
27.7394 -20.6854 40.3622 67.1408
35.5928 -19.4162 40.5209 70.6321
51.2282 -23.8433 39.642 75.3551
37.2806 -18.8508 37.7044 83.7757
22.2259 -13.9327 26.4247 78.0577
37.8832 -18.008 34.7332 96.9542
18.7954 1.35744 -11.0389 33.1806
34.3763 -2.16978 -2.46547 52.1389
27.4626 4.20754 -21.6687 5.50509
42.9946 0.948527 -12.9196 24.5143
58.5266 -2.31048 -4.17043 43.5236
64.3481 -3.30934 -8.26993 26.512
68.9163 -4.48845 -0.954596 49.6089
58.5234 -6.04084 -7.22204 35.1523
74.335 -8.8505 0.463087 59.324
35.6282 -8.93892 1.02382 67.9689
22.7584 -6.60023 -3.35348 53.1693
30.3262 -6.23935 -1.91462 57.9733
46.0381 -8.65535 4.74751 83.6051
48.6084 -8.74089 13.4516 106.84
26.8459 -8.04323 12.518 88.2911
42.4925 -10.2753 19.213 114.015
58.2926 -12.4028 24.7706 143.524
49.1096 0.629428 -12.5499 19.4703
64.9117 -1.00828 -13.0848 30.3106
48.831 -2.31134 -13.6389 40.9736
38.7469 -4.91197 -13.3406 44.6525
54.4862 -6.37304 -12.6379 50.6905
37.0352 -6.60627 -12.0566 60.894
22.5419 -7.83714 -18.38 43.6799
40.5684 -7.03798 -12.5583 76.7855
45.816 -6.61109 -8.45743 78.2634
61.5682 -7.65676 -3.58876 115.009
52.5429 -9.07315 -3.54739 123.422
29.772 -2.55999 -24.1768 41.2757
45.5366 -3.17303 -19.6414 82.2461
27.4866 -0.317673 -9.24853 81.4624
43.1728 -0.801177 -15.7365 93.1138
41.1567 -1.55761 -14.7311 103.469
18.4727 -4.53361 -9.09374 103.111
34.0763 -4.88959 -4.36289 144.358
20.6789 -2.94754 -12.9149 104.595
36.3342 -3.01764 -8.59985 149.377
36.2869 -4.1461 -8.07638 160.559
42.0539 -1.35947 -7.54212 179.566
32.8887 -3.31411 -6.43904 184.512
34.8614 -2.4406 -5.06094 201.655
5.57163 -3.92899 -7.87555 132.899
23.2101 -1.32708 -3.76328 183.258
38.7963 -0.889077 0.298614 233.617
52.0191 2.11091 4.40021 283.976
49.4594 0.982855 3.78419 247.921
12.7977 -5.77329 3.13091 211.662
28.7435 -4.49353 6.12721 271.922
32.4993 -3.59936 6.79097 287.035
48.1476 -2.56114 9.909 347.421
30.2654 -4.00299 8.57836 310.065
13.7688 -5.31236 7.37179 265.594
29.3007 -4.15862 10.9271 326.539
11.7552 -5.74676 23.2331 310.477
27.2208 -4.55263 26.5813 371.595
27.7933 -5.64682 25.2451 374.079
22.7173 -6.07129 29.5687 381.948
26.3107 -5.92969 40.2629 434.809
33.4084 -2.91996 16.8424 372.007
26.4906 -4.69335 17.1667 373.772
20.1733 -5.87217 28.6971 425.738
25.3515 -4.67592 2.00117 347.82
40.8027 -2.88926 6.08221 421.978
27.5867 -3.803 18.8542 404.431
22.8978 -5.05118 19.1021 398.18
27.3014 -3.758 23.4752 472.872
42.6525 -1.89542 27.9686 550.003
22.0873 1.84312 7.67444 209.064
37.4502 4.14421 11.7277 299.834
52.8149 6.36613 35.5023 337.198
40.7374 7.1632 2.66835 168.475
19.4288 2.30941 -23.3071 47.1236
33.5423 3.20338 -18.1714 141.041
40.6816 4.70391 -27.8422 70.3996
55.8872 7.00299 -22.3267 165.353
41.9307 5.6811 -22.162 191.39
24.1573 3.58044 -23.606 192.233
39.3133 5.7845 -22.6384 227.868
21.4936 3.49277 -21.9549 252.227
36.6038 5.68871 -14.7872 361.663
26.2535 5.62386 -35.5964 107.516
28.9582 6.80121 -27.8033 219.837
43.999 8.9795 -19.9773 332.159
54.1044 12.1151 -5.23251 325.83
69.1284 14.254 1.86601 438.976
25.9447 11.2596 -54.3727 131.394
40.9056 13.4318 -44.1821 247.48
47.6774 16.057 -40.5045 105.611
62.2057 21.3088 -37.3243 175.579
59.4151 22.1577 -36.063 116.293
48.2988 19.6641 -54.6891 -4.6984
49.3961 20.6332 -59.8529 -42.6578
44.1929 19.9206 -61.9083 -67.5417
49.553 22.1397 -53.4273 -24.3244
66.4573 26.1222 -50.5022 51.4198
35.0331 18.6994 -27.8772 35.8196
51.789 22.7714 -24.4758 113.474
69.3507 27.581 -23.3138 176.739
78.0599 31.5734 -35.9638 190.856
77.6051 29.4341 -38.5073 95.859
53.3072 18.626 -64.1413 -145.158
46.3304 18.1465 -55.8973 -106.35
49.7765 21.4273 -59.2626 -51.9849
54.1145 22.6112 -53.3425 -12.535
48.4246 21.347 -34.2019 97.9153
65.823 26.1568 -34.3117 163.355
52.5658 22.3154 -10.0066 238.604
70.4888 27.8109 -12.2141 291.807
64.6976 27.5173 -12.6436 208.561
24.9841 20.9882 -11.3662 63.5832
38.8025 20.8678 -24.6906 71.5667
44.1378 22.326 -18.5394 106.363
42.5445 21.9341 -25.1762 141.957
49.4108 23.5434 -12.5949 134.515
45.7955 21.9355 -2.36409 77.0125
63.6313 27.2997 -6.30183 130.068
46.5918 21.0812 -10.1363 122.377
44.6214 20.2842 -10.6555 103.983
40.6425 19.0888 -11.4733 73.4858
31.7047 10.5372 5.91706 65.1767
47.9475 13.6069 2.74688 76.8722
60.0617 16.4903 -0.611888 101.527
57.2431 15.0126 1.24791 68.2575
62.383 19.9005 -8.58521 95.7356
61.133 15.3982 -11.9742 110.371
49.0276 8.62199 -15.3773 87.2128
67.2201 14.1944 -23.3825 127.051
51.9158 14.6915 -20.8023 104.382
70.4673 20.9425 -29.6816 130.932
60.3677 7.2511 -22.0163 72.0885
35.9322 11.3268 -21.6665 72.5308
46.8192 15.0643 -27.3695 53.3713
65.3326 21.1483 -36.5674 80.0796
66.695 22.2718 -40.5317 54.0223
80.0339 21.2915 -38.2176 49.838
51.5753 20.5037 -38.1998 57.0886
40.0536 13.4786 -26.3183 23.1344
58.742 19.7482 -36.0366 41.8826
42.3277 16.0711 -27.5317 23.1796
46.0975 22.1461 -36.3883 47.3081
52.1545 24.025 -36.5946 36.7819
48.4238 23.3858 -35.4719 15.7797
67.1449 29.7371 -44.2819 41.2537
57.3214 25.4195 -35.1693 28.9867
76.0362 31.6504 -28.7054 2.82151
94.7509 37.8813 -38.885 16.9953
54.5293 19.1608 -21.7481 21.6221
73.3067 25.5954 -31.9153 29.2895
92.2589 32.043 -41.8648 32.2653
106.319 32.1832 -51.4187 42.2101
77.3812 29.1294 -41.7605 -7.39565
26.6515 24.3378 -39.275 -20.2758
45.4774 30.8973 -49.3273 -17.4988
41.2077 21.827 -47.1089 -12.4836
60.1871 27.9962 -34.2594 -1.25739
32.5658 28.4778 -31.3924 -16.7799
51.3241 34.9185 -41.4902 -14.1734
70.1528 41.5977 -51.301 -16.4668
70.0502 25.7884 -32.0482 -11.0543
44.2698 24.3359 -18.5851 -46.9329
63.1948 31.0276 -27.8988 -54.4202
29.3819 14.3566 -16.5231 -26.4479
48.3192 20.9101 -25.7715 -33.9931
35.8181 14.9764 -15.3409 -26.2356
54.7512 21.4368 -24.5237 -33.8361
58.5332 21.6984 -24.0594 -35.1368
51.2814 19.6981 -23.6355 -28.5647
70.2527 26.1894 -32.3329 -39.7576
46.8041 18.5222 -19.9229 -40.0556
44.82 17.8612 -17.8109 -47.197
63.83 24.4588 -25.6728 -63.29
47.9377 18.0751 -14.0115 -60.1023
7.35231 0.203226 -17.5356 10.8511
26.3707 6.51102 -25.2515 -5.07433
61.4659 -1.19104 20.1665 -60.0815
80.5584 4.60165 9.55536 -38.4408
91.8646 1.33979 2.55255 -54.3595
77.2006 8.59408 -2.82044 -71.1259
74.3797 17.2756 -10.7421 -63.5826
55.6292 11.5734 -17.4711 -54.4839
29.2078 15.3256 -21.2691 -54.1471
42.8595 15.2414 -23.4729 -56.592
51.3784 18.6392 -22.7445 -74.3709
57.2375 26.5134 -26.1235 -67.5425
58.373 23.2873 -27.1966 -72.2705
55.1848 24.2152 -30.7998 -60.8976
32.9086 14.026 -4.18715 -40.6033
47.3734 16.5947 -8.58128 -64.3508
61.6519 19.3972 -7.72951 -82.1896
44.1946 15.6811 -9.16765 -57.7805
63.2329 21.7161 -12.2285 -85.4672
38.9741 16.8548 -14.6307 -52.2541
58.0328 22.782 -17.6155 -79.7714
58.4217 23.6137 -17.904 -83.175
70.0694 25.4913 -12.3462 -111.329
89.138 31.3452 -15.1959 -138.683
62.0674 25.314 -20.8811 -82.5841
27.3642 17.7132 -18.1426 -51.2429
46.2819 23.7259 -19.1225 -82.7872
40.8953 15.192 5.48703 -98.2876
59.8366 21.0812 4.7904 -129.497
78.7779 26.9703 4.09376 -160.706
97.7865 32.6571 2.99523 -191.92
68.086 15.311 -4.49722 -139.846
87.1155 20.8308 -5.43522 -170.803
96.622 16.476 -6.07933 -201.771
67.6456 24.4611 -10.2517 -116.014
58.7697 23.2949 -16.9296 -88.77
47.7888 21.9341 -7.41863 -130.777
40.2613 20.9331 -7.05858 -113.629
45.3952 20.9075 -4.55533 -92.732
39.1492 21.4217 10.7995 -102.538
50.7503 19.693 4.99004 -102.293
56.3968 19.2273 9.66289 -109.746
75.227 24.7708 11.6109 -142.715
52.5781 17.2521 6.9971 -91.1099
33.4267 19.4785 13.2018 -86.2321
52.2614 24.9438 15.6927 -118.774
46.0716 14.2793 12.9863 -88.9481
22.1141 6.98623 14.0483 -86.7959
40.7054 12.4021 26.3729 -127.238
25.5845 6.09663 15.0379 -53.293
44.2055 11.4121 19.5354 -87.2115
48.607 11.0899 24.2764 -96.3677
45.595 10.3604 28.945 -105.267
48.8683 10.0482 30.1662 -107.894
10.423 -7.81973 48.2148 -67.3559
29.1639 -2.91131 53.5803 -99.9164
48.1671 -5.89756 54.6212 -98.5582
66.5504 -1.00426 61.4794 -132.48
84.9341 3.88559 68.3376 -166.401
52.5426 3.36363 56.4794 -157.183
70.9454 8.13558 24.1703 -104.503
58.9903 10.196 12.1161 -87.6015
46.9799 11.7266 3.88983 -74.7264
65.4243 16.4315 10.9143 -108.038
45.2926 14.4663 13.6479 -91.3027
55.4048 11.5977 6.35703 -86.3503
58.0609 22.0026 19.3129 -99.1815
21.2763 2.74894 17.9201 -56.8309
36.4386 8.4389 19.5992 -72.6499
48.9014 9.4642 41.8734 -100.911
40.1121 1.44003 34.8855 -93.3715
58.2005 5.82171 23.8354 -78.4514
50.0815 11.2093 27.4696 -87.2557
47.5648 11.5907 22.7924 -82.078
65.6862 15.9256 35.1342 -115.777
48.3785 12.3936 24.9133 -87.397
56.2693 8.56117 34.5877 -119.844
50.1203 12.9602 28.8014 -92.7116
46.8387 12.8761 23.626 -84.5711
42.1154 12.8234 37.5097 -117.987
45.8482 12.8864 36.9156 -109.399
45.6625 15.3387 34.9354 -97.6664
55.238 12.8825 45.1329 -129.236
18.1582 4.275 4.51917 -27.3026
35.8605 8.25206 15.0121 -58.2691
53.5629 12.2291 25.505 -89.2356
49.95 8.77185 28.8954 -88.2922
66.9798 12.6909 50.0582 -121.879
64.3766 12.7291 16.1029 -57.6399
81.4297 16.5809 27.3393 -87.9855
47.4833 12.8278 22.753 -81.2772
41.1129 12.4569 17.3663 -70.991
58.217 16.2039 28.7117 -101.016
2.67076 -6.19487 48.6345 -50.5798
19.8706 -2.65455 60.5754 -79.662
37.8716 -2.97181 57.7316 -83.1598
47.4262 -4.83325 69.5528 -111.995
47.4694 -0.85829 42.5675 -75.3369
43.6917 1.06769 34.7445 -69.3588
60.1352 4.40946 46.9345 -97.5643
41.2775 4.83401 35.6236 -72.8535
39.919 6.13586 33.0949 -70.7453
33.0541 9.55382 34.3665 -66.0664
42.4623 7.7196 46.7435 -93.7636
48.2045 8.1208 42.4741 -82.6971
64.7401 11.267 54.8835 -110.178
46.7789 8.95524 36.4269 -76.5989
42.1684 9.15287 29.1126 -68.0991
57.801 12.1654 41.6714 -94.3443
39.6518 9.24211 30.7412 -66.1882
15.6779 -8.98554 53.7475 -53.2358
32.9631 -5.41417 59.94 -78.092
50.2321 -1.73518 61.9775 -95.0312
55.3101 2.56831 43.8621 -88.3212
54.4448 6.87059 22.5611 -83.5434
52.2204 10.8911 35.3319 -108.503
21.073 7.25198 19.4218 -88.5099
35.9045 9.4602 26.9431 -56.9177
45.7942 8.03623 50.7615 -79.54
60.6423 10.178 63.2029 -102.953
65.0575 5.86027 75.4585 -126.472
74.1117 11.991 55.1938 -109.211
75.9502 13.1534 51.687 -112.036
64.6792 14.7787 28.1204 -94.6255
52.9008 16.2443 12.474 -77.404
51.258 16.5669 9.72439 -77.2437
47.6014 16.5329 8.92582 -72.897
61.3023 18.3863 20.749 -94.4515
34.6516 8.32729 18.2779 -71.1216
43.2083 13.898 18.6337 -66.5113
44.4543 12.5612 25.3278 -68.1258
41.0251 11.5017 22.7377 -62.0623
36.762 10.4858 18.7824 -54.9443
23.1402 6.37908 26.37 -58.0561
36.9109 8.11878 38.4144 -79.1134
39.0177 6.74839 41.9356 -65.9493
38.7211 6.37718 29.7481 -43.35
51.113 7.94893 41.1249 -62.2778
33.6107 4.56238 34.8169 -56.3384
29.8632 3.82048 5.24611 -20.2524
42.2898 5.31138 16.686 -38.9701
24.6809 -7.2186 59.5786 -34.9051
37.1666 -5.92307 71.1021 -53.3106
32.2543 -10.7111 69.6139 -59.1843
44.7537 -9.47347 81.166 -77.5303
35.3192 -1.20539 39.3981 -50.8617
31.3044 0.666263 27.9359 -46.1706
18.2513 1.42401 13.8696 -28.2344
29.211 2.50744 24.3934 -44.2555
32.3512 2.65301 30.8365 -48.4505
25.0652 7.40649 10.0631 -23.9823
26.7357 3.77741 20.5988 -39.8879
28.2932 3.58768 24.2162 -41.5734
26.9882 3.54193 22.3125 -39.3984
33.969 7.96782 19.6008 -36.3722
27.7646 3.02993 25.6603 -39.5377
26.6171 2.88008 24.5601 -37.6298
22.9888 2.7797 20.3271 -32.5006
3.12582 -5.77882 37.2317 -17.9264
12.4519 -5.19308 46.4094 -30.977
21.7548 -3.78957 39.7164 -40.5244
31.0897 -3.25331 48.8827 -53.5924
34.7168 -1.52378 41.6921 -56.6763
25.7401 -2.24712 23.2136 -53.2671
29.9214 3.09324 19.8443 -51.8913
31.5219 4.17898 19.2084 -53.1341
30.5897 5.11045 13.8546 -49.8965
27.3609 5.81298 6.94 -43.7581
27.8119 5.67976 10.3397 -42.0975
14.8872 5.40368 -1.34822 -22.2651
15.4321 4.75536 11.436 -31.0696
22.8347 5.14404 18.8354 -41.3937
12.3989 2.29269 18.4787 -21.8808
19.8126 2.62637 25.8786 -32.1476
27.2264 2.96005 33.2786 -42.4145
25.2391 5.46724 17.8831 -28.0837
24.6239 2.46211 25.1621 -38.181
-2.93568 -0.97441 -9.66628 -1.36
2.31365 -0.794935 -4.27622 -8.60079
9.64992 -3.36729 26.1425 -9.19204
6.38249 -4.89176 18.0298 -2.82191
11.6381 -4.73672 23.4241 -10.034
10.4447 -2.34002 19.4311 -12.8225
10.0035 -1.81409 16.18 -12.9437
15.2616 -1.69485 21.5404 -20.1731
7.92098 -1.37798 12.4835 -10.3031
13.1874 -1.26412 17.8614 -17.4901
16.0836 -1.19352 20.9325 -21.5107
-0.781558 -0.218573 -1.32002 0.48283
2.0811 -0.157713 1.73434 -3.44608
4.39266 0.489004 1.41596 -3.63227
7.25623 0.547807 6.41737 -6.90087
5.98798 -0.717918 11.8058 -7.0613
8.85125 -0.682664 14.8341 -11.0102
11.7157 -0.63913 18.1238 -14.8559
6.11698 -1.78475 12.7017 -8.52764
4.17193 -0.806064 9.37692 -6.86214
4.64209 -0.796267 4.62616 -1.56677
-1.29452 -0.876834 1.61217 1.5901
-6.17797 -0.990403 -3.05326 8.77727
-5.95055 -0.972997 -2.6775 8.43685
-7.29677 -1.38626 -0.321246 10.5012
-6.89662 -1.55831 -0.173402 10.4251
-6.63561 -1.85828 1.57009 10.3583
-6.40415 -2.06379 2.57568 10.0937
-6.07825 -2.16205 2.95021 9.75315
-5.68717 -2.19791 3.3361 9.05311
-7.74188 -2.12962 0.774977 11.6651
-10.2386 -2.03444 -2.57323 15.0207
-12.6562 -1.86895 -5.49389 17.9926
-14.2389 -1.85112 -7.02273 20.1682
-13.4277 -1.51214 -6.84259 21.1169
-16.0845 -1.45826 -9.46785 24.7255
-16.1074 -1.99397 -10.0929 25.8508
-5.66696 -0.458812 -4.73747 6.68242
-8.32221 -0.371849 -7.31312 10.3246
-6.86561 1.49982 -7.83736 10.2421
-6.33634 0.11732 -8.46109 11.1525
-4.34697 -12.2208 -12.503 -7.15297
-4.34714 -12.2188 -12.0445 -7.00647
-3.48459 -12.3725 -10.5055 -8.60966
-3.08026 -12.2397 -10.5178 -8.59647
-4.72758 -6.1871 -5.20021 -5.62952
-4.72758 -6.1871 -5.20021 -5.62952
-5.01807 -4.99399 -5.60238 -5.13723
-5.01807 -4.99399 -4.8147 -4.90345
-4.27028 -4.27963 -3.65294 -4.28088
-4.05296 -3.78824 -3.25598 -3.89735
-4.28652 -3.50879 -3.25598 -3.89735
-3.56773 -2.9879 -2.57285 -3.23908
-3.32589 -2.64949 -2.28831 -2.94844
-2.72388 -2.23374 -1.80354 -2.44173
-2.72388 -2.23374 -1.80354 -2.44173
-2.63318 -1.83232 -1.59887 -2.21935
-2.41966 -1.6138 -1.41564 -2.01716
-2.42225 -1.6099 -1.41883 -2.01494
-1.84294 -1.07407 -0.970486 -1.50741
-1.84294 -1.07407 -0.970486 -1.50741
-1.67104 -0.926968 -0.850072 -1.36597
-1.67255 -0.924254 -0.852234 -1.36464
-1.2585 -0.507749 -0.480427 -0.911974
-1.2585 -0.507749 -0.362697 -0.878522
-0.600724 -0.167151 -0.285825 -0.66492
-0.600724 -0.167151 -0.285825 -0.66492
-0.600724 -0.167151 -0.198315 -0.640802
-0.529908 -0.0717862 -0.186789 -0.533237
-0.440139 -0.0123413 -0.144737 -0.475088
-0.354867 0.0411296 -0.105983 -0.423127
-0.00909487 0.250843 0.0360495 -0.222222
-0.0189191 0.262676 0.0720453 -0.210318
0.0991809 0.311376 0.074579 -0.162767
2.57539 -3.71309 15.178 -18.6092
5.36046 -8.91839 32.8348 -42.2595
9.03968 -13.5621 31.4301 -42.607
9.08049 -18.8461 60.4185 -86.9501
9.16105 -23.0384 -19.9169 33.6423
9.57899 -26.3858 -58.6314 83.2233
9.57899 -26.3858 -58.6314 83.2233
9.51002 -30.6958 -42.123 89.0185
6.8385 -30.9847 -30.9607 84.2268
4.42044 -32.2889 -20.3978 78.6171
4.42044 -32.2889 -20.3978 78.6171
8.65859 -35.8021 -37.1151 66.7338
15.3531 -39.7058 -95.3287 32.7617
15.3531 -39.7058 -95.3287 32.7617
21.3681 -43.222 -129.467 -6.40097
28.4793 -51.5321 -78.2105 -45.2979
28.4793 -51.5321 -78.2105 -45.2979
28.4793 -51.5321 -78.2105 -45.2979
30.9293 -57.3391 -17.9155 -75.821
31.3793 -59.1156 -17.9155 -75.821
31.3793 -59.1156 -17.9155 -75.821
30.2724 -60.6638 -2.16649 -89.0473
29.2884 -62.3087 21.6776 -109.948
29.4261 -63.6083 21.6776 -109.948
28.6865 -65.2148 28.1855 -118.356
28.6865 -65.2148 28.1855 -118.356
29.5669 -70.4771 39.6691 -134.971
29.5669 -70.4771 39.6691 -134.971
27.8246 -76.6729 11.4185 55.2857
27.8246 -76.6729 11.4185 55.2857
27.8246 -76.6729 11.4185 55.2857
28.3026 -79.2902 10.437 45.5129
28.3026 -79.2902 10.437 45.5129
31.244 -84.2776 21.7732 30.402
32.6128 -88.7567 38.3696 23.4662
32.6128 -88.7567 38.3696 23.4662
32.8345 -90.6742 45.5704 21.0788
32.3741 -92.8443 51.4097 18.8923
32.3741 -92.8443 51.4097 18.8923
32.6295 -96.1334 58.839 17.7899
32.3293 -99.5631 63.6742 15.2236
32.6699 -99.5885 63.6742 15.2236
32.2118 -101.009 63.7904 15.137
31.6287 -104.063 63.6243 14.7836
31.6287 -104.063 63.2093 15.2164
30.4545 -106.982 63.0015 14.6559
30.4545 -106.982 63.0015 14.6559
30.0495 -108.889 62.417 14.3919
30.0495 -108.889 62.417 14.3919
30.4858 -111.897 61.7795 14.5223
30.2798 -113.986 61.1595 14.1979
30.2798 -113.986 61.1585 14.1988
27.502 -119.318 61.2511 13.0437
27.502 -119.318 61.2511 13.0437
29.1047 -119.727 60.3441 13.636
28.7616 -121.295 60.3496 13.3468
28.5012 -124.968 59.7741 12.9914
27.558 -125.179 59.4331 12.8168
27.1973 -126.257 59.5643 12.739
27.6895 -127.915 59.4642 12.4151
26.7188 -128.121 59.1122 12.2336
27.3551 -131.754 58.8664 12.0147
27.1676 -133.659 58.7545 11.6874
25.4216 -136.906 58.5991 10.9795
26.6308 -137.353 58.2664 11.1623
26.2647 -139.043 58.012 10.9013
25.056 -141.354 57.8384 10.2031
25.056 -141.354 57.8384 10.2031
