0.192574 -0.124025 -0.168795 -0.174013
0.19257 -0.124029 -0.168796 -0.174016
0.19257 -0.124029 -0.168796 -0.174017
0.19257 -0.124029 -0.168796 -0.174017
0.192579 -0.12403 -0.168783 -0.174015
0.19257 -0.124061 -0.168795 -0.174054
0.192569 -0.124088 -0.168782 -0.174078
0.192579 -0.124087 -0.168782 -0.174078
0.192572 -0.124152 -0.168792 -0.17415
0.19257 -0.124201 -0.168769 -0.174189
0.19257 -0.124201 -0.168769 -0.174189
0.192576 -0.124309 -0.168787 -0.174309
0.192572 -0.124384 -0.168758 -0.174368
0.192597 -0.124381 -0.168758 -0.174368
0.192576 -0.12453 -0.168786 -0.174531
0.192542 -0.124711 -0.168789 -0.174711
0.192542 -0.124711 -0.168789 -0.174711
0.192568 -0.124805 -0.168792 -0.174808
0.192527 -0.125014 -0.168845 -0.17502
0.192527 -0.125014 -0.168802 -0.175018
0.192545 -0.125021 -0.168811 -0.175009
0.191436 -0.127044 -0.169024 -0.177053
0.191436 -0.127044 -0.169024 -0.177053
0.191243 -0.127308 -0.169059 -0.17721
0.191243 -0.127308 -0.169069 -0.177316
0.191148 -0.127438 -0.169092 -0.177448
0.191089 -0.127463 -0.169107 -0.177465
0.190963 -0.127694 -0.169139 -0.177705
0.190875 -0.12782 -0.169162 -0.177832
0.190858 -0.127845 -0.169185 -0.17781
0.190574 -0.128217 -0.169257 -0.178083
0.190449 -0.128372 -0.169306 -0.178541
0.190449 -0.128372 -0.169306 -0.178541
0.190298 -0.128678 -0.169321 -0.178617
0.190256 -0.128747 -0.169317 -0.178648
0.190193 -0.12885 -0.169381 -0.178858
0.190107 -0.128992 -0.169444 -0.178922
0.190107 -0.128992 -0.169444 -0.178922
0.189918 -0.129359 -0.169603 -0.179258
0.189918 -0.129359 -0.169641 -0.179362
0.189869 -0.12947 -0.169547 -0.179476
0.189835 -0.129543 -0.169571 -0.179549
0.18975 -0.129737 -0.169641 -0.179741
0.18975 -0.129737 -0.169641 -0.179741
0.18975 -0.129737 -0.169641 -0.179741
0.189696 -0.129846 -0.169626 -0.179658
0.189696 -0.129843 -0.169659 -0.179748
0.189641 -0.129939 -0.169706 -0.179857
0.189641 -0.129939 -0.169706 -0.179857
0.189588 -0.130019 -0.169751 -0.17993
0.189588 -0.130019 -0.169782 -0.180021
0.189562 -0.130054 -0.169804 -0.180056
0.189495 -0.130149 -0.169883 -0.180032
0.189495 -0.130149 -0.169883 -0.180032
0.189493 -0.130148 -0.169859 -0.180146
0.189438 -0.130243 -0.169975 -0.180202
0.189453 -0.130201 -0.16989 -0.180198
0.189434 -0.130225 -0.169903 -0.180221
0.189365 -0.130322 -0.170021 -0.180269
0.1894 -0.13027 -0.170021 -0.180269
0.189385 -0.13029 -0.169935 -0.180283
0.189348 -0.130346 -0.169955 -0.180336
0.189348 -0.130346 -0.169955 -0.180336
0.189348 -0.130346 -0.169955 -0.180336
0.189304 -0.130383 -0.170069 -0.180375
0.189304 -0.130383 -0.170069 -0.180375
0.189321 -0.130399 -0.169964 -0.180385
0.189315 -0.130416 -0.169964 -0.1804
0.189261 -0.130494 -0.170039 -0.180329
0.189308 -0.130452 -0.169959 -0.180437
0.189308 -0.130471 -0.169954 -0.180456
0.189321 -0.130555 -0.169916 -0.180536
0.189321 -0.130555 -0.169916 -0.180536
0.189392 -0.130738 -0.169805 -0.180711
0.189392 -0.130738 -0.169805 -0.180711
0.189411 -0.130773 -0.169781 -0.18075
0.189411 -0.130773 -0.169781 -0.18075
0.189403 -0.130813 -0.169752 -0.180795
0.189434 -0.130811 -0.169752 -0.180795
0.189413 -0.13084 -0.169781 -0.180768
0.189518 -0.130979 -0.170012 -0.180932
0.189517 -0.130981 -0.170033 -0.180986
0.18956 -0.131032 -0.169613 -0.180968
0.18956 -0.131032 -0.169613 -0.180968
0.189649 -0.131093 -0.169511 -0.181082
0.189649 -0.131093 -0.169511 -0.181082
0.189656 -0.131149 -0.169432 -0.181084
0.1897 -0.131155 -0.169456 -0.181148
0.189706 -0.131219 -0.169455 -0.181156
0.189757 -0.131225 -0.169481 -0.181227
0.189788 -0.131262 -0.16936 -0.18126
0.18989 -0.131388 -0.169463 -0.181399
0.18989 -0.131388 -0.169463 -0.181399
0.18989 -0.131388 -0.169463 -0.181399
0.189962 -0.131479 -0.169168 -0.181475
0.189962 -0.131479 -0.169168 -0.181475
0.19 -0.131527 -0.169126 -0.181525
0.190081 -0.13163 -0.169037 -0.18163
0.190081 -0.13163 -0.169037 -0.18163
0.190129 -0.131925 -0.168939 -0.181919
0.190302 -0.131914 -0.168939 -0.181919
0.190302 -0.131914 -0.168939 -0.181919
0.190355 -0.132081 -0.168744 -0.18198
0.19044 -0.132076 -0.168646 -0.182088
0.190435 -0.132091 -0.168646 -0.182088
0.190479 -0.13215 -0.168598 -0.182148
0.190487 -0.132264 -0.168643 -0.182283
0.190569 -0.132274 -0.168499 -0.182275
0.190614 -0.132337 -0.168404 -0.182219
0.19084 -0.132663 -0.168199 -0.182661
0.19084 -0.132663 -0.168199 -0.182661
0.19084 -0.132663 -0.168199 -0.182661
0.190965 -0.132855 -0.168061 -0.182854
0.190934 -0.132899 -0.168104 -0.182814
0.190925 -0.132924 -0.168104 -0.182814
0.191045 -0.132982 -0.167973 -0.182984
0.191051 -0.133095 -0.167975 -0.183011
0.191043 -0.133119 -0.167975 -0.183011
0.191164 -0.13318 -0.167841 -0.183187
0.191167 -0.133301 -0.167848 -0.183209
0.191252 -0.133295 -0.167848 -0.183209
0.191285 -0.133516 -0.167716 -0.183416
0.191366 -0.13353 -0.167766 -0.183547
0.191366 -0.13353 -0.167614 -0.183538
0.191406 -0.133602 -0.167569 -0.183608
0.191363 -0.133663 -0.167628 -0.183554
0.191488 -0.13375 -0.167476 -0.183757
0.191529 -0.133827 -0.167429 -0.183835
0.191571 -0.133904 -0.167381 -0.183913
0.191613 -0.133982 -0.167333 -0.183988
0.191613 -0.133982 -0.167333 -0.183988
0.1916 -0.134148 -0.167526 -0.184015
0.191688 -0.134297 -0.167136 -0.184311
0.191635 -0.134372 -0.167209 -0.184245
0.191827 -0.134387 -0.167026 -0.184233
0.191869 -0.134469 -0.167037 -0.184472
0.191858 -0.134631 -0.167061 -0.184492
0.191955 -0.134641 -0.167061 -0.184492
0.191998 -0.134726 -0.166887 -0.18473
0.191987 -0.134893 -0.166976 -0.184918
0.192085 -0.134902 -0.166785 -0.184905
0.192129 -0.134991 -0.166735 -0.184993
0.192301 -0.135351 -0.166471 -0.185183
0.192301 -0.135351 -0.166534 -0.185349
0.192342 -0.13544 -0.166486 -0.185438
0.192332 -0.135601 -0.166569 -0.185632
0.192422 -0.13562 -0.166392 -0.185619
0.192462 -0.135709 -0.166346 -0.185709
0.192501 -0.135801 -0.1663 -0.185802
0.192483 -0.135988 -0.166382 -0.185994
0.19258 -0.135981 -0.166209 -0.185981
0.192697 -0.136256 -0.166073 -0.186257
0.192697 -0.136256 -0.166073 -0.186257
0.19265 -0.136322 -0.166136 -0.1862
0.19265 -0.136322 -0.166198 -0.186359
0.192775 -0.13644 -0.165982 -0.18644
0.192766 -0.136605 -0.166067 -0.186645
0.192766 -0.136605 -0.166067 -0.186645
0.192807 -0.136701 -0.165838 -0.186726
0.19304 -0.13698 -0.165689 -0.187013
0.193028 -0.137015 -0.165689 -0.187013
0.193028 -0.137015 -0.165689 -0.187013
0.19313 -0.137175 -0.165586 -0.187212
0.19313 -0.137175 -0.165586 -0.187212
0.193223 -0.137377 -0.165409 -0.187232
0.193211 -0.137414 -0.165478 -0.187412
0.193259 -0.137516 -0.165422 -0.187513
0.193293 -0.137838 -0.165248 -0.187822
0.193411 -0.137829 -0.165248 -0.187823
0.193411 -0.137829 -0.165248 -0.187823
0.193395 -0.138051 -0.165336 -0.18805
0.193515 -0.138041 -0.165336 -0.188051
0.193569 -0.138147 -0.165068 -0.188142
0.193556 -0.138376 -0.164941 -0.18836
0.19368 -0.138365 -0.164941 -0.18836
0.193682 -0.138552 -0.164952 -0.188403
0.193682 -0.138552 -0.164734 -0.188385
0.193856 -0.1387 -0.164743 -0.188692
0.193996 -0.13888 -0.164749 -0.188741
0.19398 -0.13893 -0.164603 -0.188922
0.194043 -0.139044 -0.164532 -0.189035
0.194241 -0.139397 -0.16431 -0.189386
0.194241 -0.139397 -0.16431 -0.189386
0.194241 -0.139397 -0.16431 -0.189386
0.194376 -0.139632 -0.164382 -0.189638
0.194376 -0.139631 -0.16416 -0.18962
0.194446 -0.13975 -0.164083 -0.189739
0.194517 -0.139871 -0.164005 -0.18986
0.194589 -0.13999 -0.163925 -0.189978
0.194589 -0.13999 -0.163925 -0.189978
0.194887 -0.14047 -0.163452 -0.190075
0.194887 -0.14047 -0.163452 -0.190075
0.194887 -0.14047 -0.163452 -0.190075
0.195039 -0.140705 -0.163363 -0.190508
0.195039 -0.140705 -0.163434 -0.190689
0.195076 -0.140881 -0.163405 -0.190764
0.195223 -0.140867 -0.163405 -0.190764
0.19528 -0.141066 -0.163174 -0.191055
0.195434 -0.141288 -0.163121 -0.191442
0.195383 -0.141448 -0.163121 -0.191442
0.195383 -0.141448 -0.163121 -0.191442
0.195862 -0.141962 -0.162558 -0.191866
0.195984 -0.142038 -0.162558 -0.191866
0.196046 -0.142193 -0.162161 -0.19209
0.196016 -0.142288 -0.162161 -0.19209
0.196231 -0.142423 -0.161969 -0.192328
0.196201 -0.14252 -0.161969 -0.192328
0.196418 -0.142652 -0.161969 -0.192581
0.196418 -0.142651 -0.161837 -0.192726
0.196632 -0.142848 -0.161869 -0.192699
0.196827 -0.143078 -0.161534 -0.193068
0.196925 -0.14319 -0.161431 -0.193181
0.196903 -0.14322 -0.161461 -0.193156
0.196872 -0.143318 -0.161265 -0.193137
0.197126 -0.143414 -0.161222 -0.193405
0.197228 -0.14353 -0.161316 -0.193542
0.197363 -0.143545 -0.160945 -0.193478
0.197469 -0.143657 -0.161038 -0.193608
0.197765 -0.1441 -0.160491 -0.19393
0.197765 -0.1441 -0.160555 -0.194093
0.197765 -0.1441 -0.160555 -0.194093
0.198022 -0.144227 -0.160254 -0.194155
0.19799 -0.144331 -0.160254 -0.194155
0.19808 -0.14448 -0.160234 -0.19441
0.19808 -0.14448 -0.160011 -0.194387
0.198341 -0.144681 -0.160176 -0.194696
0.198832 -0.145155 -0.159893 -0.195192
0.198832 -0.145155 -0.159442 -0.195145
0.198903 -0.14541 -0.159339 -0.195239
0.199082 -0.14539 -0.159403 -0.195403
0.199208 -0.145505 -0.159053 -0.195495
0.19932 -0.145644 -0.15873 -0.195574
0.199285 -0.14576 -0.15873 -0.195574
0.199578 -0.145873 -0.158676 -0.19583
0.199542 -0.145993 -0.158463 -0.195807
0.199852 -0.146087 -0.15839 -0.196079
0.199973 -0.14622 -0.158329 -0.196339
0.200118 -0.146323 -0.158117 -0.196315
0.200108 -0.146337 -0.157921 -0.19628
0.200526 -0.146675 -0.157699 -0.196668
0.200526 -0.146675 -0.157699 -0.196668
0.200985 -0.146903 -0.157424 -0.1969
0.200985 -0.146903 -0.15727 -0.197026
0.200945 -0.147034 -0.15727 -0.197026
0.201081 -0.147159 -0.157134 -0.197137
0.201272 -0.147136 -0.15692 -0.197112
0.201374 -0.147396 -0.156832 -0.197389
0.20147 -0.147266 -0.156705 -0.197487
0.203096 -0.148747 -0.155096 -0.198749
0.203248 -0.148792 -0.154951 -0.198947
0.203282 -0.148747 -0.154906 -0.198983
0.203282 -0.148746 -0.154931 -0.199048
0.203554 -0.14909 -0.154591 -0.199101
0.203669 -0.149276 -0.154343 -0.199272
0.203807 -0.149257 -0.154343 -0.199271
0.203934 -0.149335 -0.154218 -0.199351
0.204158 -0.149285 -0.153593 -0.199737
0.204158 -0.149285 -0.153593 -0.199737
0.204692 -0.14979 -0.153471 -0.199807
0.204959 -0.149916 -0.1532 -0.199975
0.204959 -0.149916 -0.1532 -0.199975
0.204959 -0.149916 -0.1532 -0.199975
0.205315 -0.150159 -0.152984 -0.200192
0.205315 -0.150159 -0.152852 -0.200174
0.205451 -0.15022 -0.152713 -0.200259
0.205451 -0.15022 -0.152713 -0.200259
0.205697 -0.15039 -0.152469 -0.200404
0.20596 -0.150558 -0.152372 -0.200592
0.20596 -0.150558 -0.152204 -0.200568
0.206227 -0.150733 -0.151935 -0.200737
0.206227 -0.150733 -0.151935 -0.200737
0.206915 -0.15119 -0.151239 -0.201194
0.206915 -0.15119 -0.151239 -0.201194
0.207052 -0.151284 -0.1511 -0.201289
0.207329 -0.151484 -0.150821 -0.201487
0.207329 -0.151484 -0.150821 -0.201487
0.207649 -0.151548 -0.15054 -0.201694
0.207649 -0.151547 -0.15054 -0.201694
0.20775 -0.151796 -0.150398 -0.201799
0.208038 -0.152024 -0.150292 -0.202051
0.208038 -0.152024 -0.150109 -0.202023
0.208207 -0.152106 -0.149571 -0.202106
0.208115 -0.152438 -0.149571 -0.202106
0.208478 -0.152378 -0.149668 -0.202376
0.208641 -0.152479 -0.149501 -0.202512
0.20859 -0.152663 -0.149501 -0.202512
0.209084 -0.152899 -0.149064 -0.202893
0.209084 -0.152899 -0.149064 -0.202893
0.20905 -0.153067 -0.149093 -0.203058
0.209397 -0.153172 -0.148753 -0.203168
0.209579 -0.153291 -0.148565 -0.203337
0.20952 -0.153507 -0.148565 -0.203337
0.209881 -0.153623 -0.148274 -0.203614
0.210279 -0.153707 -0.148073 -0.203799
0.210215 -0.153943 -0.148073 -0.203799
0.210385 -0.154103 -0.147777 -0.204093
0.210801 -0.154189 -0.147562 -0.204296
0.210731 -0.154446 -0.147562 -0.204296
0.210907 -0.154617 -0.147265 -0.204605
0.211341 -0.154702 -0.147034 -0.204825
0.211341 -0.154702 -0.147034 -0.204825
0.211818 -0.15554 -0.146376 -0.205525
0.211818 -0.15554 -0.146376 -0.205525
0.211818 -0.15554 -0.146376 -0.205525
0.21346 -0.15658 -0.144964 -0.207108
0.213643 -0.156545 -0.145008 -0.207231
0.213731 -0.157042 -0.144726 -0.207385
0.213993 -0.157097 -0.144448 -0.207636
0.213993 -0.157097 -0.144448 -0.207636
0.214172 -0.157863 -0.144132 -0.207877
0.214345 -0.158233 -0.143766 -0.208104
0.214522 -0.158199 -0.143803 -0.20821
0.214697 -0.15836 -0.143638 -0.208372
0.214873 -0.158526 -0.143472 -0.208537
0.21505 -0.15869 -0.143305 -0.2087
0.21513 -0.158582 -0.1432 -0.208774
0.215758 -0.159327 -0.142636 -0.209339
0.215758 -0.159327 -0.142636 -0.209339
0.215758 -0.159327 -0.142636 -0.209339
0.215931 -0.159685 -0.142402 -0.209675
0.216115 -0.159648 -0.142299 -0.209656
0.216295 -0.159809 -0.142128 -0.209815
0.216556 -0.159868 -0.141854 -0.210046
0.216471 -0.160176 -0.141893 -0.210159
0.216848 -0.160298 -0.141606 -0.210299
0.217115 -0.16036 -0.141324 -0.210535
0.217115 -0.16036 -0.141324 -0.210535
0.217499 -0.160691 -0.140959 -0.21087
0.217499 -0.160691 -0.140959 -0.21087
0.218204 -0.161489 -0.140321 -0.211484
0.218204 -0.161489 -0.140321 -0.211484
0.218495 -0.161327 -0.140133 -0.211658
0.218403 -0.161663 -0.140133 -0.211658
0.218699 -0.161497 -0.140013 -0.211738
0.218808 -0.162021 -0.139752 -0.21201
0.219113 -0.162074 -0.139429 -0.212279
0.219322 -0.162029 -0.139429 -0.212279
0.219434 -0.162816 -0.138964 -0.212754
0.219434 -0.162816 -0.138964 -0.212754
0.220735 -0.163714 -0.137948 -0.213714
0.220955 -0.163909 -0.137792 -0.213816
0.220955 -0.163909 -0.137708 -0.213798
0.221175 -0.164102 -0.13754 -0.2141
0.22162 -0.164499 -0.137095 -0.214388
0.22162 -0.164498 -0.137095 -0.214387
0.221843 -0.16469 -0.136922 -0.214685
0.222297 -0.165092 -0.136568 -0.215095
0.222297 -0.165091 -0.136504 -0.215082
0.222525 -0.165287 -0.136294 -0.21528
0.222902 -0.165297 -0.135923 -0.215697
0.222989 -0.165698 -0.135868 -0.215686
0.223222 -0.165898 -0.135654 -0.215889
0.223459 -0.166108 -0.135438 -0.216097
0.223614 -0.165901 -0.135236 -0.216224
0.223937 -0.166525 -0.135001 -0.216515
0.224345 -0.16652 -0.134566 -0.216863
0.224345 -0.16652 -0.134594 -0.216952
0.224671 -0.16717 -0.134334 -0.21716
0.22492 -0.167394 -0.134108 -0.217379
0.225096 -0.167158 -0.133906 -0.217607
0.225709 -0.166814 -0.133673 -0.217829
0.226451 -0.16581 -0.1327 -0.218428
0.226451 -0.16581 -0.1327 -0.218428
0.227172 -0.168921 -0.131995 -0.21934
0.227172 -0.168921 -0.131995 -0.21934
0.227172 -0.168921 -0.131995 -0.21934
0.227879 -0.169095 -0.131275 -0.219936
0.227879 -0.169093 -0.131275 -0.219936
0.227993 -0.170045 -0.131313 -0.220062
0.228454 -0.170002 -0.130821 -0.220434
0.228516 -0.170502 -0.130846 -0.220496
0.228778 -0.170719 -0.13061 -0.220714
0.229256 -0.170661 -0.130098 -0.221098
0.22931 -0.17117 -0.130136 -0.221157
0.229364 -0.171445 -0.129881 -0.221329
0.23067 -0.172301 -0.128926 -0.222299
0.231117 -0.171937 -0.128627 -0.222474
0.231117 -0.171937 -0.128627 -0.222474
0.231221 -0.172747 -0.128436 -0.222759
0.231959 -0.172613 -0.127882 -0.223168
0.231959 -0.172613 -0.127882 -0.223168
0.232058 -0.173452 -0.127696 -0.223453
0.232841 -0.173023 -0.1268 -0.224059
0.232689 -0.174218 -0.126939 -0.224126
0.232906 -0.174161 -0.126939 -0.224126
0.23319 -0.174389 -0.126698 -0.224395
0.233477 -0.174638 -0.126447 -0.224633
0.233545 -0.174933 -0.126109 -0.224824
0.234053 -0.175115 -0.125941 -0.225112
0.234344 -0.175357 -0.12568 -0.225329
0.234929 -0.175847 -0.12517 -0.225822
0.235519 -0.176335 -0.124551 -0.226292
0.235519 -0.176335 -0.12466 -0.226335
0.235519 -0.176335 -0.12466 -0.226335
0.236117 -0.176849 -0.124022 -0.226793
0.236117 -0.176848 -0.124142 -0.226835
0.236197 -0.177159 -0.123758 -0.227057
0.236812 -0.177007 -0.123214 -0.22757
0.236812 -0.177007 -0.123355 -0.227608
0.237219 -0.177572 -0.122668 -0.228102
0.237219 -0.177572 -0.122825 -0.228144
0.238199 -0.177655 -0.122557 -0.228417
0.238271 -0.178712 -0.122288 -0.228694
0.238907 -0.179271 -0.121559 -0.229208
0.238907 -0.179271 -0.121745 -0.22926
0.239228 -0.179556 -0.121471 -0.229547
0.240159 -0.17929 -0.120712 -0.230077
0.240159 -0.17929 -0.120917 -0.230135
0.24021 -0.180444 -0.120638 -0.230434
0.240938 -0.18023 -0.119851 -0.231002
0.240938 -0.180229 -0.120073 -0.231044
0.241215 -0.181366 -0.119561 -0.231312
0.241555 -0.181687 -0.119259 -0.2316
0.242316 -0.18144 -0.118677 -0.232266
0.242243 -0.182325 -0.11867 -0.232237
0.24259 -0.182642 -0.11863 -0.232635
0.242941 -0.182977 -0.118336 -0.232962
0.243803 -0.18527 -0.116028 -0.234809
0.243803 -0.18527 -0.116028 -0.234809
0.245899 -0.185362 -0.115314 -0.236227
0.245629 -0.18616 -0.115316 -0.236233
0.245724 -0.186512 -0.115004 -0.236538
0.245724 -0.186512 -0.115004 -0.236538
0.246107 -0.186011 -0.114689 -0.23683
0.246094 -0.187132 -0.114378 -0.237141
0.246365 -0.187444 -0.114065 -0.237442
0.246691 -0.187749 -0.113752 -0.237744
0.24737 -0.187131 -0.113235 -0.237994
0.247381 -0.188339 -0.113131 -0.238346
0.247817 -0.189042 -0.112529 -0.238987
0.248107 -0.188952 -0.112518 -0.238941
0.248466 -0.189239 -0.112215 -0.239237
0.248918 -0.189915 -0.111632 -0.239909
0.249186 -0.189832 -0.111614 -0.239828
0.249544 -0.190124 -0.111316 -0.240122
0.250004 -0.190797 -0.110748 -0.240824
0.250261 -0.190717 -0.110723 -0.240711
0.251138 -0.190329 -0.110165 -0.241437
0.250717 -0.191403 -0.110165 -0.241437
0.25188 -0.190897 -0.109155 -0.241913
0.25188 -0.190897 -0.109155 -0.241913
0.252062 -0.192212 -0.109288 -0.242358
0.252621 -0.191478 -0.10858 -0.24268
0.254225 -0.194005 -0.107482 -0.244045
0.254789 -0.193265 -0.106771 -0.244361
0.254533 -0.194306 -0.107184 -0.244347
0.254828 -0.19461 -0.106884 -0.24465
0.255726 -0.194186 -0.105868 -0.245261
0.255533 -0.195237 -0.10628 -0.245249
0.255905 -0.19553 -0.105976 -0.245555
0.256865 -0.195086 -0.104938 -0.246175
0.256656 -0.196162 -0.104905 -0.246002
0.257408 -0.196765 -0.104797 -0.246954
0.257408 -0.196765 -0.104763 -0.246778
0.257784 -0.197074 -0.104459 -0.247089
0.258785 -0.196585 -0.103375 -0.247727
0.258542 -0.197722 -0.103854 -0.247715
0.258919 -0.198027 -0.103552 -0.248033
0.259566 -0.197181 -0.103291 -0.248566
0.259681 -0.198676 -0.102949 -0.248677
0.260756 -0.198118 -0.10178 -0.249362
0.260756 -0.198118 -0.10178 -0.249362
0.260833 -0.199683 -0.102044 -0.249679
0.261614 -0.200392 -0.101438 -0.25037
0.261614 -0.200392 -0.101438 -0.25037
0.262005 -0.200731 -0.101133 -0.250728
0.262802 -0.201472 -0.100518 -0.251453
0.262802 -0.201472 -0.100518 -0.251453
0.263582 -0.200457 -0.0995413 -0.251846
0.266272 -0.203095 -0.0973156 -0.254302
0.265733 -0.204364 -0.0979632 -0.254536
0.26589 -0.204584 -0.0976148 -0.254919
0.266016 -0.204934 -0.0972585 -0.255297
0.266181 -0.2059 -0.0965975 -0.256218
0.266181 -0.2059 -0.0965723 -0.256054
0.266354 -0.206787 -0.095902 -0.256959
0.266354 -0.206787 -0.095878 -0.256797
0.266447 -0.207661 -0.0952044 -0.257709
0.266447 -0.207661 -0.0952044 -0.257709
0.267094 -0.207901 -0.0948289 -0.257915
0.267482 -0.20829 -0.0945093 -0.258476
0.268657 -0.209925 -0.092443 -0.259525
0.269154 -0.209744 -0.0931068 -0.259775
0.270246 -0.20904 -0.0917888 -0.260491
0.269681 -0.210469 -0.0924389 -0.260491
0.269873 -0.210813 -0.0921114 -0.260844
0.270101 -0.211176 -0.0917873 -0.261188
0.270324 -0.211512 -0.0914655 -0.261537
0.271474 -0.210784 -0.0908712 -0.262551
0.271009 -0.212229 -0.0908268 -0.262223
0.272288 -0.211414 -0.0894035 -0.262955
0.272286 -0.211412 -0.0902504 -0.263278
0.272221 -0.213245 -0.0898929 -0.263261
0.273044 -0.213939 -0.0883644 -0.263599
0.273043 -0.213938 -0.0892848 -0.263952
0.273451 -0.214276 -0.0889845 -0.264297
0.274875 -0.213361 -0.0874892 -0.265511
0.274875 -0.213361 -0.0874352 -0.265063
0.275674 -0.216233 -0.0872147 -0.266394
0.27685 -0.214906 -0.0860007 -0.266794
0.275849 -0.216374 -0.0860007 -0.266794
0.277886 -0.214059 -0.0861287 -0.26856
0.2761 -0.216946 -0.0860317 -0.267733
0.2761 -0.216946 -0.0860317 -0.267733
0.277044 -0.215892 -0.0854772 -0.268784
0.275998 -0.217351 -0.0854772 -0.268784
0.275911 -0.217831 -0.0840282 -0.269457
0.276003 -0.217795 -0.0840288 -0.269456
0.275926 -0.217992 -0.0846135 -0.27011
0.276667 -0.217074 -0.0839345 -0.269972
0.275735 -0.218307 -0.0839345 -0.269972
0.275449 -0.218581 -0.0830545 -0.270872
0.275449 -0.218581 -0.0830545 -0.270872
0.27617 -0.217532 -0.0819148 -0.270844
0.276172 -0.217536 -0.082763 -0.271169
0.27533 -0.21844 -0.0824745 -0.271468
0.276137 -0.217348 -0.0822148 -0.271748
0.275324 -0.218309 -0.0819617 -0.272035
0.275469 -0.21805 -0.080591 -0.272662
0.27542 -0.218069 -0.0815466 -0.27259
0.27643 -0.216672 -0.0801755 -0.273217
0.275708 -0.217543 -0.0801755 -0.273217
0.27578 -0.217263 -0.0809097 -0.273413
0.276879 -0.215771 -0.0805521 -0.274418
0.276175 -0.216607 -0.0805521 -0.274418
0.276418 -0.2162 -0.0802844 -0.274219
0.277336 -0.215017 -0.080071 -0.274483
0.277015 -0.215301 -0.0788881 -0.274831
0.287428 -0.201253 -0.0650587 -0.278481
0.287428 -0.201253 -0.0650587 -0.278481
0.285121 -0.204727 -0.0760984 -0.279192
0.285121 -0.204727 -0.0760984 -0.279192
0.286594 -0.203067 -0.0750587 -0.279633
0.286594 -0.203067 -0.0750587 -0.279633
0.288087 -0.201773 -0.074871 -0.280413
0.288078 -0.201762 -0.074871 -0.280413
0.289228 -0.200567 -0.0737751 -0.280831
0.289228 -0.200567 -0.0743861 -0.281055
0.289737 -0.199964 -0.0742205 -0.28138
0.290103 -0.199403 -0.0741361 -0.281891
0.292324 -0.196227 -0.0734512 -0.28327
0.292324 -0.196227 -0.0734512 -0.28327
0.294175 -0.193003 -0.0722323 -0.284825
0.294175 -0.193003 -0.0722323 -0.284825
0.294956 -0.191672 -0.0717565 -0.285424
0.294956 -0.191672 -0.0717565 -0.285424
0.295894 -0.190086 -0.0706043 -0.285955
0.295719 -0.190329 -0.0706042 -0.285955
0.296102 -0.189645 -0.0711788 -0.286306
0.297003 -0.188 -0.0709582 -0.286872
0.29686 -0.188201 -0.0709569 -0.286874
0.297902 -0.186408 -0.0698477 -0.287406
0.297906 -0.186413 -0.0708214 -0.287741
0.298047 -0.185877 -0.0707237 -0.287703
0.298455 -0.184952 -0.0696647 -0.287616
0.299368 -0.183061 -0.0705992 -0.288815
0.299368 -0.183061 -0.0705992 -0.288815
0.300932 -0.180058 -0.0693321 -0.288982
0.300932 -0.180058 -0.0693321 -0.288982
0.300932 -0.180058 -0.0693321 -0.288982
0.302084 -0.177942 -0.0700664 -0.28978
0.302082 -0.17794 -0.0700663 -0.28978
0.302682 -0.176837 -0.0700539 -0.29003
0.303988 -0.17451 -0.0689462 -0.29055
0.303989 -0.17451 -0.0701578 -0.290511
0.305257 -0.172154 -0.0702519 -0.290988
0.305257 -0.172154 -0.0702519 -0.290988
0.306633 -0.169698 -0.0690925 -0.291515
0.306647 -0.169685 -0.0702937 -0.29146
0.307363 -0.168423 -0.0702867 -0.291699
0.308779 -0.165863 -0.0690782 -0.292225
0.309509 -0.164551 -0.0690873 -0.292458
0.309568 -0.16451 -0.0702804 -0.292402
0.31101 -0.161862 -0.0689883 -0.292939
0.31101 -0.161862 -0.0689883 -0.292939
0.311839 -0.160441 -0.0701463 -0.293115
0.313368 -0.157628 -0.0687607 -0.293221
0.313368 -0.157628 -0.0687607 -0.293221
0.314138 -0.156197 -0.0700144 -0.293831
0.3156 -0.153339 -0.0699358 -0.294731
0.315689 -0.153278 -0.0699383 -0.294729
0.316472 -0.151796 -0.069805 -0.294567
0.318834 -0.14717 -0.0696143 -0.295321
0.318834 -0.14717 -0.0696143 -0.295321
0.318834 -0.14717 -0.0696143 -0.295321
0.320275 -0.144187 -0.0694808 -0.295863
0.320275 -0.144187 -0.0694808 -0.295863
0.321255 -0.142411 -0.0694283 -0.296114
0.322863 -0.139108 -0.0679834 -0.296334
0.322863 -0.139108 -0.0693216 -0.296649
0.32429 -0.13597 -0.0678638 -0.296887
0.32429 -0.13597 -0.0678638 -0.296887
0.325282 -0.133999 -0.0691836 -0.297485
0.326029 -0.132422 -0.0678406 -0.297799
0.32691 -0.130518 -0.0690998 -0.298066
0.328431 -0.127125 -0.0690905 -0.298956
0.328431 -0.127125 -0.0690905 -0.298956
0.32982 -0.123794 -0.0676285 -0.299275
0.32982 -0.123794 -0.0676285 -0.299275
0.330962 -0.121362 -0.0689496 -0.299567
0.332476 -0.117797 -0.0689091 -0.300196
0.333393 -0.115605 -0.0688936 -0.300518
0.333921 -0.11408 -0.0675131 -0.300836
0.334097 -0.113924 -0.0689295 -0.301087
0.335019 -0.111693 -0.068864 -0.301181
0.336321 -0.108149 -0.0674688 -0.301824
0.336615 -0.10765 -0.0688491 -0.301847
0.337901 -0.104046 -0.067439 -0.302515
0.338085 -0.103873 -0.067439 -0.302515
0.338993 -0.101461 -0.0688477 -0.302892
0.341112 -0.0952838 -0.0689139 -0.304119
0.342107 -0.0929303 -0.0688794 -0.304365
0.343288 -0.0892809 -0.0675384 -0.305058
0.343648 -0.0886572 -0.0675154 -0.30497
0.344401 -0.0865123 -0.0689198 -0.305533
0.345502 -0.0828504 -0.0689585 -0.306377
0.345857 -0.082176 -0.0689585 -0.306377
0.346571 -0.08002 -0.068958 -0.306753
0.347599 -0.0763538 -0.067646 -0.307467
0.347941 -0.0756621 -0.068997 -0.307585
0.348361 -0.073768 -0.0690076 -0.308003
0.349263 -0.0713171 -0.0676976 -0.308318
0.351126 -0.0647517 -0.0691134 -0.309789
0.351126 -0.0647517 -0.0691134 -0.309789
0.351126 -0.0647517 -0.0691134 -0.309789
0.353111 -0.0568549 -0.0679437 -0.311454
0.353176 -0.0564966 -0.0692281 -0.311651
0.353971 -0.0540448 -0.0692591 -0.312122
0.354667 -0.0504908 -0.0693332 -0.313072
0.354952 -0.0497574 -0.0693265 -0.313075
0.355426 -0.0476318 -0.0693619 -0.313561
0.357593 -0.0369474 -0.0695699 -0.316027
0.357593 -0.0369474 -0.0695699 -0.316027
0.358012 -0.0348852 -0.0696128 -0.316536
0.35872 -0.0311701 -0.0695886 -0.317291
0.35872 -0.0311701 -0.0695886 -0.317291
0.359453 -0.02669 -0.0698001 -0.31857
0.359453 -0.02669 -0.0698001 -0.31857
0.359852 -0.0233321 -0.0686691 -0.31934
0.360004 -0.0231009 -0.0697935 -0.319313
0.360311 -0.0205398 -0.0699554 -0.320099
0.360657 -0.016584 -0.0689004 -0.321155
0.36066 -0.0165851 -0.0700733 -0.32111
0.361035 -0.0142702 -0.070136 -0.321619
0.361452 -0.00998126 -0.0690755 -0.322687
0.361455 -0.00998247 -0.0702718 -0.322623
0.361661 -0.00782204 -0.0703441 -0.323124
0.362033 -0.00341659 -0.0704993 -0.324111
0.362035 -0.00341739 -0.0704993 -0.324111
0.36205 -0.00200311 -0.0693505 -0.324694
0.362366 0.00108086 -0.0705167 -0.324801
0.362516 0.00336819 -0.0704467 -0.324993
0.362618 0.00767108 -0.0697037 -0.32666
0.362586 0.00911781 -0.0683934 -0.326943
0.362586 0.00911781 -0.0709071 -0.326712
0.363045 0.0126934 -0.0709698 -0.3272
0.363199 0.0175568 -0.0713605 -0.32847
0.363199 0.0175568 -0.0713605 -0.32847
0.363432 0.0243598 -0.0715086 -0.329554
0.363373 0.024993 -0.0717109 -0.329893
0.363373 0.024993 -0.0717109 -0.329893
0.363464 0.0325013 -0.0720649 -0.331325
0.363464 0.0325013 -0.0720649 -0.331325
0.363468 0.035012 -0.0710002 -0.331978
0.363468 0.035012 -0.0721893 -0.331804
0.363266 0.0450967 -0.0727176 -0.333745
0.363266 0.0450967 -0.0727176 -0.333745
0.363127 0.0500344 -0.0729925 -0.334726
0.363127 0.0500344 -0.0729925 -0.334726
0.362691 0.0544944 -0.0721714 -0.335923
0.362865 0.0549525 -0.0732769 -0.335719
0.362701 0.057398 -0.0734217 -0.336222
0.362319 0.0622665 -0.0726544 -0.337446
0.362316 0.062267 -0.073717 -0.337236
0.362033 0.0664148 -0.0726493 -0.338018
0.362033 0.0664148 -0.0726493 -0.338018
0.361373 0.0707497 -0.0729677 -0.339049
0.361341 0.071867 -0.0743285 -0.339304
0.360771 0.076591 -0.0746548 -0.340355
0.360771 0.076591 -0.0746548 -0.340355
0.360464 0.0789306 -0.0748061 -0.340891
0.359104 0.0871445 -0.0741637 -0.342767
0.359104 0.0871445 -0.0754693 -0.343063
0.358726 0.0904595 -0.075637 -0.343615
0.357985 0.094857 -0.0759837 -0.344734
0.357985 0.094857 -0.0759792 -0.344735
0.357295 0.0981104 -0.0763344 -0.345869
0.357295 0.0981104 -0.0763344 -0.345869
0.355905 0.105398 -0.0756321 -0.347251
0.355905 0.105398 -0.0768473 -0.347601
0.355905 0.105398 -0.0768473 -0.347601
0.354662 0.110464 -0.0768789 -0.348808
0.354662 0.110464 -0.0768789 -0.348808
0.354662 0.110464 -0.0768789 -0.348808
0.353663 0.11443 -0.0777546 -0.350556
0.353534 0.115372 -0.0777546 -0.350556
0.352452 0.119248 -0.0769723 -0.351391
0.352452 0.119248 -0.0781338 -0.351792
0.351876 0.121183 -0.0783291 -0.352408
0.350706 0.12504 -0.0787395 -0.353657
0.350706 0.12504 -0.0787294 -0.353659
0.349785 0.127894 -0.0791427 -0.35494
0.349516 0.128869 -0.0791427 -0.35494
0.348551 0.131711 -0.0783899 -0.355803
0.348211 0.132374 -0.0795711 -0.356247
0.347271 0.135522 -0.0788457 -0.357121
0.347271 0.135522 -0.0800134 -0.357582
0.34632 0.138425 -0.0802395 -0.358258
0.344973 0.142231 -0.0807032 -0.35964
0.344973 0.142231 -0.0807032 -0.35964
0.340666 0.154015 -0.0816482 -0.364026
0.340666 0.154015 -0.0816482 -0.364026
0.338587 0.15978 -0.0831589 -0.366931
0.338587 0.15978 -0.0831589 -0.366931
0.338587 0.15978 -0.0831589 -0.366931
0.337615 0.162061 -0.083656 -0.368455
0.33735 0.162839 -0.0836629 -0.368455
0.336352 0.165027 -0.0839803 -0.370091
0.336352 0.165027 -0.084172 -0.370021
0.335292 0.167306 -0.0844305 -0.370799
0.333896 0.170215 -0.0849471 -0.372388
0.333219 0.171637 -0.0852063 -0.373188
0.332905 0.172239 -0.0845308 -0.373344
0.332537 0.173044 -0.0846069 -0.373314
0.331159 0.175805 -0.0850906 -0.374944
0.330857 0.176367 -0.0844531 -0.375091
0.330857 0.176367 -0.0844531 -0.375091
0.326929 0.184083 -0.087035 -0.380855
0.326929 0.184083 -0.0879086 -0.381571
0.325966 0.185937 -0.0881951 -0.382427
0.325021 0.187783 -0.0879149 -0.383444
0.325021 0.187783 -0.0887598 -0.384201
0.323967 0.189396 -0.089048 -0.38508
0.322646 0.191409 -0.0898132 -0.386804
0.322637 0.191638 -0.0898132 -0.386804
0.321744 0.193137 -0.0894301 -0.387897
0.321744 0.193137 -0.0894301 -0.387897
0.321065 0.194219 -0.0897381 -0.388821
0.318495 0.198429 -0.0919793 -0.39313
0.318495 0.198429 -0.0919793 -0.39313
0.316864 0.201133 -0.091173 -0.394404
0.316865 0.201133 -0.0922586 -0.395113
0.316226 0.202119 -0.0925527 -0.39606
0.314946 0.203812 -0.092072 -0.397281
0.314946 0.203812 -0.092072 -0.397281
0.313665 0.205889 -0.0937493 -0.399872
0.313526 0.206097 -0.0934853 -0.399935
0.313058 0.206565 -0.0940505 -0.400854
0.312307 0.207832 -0.0941421 -0.401874
0.311801 0.208328 -0.0946614 -0.402845
0.311162 0.209368 -0.0949644 -0.403846
0.30938 0.211527 -0.0958942 -0.40696
0.30935 0.211747 -0.0958942 -0.40696
0.309302 0.211813 -0.0958107 -0.406981
0.308814 0.21248 -0.0958107 -0.406981
0.308262 0.213186 -0.0965205 -0.409103
0.307111 0.214373 -0.0971626 -0.411348
0.307094 0.214527 -0.0971626 -0.411348
0.306569 0.215119 -0.097543 -0.412472
0.306547 0.215259 -0.097543 -0.412472
0.305463 0.216338 -0.0981455 -0.414839
0.30443 0.217416 -0.0988149 -0.417288
0.30443 0.217416 -0.0988149 -0.417288
0.303488 0.218259 -0.0979983 -0.41902
0.303488 0.218259 -0.0979983 -0.41902
0.30303 0.21869 -0.0983492 -0.420323
0.30256 0.219125 -0.0986292 -0.421644
0.302157 0.219386 -0.0974315 -0.422144
0.301712 0.219973 -0.100889 -0.425202
0.301485 0.220037 -0.101628 -0.426542
0.300895 0.220527 -0.0999493 -0.427184
0.300725 0.220671 -0.104202 -0.430302
0.30072 0.220671 -0.104202 -0.430302
0.29981 0.221369 -0.102695 -0.432524
0.29948 0.221562 -0.103065 -0.434093
0.299178 0.221726 -0.103623 -0.433959
0.299476 0.221319 -0.10422 -0.433815
0.298399 0.221714 -0.105985 -0.443568
0.298399 0.221714 -0.105985 -0.443568
0.298725 0.221276 -0.101975 -0.445088
0.297714 0.222106 -0.105156 -0.451004
0.297475 0.222002 -0.107997 -0.455315
0.29749 0.222037 -0.107997 -0.455315
0.297708 0.221566 -0.10876 -0.458664
0.297708 0.221566 -0.10876 -0.458664
0.297174 0.221886 -0.109143 -0.460305
0.296943 0.22174 -0.110271 -0.461823
0.296943 0.22174 -0.109901 -0.463651
0.296733 0.221547 -0.111106 -0.465114
0.296733 0.221547 -0.111106 -0.465114
0.296985 0.220712 -0.111771 -0.47204
0.29648 0.221141 -0.111775 -0.472039
0.29648 0.221141 -0.111775 -0.472039
0.29691 0.220343 -0.110057 -0.474464
0.29691 0.220343 -0.110057 -0.474464
0.296358 0.219798 -0.11731 -0.481019
0.296358 0.219798 -0.11731 -0.481019
0.297449 0.2181 -0.115756 -0.4851
0.297025 0.218492 -0.117899 -0.485815
0.29725 0.217787 -0.116093 -0.488101
0.296758 0.218155 -0.11498 -0.490171
0.297366 0.217024 -0.116344 -0.491555
0.296849 0.217384 -0.115093 -0.493527
0.296919 0.216978 -0.114998 -0.495029
0.297474 0.216213 -0.116296 -0.494719
0.297169 0.215208 -0.117127 -0.499316
0.297169 0.215208 -0.117127 -0.499316
0.297702 0.21447 -0.118386 -0.499013
0.297256 0.2148 -0.120057 -0.499503
0.297351 0.214216 -0.113452 -0.502581
0.297933 0.212717 -0.113 -0.505313
0.297937 0.212181 -0.110818 -0.505955
0.297368 0.212597 -0.112653 -0.506516
0.297391 0.212037 -0.112249 -0.507628
0.297935 0.210695 -0.113003 -0.508238
0.297935 0.210695 -0.113003 -0.508238
0.297988 0.20932 -0.112487 -0.510086
0.297988 0.20932 -0.112487 -0.510086
0.297502 0.209074 -0.108621 -0.511724
0.297412 0.208076 -0.10575 -0.51323
0.297449 0.207768 -0.107049 -0.513637
0.298021 0.206269 -0.107609 -0.514153
0.297436 0.206408 -0.108677 -0.514485
0.297453 0.205707 -0.104274 -0.516032
0.298018 0.204156 -0.101285 -0.517255
0.298018 0.204156 -0.101278 -0.517257
0.297437 0.203512 -0.101324 -0.518293
0.297429 0.202756 -0.100313 -0.519001
0.297408 0.201989 -0.0992972 -0.519712
0.298043 0.198097 -0.0965277 -0.521609
0.298071 0.197743 -0.0942467 -0.522301
0.297773 0.197264 -0.0933589 -0.522694
0.298312 0.195765 -0.0911957 -0.523309
0.29787 0.196094 -0.0917362 -0.523499
0.297947 0.19494 -0.0909623 -0.523859
0.298424 0.19306 -0.0914736 -0.524029
0.298424 0.19306 -0.0914736 -0.524029
0.297909 0.192345 -0.0899988 -0.524721
0.297909 0.192345 -0.0899988 -0.524721
0.298847 0.188956 -0.0879454 -0.525595
0.297753 0.189788 -0.085525 -0.525925
0.297706 0.189078 -0.0853478 -0.526376
0.297706 0.189078 -0.0853478 -0.526376
0.298082 0.187665 -0.086368 -0.526591
0.298102 0.18721 -0.0838951 -0.526906
0.297389 0.186946 -0.0831075 -0.527136
0.297711 0.185017 -0.0810431 -0.527439
0.297711 0.185017 -0.0810431 -0.527439
0.297429 0.183549 -0.0793001 -0.527793
0.296829 0.184007 -0.079511 -0.527876
0.296719 0.183246 -0.0785432 -0.528009
0.297031 0.181736 -0.0788715 -0.527936
0.297031 0.181736 -0.0790151 -0.527993
0.297259 0.17943 -0.078086 -0.527893
0.297259 0.17943 -0.0732591 -0.528309
0.297259 0.17943 -0.0732591 -0.528309
0.295958 0.176824 -0.0701212 -0.52828
0.295958 0.176824 -0.0701212 -0.52828
0.296375 0.176118 -0.071405 -0.5281
0.296377 0.17562 -0.0713588 -0.52808
0.295766 0.175164 -0.068009 -0.528194
0.295314 0.17412 -0.0682191 -0.527947
0.295314 0.17412 -0.0682191 -0.527947
0.295124 0.172631 -0.0670348 -0.527835
0.295987 0.171138 -0.0645757 -0.527508
0.294468 0.170902 -0.0646176 -0.527165
0.294468 0.170902 -0.0646176 -0.527165
0.294468 0.170902 -0.0646176 -0.527165
0.29434 0.168171 -0.0580402 -0.526787
0.294028 0.166973 -0.0557572 -0.526394
0.294027 0.166973 -0.0557558 -0.526395
0.29364 0.164502 -0.0527488 -0.525545
0.29364 0.164502 -0.0527488 -0.525545
0.29329 0.162639 -0.050045 -0.524761
0.29329 0.162639 -0.050045 -0.524761
0.293127 0.161702 -0.0486977 -0.52434
0.293326 0.160026 -0.0486652 -0.523753
0.293329 0.160025 -0.0486652 -0.523753
0.292498 0.158877 -0.0445639 -0.522905
0.292677 0.157194 -0.0445086 -0.522268
0.292677 0.157194 -0.044508 -0.522268
0.291861 0.156024 -0.0403955 -0.521287
0.291421 0.151506 -0.0428323 -0.519436
0.291421 0.151506 -0.0428323 -0.519436
0.291346 0.145443 -0.0281402 -0.515067
0.29161 0.144909 -0.0283097 -0.514451
0.291533 0.144083 -0.0283097 -0.514451
0.29101 0.143836 -0.02688 -0.51396
0.290929 0.143616 -0.0264977 -0.51351
0.290704 0.142565 -0.0261054 -0.513024
0.290282 0.14183 -0.0266537 -0.512457
0.290223 0.141357 -0.0252531 -0.511984
0.290275 0.140208 -0.0257725 -0.511406
0.289835 0.140603 -0.0243059 -0.510882
0.289551 0.139523 -0.0237846 -0.510292
0.28929 0.138901 -0.0232062 -0.509644
0.288628 0.1357 -0.0200108 -0.506389
0.288219 0.135572 -0.0200108 -0.506389
0.288095 0.134875 -0.0193789 -0.505748
0.287749 0.133489 -0.018075 -0.50436
0.287749 0.133489 -0.018075 -0.50436
0.287582 0.131532 -0.0177272 -0.502835
0.287582 0.131532 -0.0177272 -0.502835
0.287091 0.131394 -0.0160059 -0.50209
0.287149 0.130109 -0.0163139 -0.501301
0.287149 0.130109 -0.0163139 -0.501301
0.286376 0.129236 -0.0137559 -0.499604
0.285746 0.127758 -0.0120614 -0.497718
0.285746 0.127758 -0.0120614 -0.497718
0.284988 0.125415 -0.00943764 -0.494953
0.284988 0.125415 -0.00943764 -0.494953
0.284988 0.125415 -0.00943764 -0.494953
0.285244 0.124827 -0.0104752 -0.494925
0.284611 0.122604 -0.00872307 -0.492958
0.284864 0.122014 -0.00976217 -0.49293
0.284727 0.121362 -0.00976217 -0.49293
0.283529 0.121433 -0.00493632 -0.489684
0.283171 0.120627 -0.00394212 -0.488449
0.283033 0.1192 -0.00499369 -0.488184
0.282373 0.118991 -0.00282296 -0.486876
0.282009 0.118147 -0.000714586 -0.484503
0.281451 0.117109 0.000606183 -0.482829
0.281287 0.116428 0.00154195 -0.481777
0.281206 0.114931 0.00158402 -0.480399
0.281206 0.114931 0.00158402 -0.480399
0.280231 0.113803 0.00493828 -0.477481
0.279636 0.112779 0.00619604 -0.475658
0.279636 0.112779 0.00619604 -0.475658
0.279082 0.111167 0.00833035 -0.47291
0.278299 0.109409 0.00838587 -0.471369
0.278299 0.109409 0.00956931 -0.471037
0.277543 0.107654 0.0126967 -0.466599
0.277543 0.107654 0.0126967 -0.466599
0.277403 0.10618 0.0127069 -0.46504
0.276784 0.105917 0.0147346 -0.463451
0.276409 0.105059 0.0157044 -0.461876
0.274674 0.100885 0.0200466 -0.454286
0.274674 0.100885 0.0200466 -0.454286
0.27404 0.0985335 0.0218295 -0.450635
0.274034 0.0985363 0.0218295 -0.450635
0.274034 0.0985363 0.0218295 -0.450635
0.273482 0.0971612 0.0214646 -0.449443
0.273492 0.0971556 0.0227145 -0.448005
0.273128 0.0965178 0.0231331 -0.446586
0.272891 0.0954032 0.0227334 -0.445148
0.272891 0.0954032 0.0227334 -0.445148
0.271899 0.0946614 0.0244555 -0.442157
0.271874 0.0935898 0.0243363 -0.440868
0.271302 0.0939502 0.0253885 -0.439137
0.269907 0.0904582 0.0259726 -0.434524
0.269595 0.0908258 0.0265744 -0.4333
0.269284 0.0901676 0.0277 -0.431591
0.2689 0.0885057 0.0278681 -0.429907
0.268899 0.0885063 0.0284992 -0.428541
0.268232 0.0882538 0.0288764 -0.427028
0.26801 0.0871466 0.0284589 -0.425506
0.26801 0.0871466 0.0289816 -0.425282
0.267236 0.0859006 0.0291807 -0.422333
0.267015 0.0853561 0.0291809 -0.422334
0.266306 0.0851337 0.0306589 -0.419069
0.266048 0.0840343 0.0302287 -0.41745
0.265474 0.083895 0.030736 -0.41722
0.26507 0.0832683 0.0311162 -0.415471
0.264529 0.082532 0.0312368 -0.412399
0.264298 0.0819995 0.0312304 -0.412395
0.263105 0.0801256 0.0331476 -0.405687
0.263105 0.0801256 0.0331476 -0.405687
0.263105 0.0801256 0.0331476 -0.405687
0.262344 0.0788787 0.0331162 -0.402629
0.262344 0.0788787 0.0336558 -0.402358
0.262082 0.0778082 0.0336772 -0.398994
0.262082 0.0778082 0.0336772 -0.398994
0.261039 0.0770832 0.034298 -0.396938
0.260698 0.0760325 0.0337861 -0.395082
0.260698 0.0760325 0.0337861 -0.395082
0.257994 0.0728065 0.0351646 -0.384928
0.257994 0.0728065 0.0356756 -0.384634
0.257686 0.0721764 0.0357599 -0.383077
0.257564 0.0712891 0.0351037 -0.383128
0.257037 0.0709895 0.035808 -0.379882
0.256791 0.0700175 0.0351552 -0.378306
0.256791 0.0700175 0.0351552 -0.378306
0.255935 0.0693777 0.0357261 -0.37499
0.255552 0.068864 0.0356746 -0.373339
0.255019 0.0682916 0.0353071 -0.371501
0.254779 0.0678499 0.0353071 -0.371501
0.254519 0.0669251 0.0348551 -0.368427
0.254519 0.0669251 0.0348551 -0.368427
0.253637 0.0663412 0.0352765 -0.365001
0.253332 0.0654397 0.0345484 -0.363309
0.253332 0.0654397 0.0345484 -0.363309
0.252402 0.0648673 0.0349004 -0.359742
0.248926 0.0571609 0.0311788 -0.342903
0.24888 0.0568021 0.0307181 -0.34293
0.248847 0.0564572 0.0302519 -0.342577
0.248776 0.056145 0.029758 -0.341707
0.248731 0.0555349 0.0286408 -0.341245
0.2485 0.0555986 0.0286585 -0.341258
0.247512 0.0537814 0.0257211 -0.339942
0.247512 0.0537814 0.0259563 -0.335816
0.247344 0.0526998 0.0247355 -0.334491
0.247344 0.0526998 0.0247355 -0.334491
0.247193 0.0520196 0.0242441 -0.334519
0.24701 0.0523255 0.0244306 -0.332935
0.246853 0.0519668 0.0240132 -0.33211
0.246693 0.0512922 0.0230773 -0.331124
0.246354 0.0513053 0.0230872 -0.32995
0.246078 0.0509647 0.0226384 -0.328791
0.245779 0.0506168 0.0222103 -0.32754
0.245847 0.0502602 0.0217157 -0.327563
0.244997 0.0491934 0.0209097 -0.324914
0.244827 0.0494914 0.0210275 -0.323489
0.244505 0.0490883 0.0206603 -0.322082
0.244164 0.0486817 0.020282 -0.320604
0.243809 0.0482707 0.0198965 -0.319072
0.243113 0.0474144 0.0190235 -0.317588
0.243113 0.0474144 0.0190235 -0.317588
0.242766 0.0469779 0.0188118 -0.314587
0.242483 0.0461785 0.0178539 -0.311764
0.242483 0.0461785 0.0178539 -0.311764
0.241696 0.0456858 0.0176399 -0.310072
0.241392 0.0448971 0.0165679 -0.306988
0.241392 0.0448971 0.0165679 -0.306988
0.239361 0.0420107 0.0143253 -0.30009
0.239361 0.0420107 0.0143109 -0.300078
0.23892 0.0411374 0.0135387 -0.297989
0.23892 0.0411374 0.0135387 -0.297989
0.238564 0.040971 0.0129783 -0.295736
0.238291 0.0406172 0.0124377 -0.294572
0.237734 0.039928 0.0113418 -0.292214
0.237734 0.039928 0.0113418 -0.292214
0.237467 0.0395801 0.0108196 -0.291076
0.23711 0.039166 0.0097011 -0.288654
0.236893 0.0389072 0.0097011 -0.288654
0.23661 0.0385669 0.00915428 -0.287456
0.236369 0.0378942 0.00816919 -0.286231
0.236245 0.0381534 0.0080194 -0.284977
0.235739 0.0375497 0.0074642 -0.283761
0.235448 0.0372088 0.00689631 -0.282524
0.235151 0.0368704 0.0063172 -0.281267
0.232922 0.0322317 2.63623e-05 -0.271061
0.232922 0.0322317 2.63623e-05 -0.271061
0.232647 0.0315615 -0.000958454 -0.269911
0.232649 0.0315597 -0.000952743 -0.269916
0.232567 0.0312519 -0.00145523 -0.269496
0.232392 0.0305422 -0.00242329 -0.269005
0.232333 0.0306898 -0.00255875 -0.268434
0.232205 0.0304138 -0.00311246 -0.267855
0.232097 0.0298285 -0.0040625 -0.267188
0.231905 0.0298713 -0.00424251 -0.266472
0.23175 0.0295917 -0.0048304 -0.265768
0.231437 0.0287089 -0.00636465 -0.264155
0.231227 0.0287355 -0.00633148 -0.264126
0.231227 0.0287355 -0.00633148 -0.264126
0.230728 0.0278031 -0.00810686 -0.261083
0.230728 0.0278031 -0.00810686 -0.261083
0.230728 0.0278031 -0.00810686 -0.261083
0.230527 0.0273287 -0.00919646 -0.259498
0.230377 0.0271748 -0.0091958 -0.259499
0.229423 0.0250058 -0.012706 -0.254866
0.229423 0.0250058 -0.012706 -0.254866
0.229192 0.0248999 -0.0129402 -0.253989
0.228969 0.0241276 -0.0139802 -0.252742
0.228969 0.0241276 -0.0139802 -0.252742
0.228799 0.0239106 -0.0144383 -0.25208
0.228668 0.023592 -0.0149507 -0.251459
0.228695 0.023276 -0.0153159 -0.251426
0.22829 0.0226498 -0.0164794 -0.24966
0.22829 0.0226498 -0.0164794 -0.24966
0.228315 0.0223337 -0.0168438 -0.249626
0.227813 0.0214205 -0.0185037 -0.247391
0.227813 0.0214205 -0.0185037 -0.247391
0.227798 0.0212107 -0.0190283 -0.246854
0.227798 0.0212107 -0.0190071 -0.246835
0.22761 0.0204917 -0.0198269 -0.246242
0.227632 0.0201769 -0.0201855 -0.246202
0.227632 0.0201769 -0.0201613 -0.246181
0.227306 0.019793 -0.0209359 -0.24481
0.227172 0.0195767 -0.0214206 -0.24432
0.227194 0.0192633 -0.0219214 -0.243842
0.226977 0.0189654 -0.0223869 -0.243359
0.226794 0.0183522 -0.0233341 -0.242444
0.226794 0.0183522 -0.0233341 -0.242444
0.226662 0.0176663 -0.0241231 -0.241957
0.226639 0.0177298 -0.0242346 -0.241631
0.226573 0.0174152 -0.0246718 -0.241265
0.226479 0.0167384 -0.0254322 -0.240865
0.226464 0.0167825 -0.0254322 -0.240865
0.226417 0.0164682 -0.025932 -0.240332
0.226393 0.0158398 -0.0266908 -0.240021
0.226353 0.0158053 -0.0266812 -0.240012
0.226312 0.015526 -0.0271438 -0.239607
0.226289 0.015212 -0.027534 -0.239412
0.226272 0.014567 -0.0282551 -0.239195
0.226272 0.014567 -0.0282551 -0.239195
0.226267 0.0142631 -0.0286269 -0.23906
0.226433 0.0117482 -0.0314069 -0.238841
0.226433 0.0117482 -0.0314069 -0.238841
0.226551 0.0105553 -0.0327799 -0.238887
0.226557 0.0105358 -0.0327765 -0.238891
0.226597 0.00991163 -0.0334601 -0.238852
0.226597 0.00991181 -0.0334635 -0.238855
0.226665 0.00959835 -0.0337537 -0.239007
0.226701 0.00930318 -0.0341088 -0.238946
0.226833 0.00821823 -0.0355784 -0.239021
0.226833 0.00821823 -0.0355784 -0.239021
0.226825 0.00783617 -0.0362862 -0.239025
0.226825 0.00783617 -0.0362276 -0.238978
0.226916 0.00773411 -0.0364534 -0.238864
0.226951 0.00724541 -0.0371236 -0.238724
0.226908 0.00739263 -0.0371236 -0.238724
0.227013 0.00732358 -0.0373145 -0.238629
0.227048 0.00719828 -0.0375992 -0.238536
0.227171 0.00679951 -0.0381662 -0.238331
0.227171 0.00679951 -0.0381662 -0.238331
0.227164 0.00684707 -0.0384486 -0.238221
0.227206 0.00673639 -0.0387304 -0.238106
0.22721 0.00638544 -0.039117 -0.238033
0.227339 0.00641754 -0.0395726 -0.237736
0.227339 0.00641754 -0.0395726 -0.237736
0.227385 0.00631457 -0.0398525 -0.237605
0.227388 0.00596224 -0.0402396 -0.23753
0.227486 0.0054747 -0.0413558 -0.236977
0.227486 0.0054747 -0.041251 -0.236899
0.227835 0.00534432 -0.0421903 -0.236538
0.227835 0.00534432 -0.0421903 -0.236538
0.227835 0.00534432 -0.0420863 -0.236457
0.227837 0.00541639 -0.0423605 -0.236317
0.22789 0.00531691 -0.0426384 -0.236165
0.227943 0.00521706 -0.0429161 -0.236011
0.22821 0.00435683 -0.0446887 -0.235142
0.22816 0.00452512 -0.0445819 -0.235066
0.228316 0.00450197 -0.0448586 -0.234909
0.228412 0.00423779 -0.0449465 -0.235408
0.22857 0.00342756 -0.0452193 -0.236497
0.228626 0.00323408 -0.0451295 -0.23643
0.228871 0.00263454 -0.0444569 -0.240267
0.229053 0.00187386 -0.0451847 -0.237843
0.229258 0.000588212 -0.0465146 -0.235077
0.229258 0.000588212 -0.0465146 -0.235077
0.229653 -0.00105048 -0.0474906 -0.230641
0.229839 -0.00239395 -0.048238 -0.228695
0.230091 -0.0048701 -0.0500774 -0.225365
0.230091 -0.0048701 -0.0500774 -0.225365
0.230413 -0.00699553 -0.0509593 -0.223333
0.230609 -0.00992146 -0.0541524 -0.222204
0.230609 -0.00992146 -0.0541524 -0.222204
0.230902 -0.0119037 -0.0573923 -0.222238
0.231603 -0.0184516 -0.0621134 -0.222906
0.231603 -0.0184516 -0.0621134 -0.222906
0.231603 -0.0184516 -0.0621134 -0.222906
0.232206 -0.0254612 -0.0667807 -0.22674
0.232541 -0.0266304 -0.0667807 -0.22674
0.232541 -0.0266304 -0.0667807 -0.22674
0.232651 -0.0291481 -0.0680372 -0.228523
0.232529 -0.0332018 -0.0704586 -0.232762
0.232778 -0.0343983 -0.0704586 -0.232762
0.23258 -0.0386694 -0.0731397 -0.23478
0.23258 -0.0386694 -0.0731397 -0.23478
0.23268 -0.0456345 -0.0756433 -0.242851
0.23268 -0.0456345 -0.0756433 -0.242851
0.232254 -0.0546713 -0.0789955 -0.240122
0.232254 -0.0546713 -0.0789955 -0.240122
0.232254 -0.0546713 -0.0789955 -0.240122
0.231661 -0.0594997 -0.081915 -0.23795
0.231661 -0.0594997 -0.081915 -0.23795
0.231506 -0.0642642 -0.0826163 -0.235703
0.230809 -0.0708738 -0.0847195 -0.233025
0.230809 -0.0708738 -0.0847195 -0.233025
0.230393 -0.0742192 -0.0856884 -0.231704
0.229364 -0.0792965 -0.088289 -0.229802
0.229364 -0.0792965 -0.088289 -0.229802
0.228808 -0.0843843 -0.0883775 -0.228078
0.227555 -0.0911894 -0.0900742 -0.225201
0.227627 -0.0911621 -0.0900742 -0.225201
0.226935 -0.0945633 -0.0909149 -0.223907
0.225414 -0.101364 -0.0933832 -0.221962
0.225414 -0.101364 -0.0925988 -0.221317
0.223518 -0.107985 -0.0950512 -0.219375
0.223518 -0.107985 -0.0950512 -0.219375
0.221971 -0.113214 -0.0967358 -0.216775
0.221971 -0.113214 -0.0967358 -0.216775
0.220833 -0.118301 -0.0968465 -0.214859
0.21912 -0.12348 -0.0985443 -0.212541
0.21912 -0.12348 -0.0985499 -0.212527
0.214666 -0.134763 -0.102549 -0.209567
0.214666 -0.134763 -0.102549 -0.209567
0.215052 -0.134676 -0.101116 -0.208918
0.213937 -0.138358 -0.102006 -0.207133
0.211324 -0.144949 -0.103732 -0.204783
0.210225 -0.146567 -0.104592 -0.203727
0.209636 -0.148096 -0.104598 -0.203503
0.20856 -0.151472 -0.105478 -0.201986
0.207405 -0.153076 -0.106341 -0.200922
0.205659 -0.157935 -0.107218 -0.199621
0.20416 -0.161142 -0.108098 -0.198123
0.200676 -0.167548 -0.110482 -0.196027
0.201067 -0.167501 -0.109851 -0.195546
0.199475 -0.170649 -0.11073 -0.194256
0.196504 -0.175329 -0.113103 -0.192127
0.196504 -0.175329 -0.113103 -0.192127
