21.4027 53.3658 -15.5523 48.7318
22.1864 52.8075 -14.8426 48.297
23.6645 43.0289 -16.6417 45.7146
24.4468 42.4921 -15.9315 45.3001
24.9015 39.822 -15.5432 44.0744
26.0353 37.0324 -14.7921 42.1856
27.5215 31.705 -14.1059 38.3507
28.3024 31.1681 -13.3964 37.9361
29.9672 27.7254 -12.7257 35.5763
30.9227 24.6146 -12.1747 33.3514
31.438 21.6578 -11.5002 32.9529
32.1402 19.3537 -11.1828 28.8147
32.0493 17.9171 -10.9949 26.7975
30.706 15.4285 -12.0508 23.6663
31.7705 14.7002 -11.0668 23.0654
31.7801 12.7275 -11.1709 21.2538
30.5819 9.44904 -12.6166 18.5237
31.644 8.71951 -11.6344 17.9223
31.68 6.43267 -11.8039 16.142
31.5536 4.35725 -12.1677 14.6234
31.36 2.30247 -12.5951 13.1439
31.4311 0.00612943 -12.7538 11.4277
31.3583 -2.0371 -13.0492 9.93766
29.7673 -5.04484 -14.8887 7.70306
31.0643 -5.9345 -13.6695 6.9248
30.9338 -7.89828 -13.9887 5.48659
27.5439 -9.90213 -16.0463 3.69611
28.8374 -10.7941 -14.8298 2.91672
27.5084 -12.2192 -15.1785 1.60382
22.8519 -13.4801 -15.7047 -0.876644
24.1451 -14.3717 -14.4912 -1.65876
18.1828 -16.5507 -17.5503 -4.03959
19.667 -17.5722 -17.4954 -4.23869
21.1512 -18.5937 -16.0746 -5.18604
20.3847 -19.9798 -17.8787 -5.68389
21.8897 -21.9337 -16.5016 -7.1197
19.1075 -21.8347 -16.5636 -8.3907
16.5302 -21.6587 -18.2823 -8.48308
17.9669 -23.6308 -16.8533 -9.43234
17.621 -24.5856 -17.1654 -11.0806
16.89 -25.1718 -17.5408 -11.5572
18.4755 -26.2653 -17.6847 -11.6807
15.8633 -26.5176 -17.7886 -12.9444
15.3346 -26.9963 -17.9945 -13.3624
16.9676 -28.1198 -18.1789 -13.4887
14.5385 -27.9654 -18.2495 -14.3362
12.2909 -27.4779 -20.1499 -13.8188
13.9153 -28.6076 -18.5623 -14.9313
12.2615 -28.088 -20.1337 -14.4002
13.886 -29.1545 -18.5705 -15.6871
11.7171 -28.1002 -20.6211 -14.6681
13.4524 -28.9582 -18.9065 -15.6597
13.4623 -28.9434 -18.8754 -15.9146
11.2013 -27.5239 -19.0485 -15.7637
12.9425 -28.722 -17.3108 -17.0287
11.8988 -27.4789 -21.1165 -14.8354
13.6384 -28.679 -19.3807 -16.1029
15.3781 -29.879 -17.645 -17.3705
12.6602 -26.509 -20.3413 -14.6739
14.3977 -27.7117 -18.6081 -15.9442
12.3489 -24.9483 -20.1022 -14.3716
14.1347 -26.1694 -18.2981 -15.7203
11.9135 -23.0196 -19.8522 -13.9669
13.7395 -24.2563 -17.9894 -15.3811
11.9608 -21.6634 -19.1691 -14.1013
13.786 -22.9018 -17.3075 -15.5174
13.3547 -22.9161 -17.1428 -15.2225
11.6673 -18.412 -18.0833 -14.1042
13.4917 -19.6532 -16.2233 -15.523
11.6781 -16.1862 -17.1768 -14.0315
13.5022 -17.4292 -15.3178 -15.452
11.2882 -13.8339 -15.165 -15.0587
13.1718 -15.0789 -14.9439 -14.8244
13.0185 -13.9864 -14.77 -14.5316
12.8777 -11.6194 -14.8601 -13.8442
12.5125 -11.6322 -14.7326 -13.5289
12.3921 -10.6514 -14.6333 -13.0801
12.2627 -8.28657 -14.7685 -12.2784
11.8895 -8.29327 -12.6757 -13.0529
11.8041 -7.37334 -14.5673 -11.4431
11.5374 -6.16939 -14.6756 -10.6488
11.1585 -6.15124 -12.6709 -12.2634
11.2962 -4.23847 -14.4604 -9.88081
11.1065 -3.09005 -14.4493 -9.25002
13.025 -4.31558 -12.3947 -10.9457
10.9992 -1.33963 -14.1203 -8.62381
10.8648 -0.303578 -14.0998 -8.00779
12.7801 -1.53183 -12.0393 -9.70589
10.8504 1.20495 -13.7575 -7.43655
10.7628 2.10862 -13.7318 -6.84935
12.6784 0.877618 -11.6718 -8.5503
8.88834 5.35066 -15.2866 -3.46473
10.8084 4.17655 -13.1468 -5.29237
10.9688 4.66703 -11.007 -7.12001
11.2777 5.07188 -12.2844 -6.37747
11.4611 5.47922 -12.2124 -5.77092
13.3813 4.30246 -10.074 -7.60168
11.9958 6.02839 -11.3787 -6.06206
12.1165 6.39887 -11.2869 -5.68877
14.0369 5.21957 -9.14894 -7.5223
11.0169 7.67374 -12.5878 -3.96423
11.2899 7.43904 -10.4341 -5.82994
13.2343 6.59361 -10.1686 -5.70767
13.6901 6.45795 -9.6178 -6.13784
13.8138 6.68936 -9.62677 -5.65653
15.7129 5.59469 -7.42316 -7.61632
14.4105 6.27396 -9.19966 -5.76947
12.8814 7.07001 -11.3968 -3.35644
14.7798 5.97224 -9.19385 -5.32001
13.5172 6.45595 -8.97116 -4.43507
15.3959 5.23554 -9.03232 -5.06382
15.6792 4.91073 -8.95356 -4.9547
15.775 4.78162 -9.11104 -4.53361
12.8111 5.61778 -13.5609 -1.11135
14.6628 4.63442 -11.3041 -3.20019
16.5146 3.65105 -9.04721 -5.28904
15.6363 3.58445 -10.2633 -3.47326
16.2209 3.32047 -9.5573 -4.64246
18.0716 2.3352 -7.30081 -6.73398
18.4734 1.94049 -7.07533 -6.25472
20.3236 0.957162 -7.58942 -6.70412
17.0678 1.36229 -9.99032 -3.22922
18.8523 0.524077 -7.68609 -5.44124
20.635 -0.314096 -5.38185 -7.65326
10.115 2.27534 -17.8888 0.00487444
11.8848 1.3932 -15.5892 -2.21927
12.8705 0.785497 -13.9573 -4.58226
14.0734 0.0950648 -13.2181 -5.60466
15.3002 -0.791176 -10.9202 -7.83114
16.4124 -1.56176 -9.58188 -9.26029
17.2667 -2.19301 -8.74408 -9.95717
19.0401 -3.03794 -6.44616 -12.1866
18.7365 -3.57965 -7.23634 -11.6123
19.2114 -3.99447 -6.91165 -11.7485
19.6188 -4.48296 -6.69486 -11.8668
20.1051 -5.08515 -6.31001 -12.3041
19.3301 -5.36779 -8.00192 -10.4488
21.0172 -6.03515 -5.66451 -12.7986
21.38 -6.47866 -3.32865 -15.1474
21.8371 -6.99922 -5.34116 -12.7264
21.9616 -7.23887 -5.7407 -11.7804
23.648 -7.90589 -3.40275 -14.132
22.1276 -7.91036 -6.25038 -10.9912
22.0395 -7.97091 -6.7608 -10.0995
21.9387 -8.07047 -7.2563 -9.34086
21.9165 -8.20614 -7.50594 -9.02047
21.967 -8.36212 -7.76221 -8.50741
21.8761 -8.35946 -8.30771 -7.50225
21.8999 -7.91737 -8.9057 -8.17926
21.8445 -8.50751 -8.84457 -6.61236
21.7595 -8.46331 -9.33924 -5.67288
20.1524 -8.06719 -12.2342 -2.29447
21.6226 -8.32217 -9.83341 -4.87703
21.5782 -8.06291 -9.91472 -4.63065
15.8839 -5.90166 -12.8843 -2.25763
17.3357 -6.12592 -10.4775 -4.8568
18.1403 -5.95689 -15.1936 1.46762
18.7987 -5.71141 -12.6342 -0.333477
19.4509 -5.54021 -12.952 -0.564353
19.9227 -5.3397 -12.201 -1.1466
21.374 -5.56463 -9.64057 -2.96035
20.7721 -5.09682 -10.7297 -3.43839
20.979 -4.71116 -10.3912 -4.2408
21.0978 -4.32559 -9.78454 -3.54003
21.304 -3.99679 -9.13995 -4.37797
21.3866 -3.62207 -6.45269 -5.8845
21.4231 -3.3057 -8.79078 -4.45533
21.5194 -3.02419 -8.40268 -5.00664
20.4552 -2.52135 -10.2694 -2.72958
21.7683 -2.47064 -7.82667 -5.46841
23.0764 -2.42421 -5.23269 -7.40895
22.0059 -3.11688 -9.8061 -4.77677
20.8301 -1.4414 -9.29495 -3.56598
21.992 -1.09059 -6.82011 -6.43298
21.9898 -0.637426 -6.39851 -7.1305
21.7973 -0.207765 -6.75804 -6.40171
21.6738 0.910655 -4.01162 -7.93336
21.4794 1.23781 -7.05417 -6.3115
21.2632 1.62844 -4.26351 -7.64382
22.4199 2.03099 -1.7613 -10.5209
23.5805 2.38359 0.723477 -13.3839
16.0294 0.393997 -17.455 4.76668
17.0855 0.959145 -14.9524 1.80469
18.0855 1.64648 -12.4374 -1.20518
18.7214 2.11272 -10.6785 -3.53821
19.719 2.8002 -8.16267 -6.54801
19.5827 2.59028 -8.65334 -6.04366
19.8286 2.78968 -8.0702 -6.7631
19.9577 2.98321 -7.62771 -7.46809
20.9521 3.67064 -5.11058 -10.4798
20.2897 3.30581 -6.53433 -9.24665
20.365 3.29432 -6.54679 -9.17622
21.2642 4.19617 -4.00449 -12.2693
20.0897 3.95116 -6.32453 -10.0777
19.9026 4.19868 -6.56762 -9.84996
19.6587 4.45125 -6.82482 -9.76078
20.4833 5.51034 -4.26596 -12.9141
19.2664 4.92416 -7.00518 -10.1909
19.091 4.94554 -7.46093 -9.67236
19.9127 6.01137 -4.89701 -12.8303
18.67 5.18487 -7.94797 -9.71638
18.5128 5.09197 -8.46689 -9.1302
18.2118 5.26334 -11.8159 -7.06219
18.8529 6.72871 -9.21042 -10.3664
16.0423 2.82163 -16.5728 -1.85997
16.6815 4.2876 -13.8426 -4.56557
16.9723 4.56446 -13.0036 -5.50706
17.0206 3.56977 -14.8529 -4.6434
17.419 5.18177 -12.027 -6.91368
17.2827 4.13383 -11.2667 -8.26184
17.4317 4.14225 -11.0611 -8.53597
16.4072 1.64748 -15.2801 -3.92888
16.9728 3.29636 -12.6405 -7.30111
17.4301 5.20455 -9.9701 -10.7635
17.459 5.84727 -9.23385 -12.0404
17.2217 4.50312 -11.1538 -9.66736
17.6783 6.41193 -8.48042 -13.1307
17.3193 5.04231 -10.7883 -10.6208
17.5539 7.086 -8.11284 -14.0847
17.4495 7.33958 -8.10442 -14.3524
15.9253 3.90652 -14.4353 -7.05527
16.3801 5.81676 -11.7551 -10.5204
16.7718 7.88733 -9.05389 -14.04
16.0521 5.03194 -13.173 -9.40026
16.3182 7.41995 -10.4266 -13.0282
16.5798 9.81571 -7.67239 -16.6602
16.6428 10.1136 -7.51603 -16.817
16.6125 10.5562 -7.24174 -17.3488
16.4826 10.4132 -7.91043 -16.4233
16.0689 10.6701 -4.78523 -18.2922
15.9547 -5.03851 -23.6672 2.52723
17.1161 -3.18713 -20.8168 -0.680143
17.3263 -0.661103 -18.0264 -4.35295
17.1491 1.0311 -17.2294 -6.89606
17.2177 3.93766 -14.387 -10.6984
21.6709 -7.97149 -16.6096 -3.36603
21.7496 -5.06294 -14.705 -6.58143
22.0533 -4.97067 -12.5509 -9.14228
22.6415 -4.29136 -11.1238 -10.4172
23.0596 -4.78368 -9.64222 -10.8304
23.1326 -1.87384 -8.33995 -13.683
23.356 -4.61442 -11.517 -8.75589
23.3816 -1.60146 -8.63999 -12.5874
23.2528 1.86221 -5.67801 -16.5676
23.0609 3.78231 -4.54289 -18.0759
23.0636 4.39411 -1.0496 -19.696
22.6309 6.08266 -4.21403 -18.2417
22.3003 7.01237 -4.51937 -17.7387
21.7926 8.12805 -1.10912 -19.6367
21.2307 9.61292 -4.97561 -17.6112
20.8695 10.2259 -5.19288 -14.4174
20.3586 11.0604 -2.21095 -18.3932
19.7939 12.3427 -6.59555 -15.962
19.279 13.2956 -7.31358 -15.0422
18.6428 14.4816 -3.74382 -16.9447
17.9829 16.0582 -8.18632 -14.5876
17.575 16.6946 -8.4729 -11.3545
17.0511 17.5659 -9.6481 -12.974
16.4844 18.9003 -9.83117 -13.176
16.4331 6.63957 -22.8378 2.95047
16.1004 10.7029 -19.7135 -1.22029
17.6193 3.6756 -21.4669 2.10244
17.2768 7.76182 -18.3256 -2.07336
20.2554 4.84852 -17.5762 -1.94059
19.7318 9.5504 -14.3048 -6.31677
20.0081 11.0766 -12.4753 -8.47427
20.2813 11.9572 -11.7741 -11.3155
20.2206 13.7559 -9.97138 -11.5806
20.3286 14.4497 -9.37729 -12.1795
19.7965 19.1522 -6.0894 -16.5505
19.2226 17.4394 -8.12397 -14.2027
20.6729 9.96801 -10.7107 -8.72816
20.1368 14.6727 -7.4045 -13.0953
19.4293 20.0309 -3.95265 -17.6765
20.7116 14.0134 -10.3891 -11.8399
19.9777 19.4152 -6.911 -16.4364
19.2539 24.8023 -3.44159 -21.0244
18.5302 30.1895 0.0278106 -25.6125
18.5161 24.1959 -4.18524 -19.9666
19.1243 28.7746 -0.736929 -24.556
19.2354 28.5748 -1.39947 -23.2664
17.7854 29.4031 2.66491 -25.1531
17.974 30.0816 -3.13517 -22.2886
17.3522 30.605 -4.42786 -21.1523
16.5435 31.4982 -5.71476 -20.2429
14.9905 27.3143 -12.0185 -13.5922
14.0833 33.438 -8.32941 -18.4151
13.5887 28.9689 -13.4756 -13.122
13.9901 34.2936 -9.77674 -17.9431
13.7078 34.5196 -10.4602 -17.5601
11.937 34.9765 -11.7115 -16.3818
13.0542 34.7346 -12.1581 -16.6082
12.9302 34.0595 -13.2851 -15.5995
11.8701 40.818 -14.1652 -15.1669
12.0219 35.6714 -14.3042 -15.8034
11.9167 35.4095 -15.0876 -15.1667
10.8176 42.3218 -16.2821 -17.3124
11.3693 36.4601 -15.7859 -15.674
13.3156 34.6036 -16.4873 -15.0935
12.2059 41.5177 -17.1212 -14.8994
11.165 36.1891 -12.7895 -18.1682
13.5678 21.2113 -26.0222 -5.98397
12.4222 28.1459 -22.0119 -11.0758
11.1872 35.6815 -17.5103 -14.7003
11.217 36.8627 -16.818 -18.0489
11.4591 38.0634 -15.0479 -20.2941
12.3977 35.8801 -15.559 -19.2711
12.5337 35.9225 -11.2962 -24.604
12.2791 36.9973 -15.0479 -21.1223
12.5078 36.0551 -15.1555 -18.2455
12.5348 35.6605 -10.8499 -23.5705
12.3486 36.1667 -16.119 -21.5283
12.665 34.8011 -21.8841 -15.282
11.2578 43.1685 -17.3708 -20.8049
15.6588 19.6274 -23.7068 -13.0037
14.1942 28.316 -19.0668 -18.6236
12.7295 37.0046 -14.4269 -24.2434
16.1616 35.383 -12.1487 -23.905
14.6745 44.0693 -7.48542 -29.5138
15.5436 28.4542 -13.9552 -23.6572
14.0091 37.1666 -14.372 -26.489
14.4132 36.4904 -9.13744 -29.1894
14.259 37.3486 -8.18655 -30.4132
14.8145 35.7656 -2.58934 -32.5869
14.3445 37.299 -8.9452 -29.6919
14.3126 36.9524 -9.70328 -28.8261
12.6464 46.634 -4.62151 -34.7388
18.2601 5.55249 -17.6164 -17.6059
15.9031 9.03011 -12.4486 -23.5201
20.5699 14.9294 -11.0845 -22.2234
24.3732 15.0147 -7.9484 -24.9739
23.291 8.28167 -11.7941 -20.0525
21.5501 18.0186 -6.57575 -25.9449
19.7498 28.2574 -1.17566 -31.9969
31.572 16.8448 -24.6549 -7.16095
29.6025 27.5965 -18.9877 -13.3719
31.3543 -25.1809 -18.8644 -5.62466
31.4932 -15.3721 -13.3744 -9.35925
30.4944 -14.6962 -7.02713 -14.5667
31.3625 -18.9457 -2.15132 -17.7765
34.3528 -11.0625 2.00856 -20.8074
34.7084 -7.07184 6.27643 -24.3291
39.1677 -6.80681 5.54892 -21.4872
36.676 -0.398645 11.5866 -27.7907
36.757 4.27034 8.06381 -26.4124
34.5758 16.2511 14.4029 -32.9248
36.3452 -0.323088 12.347 -25.3591
35.9745 10.6023 12.673 -24.6681
33.7698 22.5947 19.0604 -31.1628
32.4463 28.3429 11.8305 -27.8791
32.7364 38.8276 19.0972 -29.6101
30.4924 34.9031 18.7771 -29.2918
28.9481 29.2535 16.9881 -27.0435
28.0539 40.8757 15.1498 -25.2471
26.2331 46.4987 14.6963 -24.9493
24.767 41.5529 12.9453 -22.7364
23.6245 54.0667 12.3744 -22.3482
22.5336 57.6332 11.6537 -21.5282
19.9754 70.9423 18.8051 -28.3657
20.3328 63.5388 9.01147 -18.9919
19.1076 54.7129 6.98242 -16.8792
21.6372 45.4813 -2.46149 -4.9563
21.2135 57.5352 -3.85936 -7.84199
18.6293 71.2203 3.54729 -14.7949
15.5787 76.9281 4.74222 -16.0948
15.2975 79.3699 6.01083 -17.3405
15.5769 78.7891 4.46829 -15.4815
12.8721 93.4994 12.4179 -22.7601
13.5876 84.3902 4.40692 -16.6168
10.4219 86.1394 12.4046 -23.8696
16.4188 84.4926 -6.06299 -12.963
13.625 99.2211 1.95467 -20.2211
12.3903 87.2815 2.24516 -17.512
12.0507 73.7082 0.758971 -14.1379
11.6621 88.437 0.648359 -17.8446
11.2393 89.4031 0.830692 -18.7117
12.0134 103.408 -1.06639 -21.6251
11.0302 90.1691 -0.157328 -19.5636
14.1521 86.5731 -10.4034 -12.6888
10.8724 89.6958 -1.43922 -20.3926
13.9138 72.0778 -12.0835 -12.8697
10.7874 88.4423 -3.02739 -20.5371
7.66097 104.807 6.02878 -28.2045
10.9984 88.6102 6.48397 -28.0445
14.5905 76.4469 3.321 -27.4306
11.221 94.563 9.65542 -34.0354
13.0549 90.1169 9.56932 -33.4349
13.6385 88.5681 20.3376 -37.9637
12.6856 90.9863 7.98632 -34.4884
12.8233 88.6336 5.94988 -33.6004
9.33577 106.803 16.1309 -41.7407
11.9871 88.2365 -9.92464 -24.6281
8.45982 106.44 0.296846 -32.7718
19.6835 49.5551 -11.6927 -24.4002
15.8605 69.7331 -0.267594 -33.102
11.8091 89.933 11.2636 -41.7744
12.7809 107.114 14.4259 -47.0387
13.6769 86.9637 15.0647 -43.8244
13.7965 84.6574 11.4395 -41.912
9.84503 104.888 22.96 -50.5495
12.8986 85.7038 8.47211 -42.4386
13.7058 62.3142 -6.76571 -32.6879
13.707 80.202 4.85398 -41.3175
12.9154 80.933 5.48095 -41.9403
13.0661 100.519 4.11157 -45.4165
12.8731 80.902 6.92352 -42.9146
13.7396 60.0692 7.29233 -39.278
12.6558 80.581 9.50898 -44.2265
12.4841 80.3437 12.547 -45.5756
7.93832 102.966 25.6755 -54.7317
12.629 78.8034 13.4428 -45.7974
13.0735 75.2971 12.681 -40.1886
8.42612 98.0158 25.9353 -49.2953
12.4114 75.0272 11.5922 -44.416
12.6924 72.9248 12.3231 -40.1836
7.53489 98.1597 27.2568 -49.9306
11.7206 76.6024 18.5479 -46.7113
12.1234 74.0281 18.1081 -50.4147
12.8315 53.0851 17.2344 -48.9021
10.8173 76.4216 20.1363 -46.017
6.81856 79.0712 35.2328 -55.6875
17.3599 47.6839 12.6967 -37.8183
11.9007 73.2579 27.9077 -47.4333
6.44157 98.832 43.1187 -57.0482
22.5803 27.7976 28.3047 -42.667
16.5119 56.3534 45.533 -52.9439
10.4435 84.9092 62.7613 -63.2208
16.1696 58.3891 61.77 -55.4388
10.0085 87.0525 52.1983 -56.3374
8.04595 91.9505 45.4058 -53.6407
14.1604 60.7644 35.8044 -44.7289
7.85511 89.5983 30.3153 -47.0421
1.13592 118.424 47.9366 -57.1012
12.7803 63.1374 22.4417 -38.9541
5.81777 94.5472 22.7676 -43.2896
4.90891 97.4019 25.8121 -44.2021
5.84649 95.9588 46.2848 -50.0671
4.21563 101.82 27.6765 -44.4702
5.02567 99.4495 26.1323 -42.8933
1.72607 128.808 46.2335 -53.6416
5.74534 76.6594 26.5057 -43.1182
3.21618 105.978 46.5427 -53.9353
6.4296 73.8492 34.4144 -45.7569
4.65525 102.694 32.2547 -49.2663
2.70782 109.532 36.1584 -46.3831
2.75376 108.585 35.1505 -44.8063
2.48514 110.616 32.4921 -48.1913
0.549145 117.374 37.0396 -45.8104
-4.47543 118.42 60.8122 -52.1743
34.6496 -15.4387 -23.1269 -13.1575
25.3184 22.2318 0.0611562 -24.6851
20.9134 -23.4426 48.8842 -29.5067
10.8542 15.0588 72.6122 -40.5632
8.50288 35.9913 87.3125 -44.2755
3.19361 38.8966 90.874 -49.4908
-1.75066 51.7522 96.512 -53.0911
2.68866 40.2188 89.0136 -47.193
-9.04958 83.6155 115.963 -58.8599
-9.32356 65.0594 129.772 -63.2041
3.28921 40.6324 106.661 -50.6494
0.593388 24.8395 133.762 -62.2145
-4.92015 37.3495 138.933 -63.3029
-9.46927 35.0126 134.651 -66.5932
-9.95043 45.854 137.878 -61.3488
-8.45328 37.9759 100.204 -49.0444
-5.93994 28.296 131.507 -55.9687
-13.4214 50.877 137.912 -57.2307
-13.056 48.9206 169.751 -63.0381
-19.0592 68.0182 144.611 -56.2917
-35.2046 142.959 142.442 -53.039
-40.0283 186.945 133.852 -49.4319
-42.5162 200.213 133.875 -48.7057
-32.4318 163.819 126.92 -38.9181
-46.8113 215.684 127.444 -43.6672
-44.1659 220.531 133.52 -43.3416
-61.1329 279.25 131.211 -40.6418
-58.2262 250.065 136.879 -41.1727
-54.1709 245.82 135.281 -31.5683
-71.6161 305.225 129.185 -34.4962
-67.2126 272.298 135.603 -35.4521
-65.655 265.958 133.399 -32.3962
-48.2841 210.542 70.387 -7.40353
-66.6296 271.331 106.253 -20.8339
-84.975 332.121 142.12 -34.2642
-66.4878 282.597 105.143 -18.0831
-71.536 278.649 145.475 -32.5316
-77.9152 294.942 143.855 -32.006
-69.9212 280.111 84.1823 -13.9358
-92.3118 351.275 124.63 -28.5034
7.38318 13.1634 -20.9327 21.4714
-16.0635 87.5514 19.9479 6.77728
-25.9021 115.754 33.0118 -0.944602
-37.3166 150.265 74.1422 -15.7223
-43.7881 168.009 96.8598 -24.1294
-22.5851 104.626 108.145 -27.0454
-34.8698 143.629 146.551 -40.5064
-9.96661 70.9465 128.407 -35.3035
-10.4325 58.6254 147.849 -44.0724
-22.9024 98.6823 186.363 -57.5903
8.22874 -7.28603 196.271 -59.2918
26.1146 -54.023 157.275 -43.4329
9.55294 -9.46263 196.435 -55.0066
12.9586 -35.2979 128.44 -33.5824
-0.647483 6.62906 167.167 -47.2708
-4.8614 12.8456 206.852 -57.5254
-18.6063 46.7156 183.272 -55.218
-28.7273 77.8258 222.736 -68.593
6.20855 -22.3859 184.965 -50.0785
-4.37392 9.07367 224.901 -62.2472
-16.0871 41.4289 264.619 -75.2937
-7.27573 -3.05328 196.232 -53.5769
14.0401 -67.6598 142.854 -30.9921
2.56654 -34.6624 182.671 -44.4988
-5.11615 -14.896 183.24 -48.4196
-22.2316 31.1721 198.023 -50.4876
-31.1473 52.5782 183.052 -37.5695
-28.967 46.6684 170.381 -37.0817
-31.3437 52.6863 159.376 -33.9502
-20.1204 30.1888 139.754 -22.1895
-27.9342 52.1565 180.254 -35.4939
-24.3279 37.1095 105.642 -10.0692
-29.6312 56.2095 146.901 -18.4375
-33.5763 64.4156 150.57 -22.4654
-38.8566 79.831 162.143 -24.157
-21.0488 44.7398 152.764 -10.5888
-26.0819 57.8221 136.032 -7.75205
-16.284 24.7061 134.524 -3.88875
-10.6957 14.9488 156.111 -7.84486
-10.8156 11.7651 196.847 -21.5513
-14.1136 20.9306 239.043 -76.459
-12.323 17.2833 263.266 -87.5892
-15.4183 28.4505 272.191 -93.2423
-14.1784 22.3555 278.904 -97.199
-13.3698 19.7304 277.185 -97.7143
-11.8831 14.7715 272.114 -95.9642
-14.3149 20.6829 312.417 -108.908
-2.85193 -10.0984 145.039 -58.3199
-5.35515 -4.2033 185.302 -71.9411
-10.9586 8.48513 186.651 -72.1329
-12.8338 13.726 226.357 -85.6756
-10.6778 8.00079 179.174 -71.6691
-5.37552 -3.74674 132.209 -55.4225
-7.50795 1.68288 171.511 -69.5011
-10.1495 7.58881 167.974 -69.9762
-13.8796 16.4194 169.458 -71.5575
-2.74617 -6.60121 116.507 -51.3944
-2.86256 -6.40954 155.27 -65.1353
-2.97896 -6.21787 194.034 -78.8762
-2.66794 -5.11386 116.458 -51.8967
-4.63926 2.00684 126.134 -55.8975
-4.75802 2.19776 164.341 -70.3968
-0.670196 -4.7814 162.002 -68.3914
-0.790474 -4.59124 157.125 -66.9316
-34.3951 62.659 152.008 -64.5579
-36.7369 66.8382 143.455 -60.0404
-35.2402 63.836 180.803 -74.0199
-28.8183 56.4462 134.355 -55.222
-26.9979 52.847 171.28 -69.4981
-25.3924 48.6161 171.837 -68.701
-19.2548 40.6684 133.41 -52.9521
-14.7819 34.2016 169.5 -66.1839
-12.8902 30.6426 206.044 -80.5665
-6.07792 27.1206 31.5632 -4.42834
-4.11325 23.6039 66.7759 -20.0448
-2.93335 27.7986 53.1295 -15.1443
12.6059 -2.75295 87.3799 -29.8762
15.7979 -8.12587 121.587 -43.757
9.74609 1.74536 96.0599 -29.2745
16.0447 -9.67757 94.8342 -26.3134
23.3811 -22.328 97.6456 -26.0892
18.4577 -18.3148 61.9743 -3.8556
14.5511 -11.7586 65.185 -3.71294
16.9824 -15.2672 98.0002 -18.5338
18.9088 -19.6036 101.618 -19.4209
21.8004 -24.2575 109.778 -23.2525
22.8317 -29.0184 110.788 -24.1483
18.2986 -22.0702 110.848 -22.1907
17.3842 -22.2023 106.527 -15.4206
16.1311 -22.3034 102.09 -10.3003
19.1762 -28.176 102.066 -9.22909
16.4207 -25.2775 71.3767 8.61914
12.4911 -20.6739 100.774 -5.8178
15.2176 -25.4364 102.647 -6.58503
13.5376 -23.789 74.3432 9.60565
15.191 -26.9596 102.901 -5.19125
17.4775 -30.7777 103.924 -5.09293
8.00176 -16.0931 75.8761 16.0823
15.0112 -26.3097 102.057 3.16674
11.6206 -22.2496 100.976 -0.819811
18.6817 -32.4021 126.831 -13.7299
18.5567 -34.3281 98.6362 2.67991
14.2069 -28.7607 97.7044 7.47277
16.422 -31.8622 98.2568 6.83944
13.3786 -27.8276 94.8775 5.70088
20.5628 -37.823 119.045 -7.78618
20.015 -36.7148 96.926 8.17462
10.2877 -23.4296 73.3611 29.2898
18.9834 -35.3022 94.5369 17.8313
23.4092 -40.8696 93.8926 18.6164
20.454 -35.7243 73.2457 23.8051
29.2323 -47.4647 93.1555 12.0679
0.350501 -9.27348 52.542 39.217
9.2026 -20.8663 71.08 27.2004
18.1507 -32.4029 72.7567 24.0379
31.1842 -48.3875 90.8024 11.9327
38.2677 -56.375 102.546 -4.04795
4.63354 -13.935 52.5485 41.0758
14.873 -26.9389 65.7788 26.2236
25.1199 -39.9428 80.5177 16.6829
37.5544 -54.4746 62.7772 35.6419
32.0054 -44.383 74.7384 20.7891
23.8688 -38.1886 71.6625 22.512
17.5407 -30.7697 68.0615 26.1218
24.4381 -32.9596 7.02985 51.4137
34.9383 -45.3967 14.0853 41.1632
15.0637 -12.371 -35.2881 -0.406058
26.8509 -25.7971 -35.3326 -7.55794
43.1663 -43.0596 -39.4627 -12.0078
50.4415 -50.391 -45.7932 -26.4894
48.5766 -48.4358 -45.0914 -33.3578
31.7997 -32.789 -38.0246 -26.9031
35.7957 -35.8533 -44.2582 -34.1295
41.3218 -42.2378 -52.7096 -45.2028
34.1866 -35.4119 -38.5889 -32.5694
40.5788 -46.1686 -50.9134 -39.9954
34.0681 -37.146 -63.1736 -48.55
32.281 -36.1989 -51.7364 -37.3559
40.1905 -48.1789 -70.9544 -41.7933
35.5238 -41.6011 -83.7225 -40.8065
31.9161 -38.6736 -83.0513 -32.1851
39.7082 -50.4796 -122.284 -37.2754
16.1152 -24.3119 -151.32 -30.56
29.093 -37.9405 -224.602 -36.6486
25.0887 -34.1742 -409.554 -48.0543
38.0908 -47.68 -705.618 -47.7956
38.7881 -48.728 -3896.15 -131.603
27.5042 -38.0664 1239.12 11.8624
19.7241 -31.0331 523.639 -3.01005
30.0203 -41.0038 349.879 -3.22303
28.6098 -39.9656 250.848 -1.5091
34.7807 -45.7963 200.293 0.802935
28.1299 -39.1319 160.508 -4.83756
32.2038 -42.881 145.759 5.52178
46.0939 -56.6916 188.292 -2.61461
20.7902 -30.3611 130.051 7.2226
34.7797 -44.1045 169.659 7.87056
31.2625 -40.5022 107.541 12.6486
6.74628 -16.6842 93.752 17.1703
21.2819 -30.7965 121.263 20.4523
33.7206 -41.5869 71.5004 25.5665
43.2235 -49.3598 69.5351 28.334
57.8108 -63.2806 93.9607 31.5041
46.2608 -53.3216 63.5375 31.6755
27.7985 -33.9672 42.1947 40.7413
19.3495 -24.7254 37.1467 32.3289
33.9782 -38.3151 58.0828 35.6589
44.0162 -46.2968 54.3072 39.411
46.6694 -48.1478 52.879 42.3225
24.5844 -25.9883 19.3598 36.2643
39.7003 -39.7074 34.7319 42.8133
54.8162 -53.4266 50.1041 49.3624
25.8342 -27.513 35.3205 43.6047
19.0818 -21.829 44.8629 39.9903
34.2074 -35.2983 50.0707 51.793
48.3015 -47.4011 55.7905 63.3333
28.1123 -18.4385 -30.8022 -6.87388
43.7617 -31.5066 -20.4014 3.37697
49.6795 -34.674 -38.738 -37.0914
57.8968 -40.4539 -44.9969 -56.9911
64.416 -46.0284 -40.4423 -56.1047
57.1636 -37.6857 -35.3665 -56.7471
49.597 -36.4318 -31.1244 -55.3487
24.0516 -15.2 -32.6425 -64.1753
39.7519 -27.7271 -22.7509 -53.8962
45.7672 -34.9097 -19.0771 -52.7955
25.0179 -17.1691 -21.4084 -61.2013
40.9778 -29.8643 -13.9763 -47.3639
44.9488 -35.6499 -13.0583 -42.1273
36.6721 -32.7313 -11.8678 -38.1205
52.6382 -45.3397 -4.36457 -24.0138
43.197 -35.7861 -10.1479 -27.1564
39.1976 -33.3126 -8.14606 -23.8826
36.7171 -29.5918 -6.00598 -19.8051
41.1449 -35.3083 -4.76685 -14.0884
33.4876 -32.4536 -2.12437 -11.3873
31.0312 -28.7905 0.555155 -7.93331
39.9025 -35.1065 0.482794 0.567489
35.6427 -32.953 1.22318 6.65011
42.4864 -37.3555 1.39794 15.0488
47.9926 -41.2882 1.94095 22.3447
37.2008 -34.2481 3.7422 26.7372
39.153 -35.6702 3.79959 35.1081
32.3462 -31.228 7.04229 38.3355
26.5148 -27.5811 9.44634 41.9128
9.50845 -15.3625 7.91943 33.8184
25.4645 -27.2279 13.5982 51.8938
31.5628 -30.142 9.49411 47.5304
47.6298 -42.1089 13.3357 69.7339
18.5806 -22.39 10.9497 59.9253
34.6168 -34.2345 14.736 82.1262
35.1882 -34.6989 14.8899 90.503
32.2664 -31.0002 23.8531 107.667
35.8916 -35.2505 14.1627 104.771
31.3891 -32.3834 19.5737 104.244
25.4445 -28.5108 21.5351 109.491
26.9387 -27.9249 23.1423 114.019
43.2977 -39.4899 23.6943 120.422
17.6039 -22.1671 22.5504 105.283
33.5735 -33.6286 24.8651 131.84
49.5717 -45.0572 24.9829 140.044
27.5991 -28.3916 28.6014 119.346
43.5253 -39.6685 23.6685 131.921
44.1324 -40.0757 26.408 158.474
54.403 -46.2734 27.1132 163.376
38.5459 -36.7247 36.6501 154.002
36.2897 -33.7436 31.8657 165.97
36.3849 -35.4126 32.6767 171.785
52.2586 -46.5278 33.7212 202.984
32.2296 -21.8557 -19.3076 -71.4566
48.059 -32.3798 -16.8113 -40.2447
36.5325 -23.7953 -30.945 -45.4589
32.2568 -25.3238 -28.7531 -37.9535
48.001 -35.7454 -25.9915 -6.72678
25.2091 -22.8697 -38.2647 -13.257
40.9383 -33.2152 -28.9735 10.5051
42.742 -34.5894 -30.2224 22.9496
39.4161 -31.056 -28.0144 56.941
41.0536 -34.0419 -32.9635 48.1502
16.5007 -17.3224 -33.7625 57.9047
32.193 -27.5184 -40.8564 77.4022
37.5822 -31.7157 -34.8093 83.0859
15.7269 -16.324 -43.6397 71.9499
31.3739 -26.3859 -41.147 108.216
36.1136 -30.2409 -38.8044 118.038
24.1871 -19.2041 -42.1373 97.3834
37.1573 -29.353 -29.3267 119.712
38.8154 -29.798 -28.2017 131.388
21.0805 -18.2009 -35.7681 121.745
36.973 -28.012 -25.9272 151.807
43.3166 -30.9702 -24.8665 161.785
22.5625 -17.6571 -22.6881 165.426
37.577 -27.4148 -20.9326 176.315
42.1143 -29.5128 -18.9868 183.623
33.9692 -25.1719 -15.9823 184.647
36.5082 -26.2366 -13.5216 193.224
41.4527 -28.6515 -10.8182 198.204
33.6664 -24.5962 -8.02787 199.33
48.9688 -34.1452 -6.61905 247.401
10.8852 -9.64117 -3.45568 137.512
26.1052 -19.022 -1.75718 185.695
41.3253 -28.4027 -0.0586756 233.878
36.9949 -25.1151 1.22943 197.325
52.1652 -34.4408 3.12041 245.577
44.9401 -31.2268 5.45541 249.263
50.2014 -34.2833 21.3918 236.248
46.5068 -32.8559 9.56577 256.754
41.274 -30.7509 12.1546 260.64
56.3206 -39.9601 27.6025 292.083
29.3866 -25.2884 15.8949 275.885
25.1665 -23.3923 18.3922 277.146
40.069 -32.5315 6.73726 304.397
13.2986 -16.0501 22.8091 230.56
28.1141 -25.1304 24.6431 286.28
42.9296 -34.2106 26.4771 341.999
41.2844 -29.8645 21.0977 205.835
55.9355 -38.9614 23.6279 261.818
51.4644 -37.5156 22.3269 254.518
66.0991 -46.4462 23.6621 318.769
59.2361 -49.2594 21.5675 268.242
40.3845 -35.2418 23.1268 332.693
27.0518 -28.8808 24.1134 339.355
3.06261 -12.6928 -4.6298 215.757
18.1198 -19.8765 24.6675 229.676
36.4677 -29.1379 3.90684 197.008
36.2338 -29.2589 22.294 232.709
38.3973 -30.8615 2.0131 197.638
52.6789 -39.7 20.2037 235.434
32.3358 -28.5105 7.3746 275.94
17.7254 -19.6294 13.7845 194.202
31.4749 -28.4127 16.0118 270.27
36.7118 -31.2786 -6.66113 232.625
17.6377 -20.002 9.00413 213.213
31.655 -28.7021 11.559 289.937
14.5465 -17.9684 10.6792 295.788
28.4979 -26.6593 -7.0956 324.185
30.6036 -27.1552 8.32351 299.451
7.63789 -12.5266 24.7734 258.708
21.3663 -21.1079 7.43894 302.223
28.4305 -23.9534 7.2268 321.955
27.046 -22.678 2.01758 246.43
32.4326 -24.7625 5.09421 337.933
37.3238 -27.0233 4.4177 344.622
50.9026 -35.6415 24.7951 395.751
32.0392 -23.4951 1.87167 349.71
26.8349 -20.5585 -20.6667 283.691
22.1562 -17.5569 0.554482 336.979
28.9057 -20.7971 0.929958 346.172
43.0006 -29.6757 -1.61441 404.828
34.6842 -22.8134 -14.5767 263.975
31.3763 -21.1411 -44.3702 152.689
45.3442 -30.0479 -46.1223 212.549
39.8401 -25.9402 -43.3467 42.0715
44.0506 -27.516 -49.7866 102.786
44.3696 -28.1448 -61.4935 55.0225
54.4101 -37.7901 -93.5323 46.8274
35.6931 -23.5248 -83.5806 -27.5216
16.0543 -9.56988 -95.1724 -74.8514
27.681 -18.9228 -105.378 -126.202
34.9037 -22.7538 -117.372 -111.916
48.6803 -31.7601 -131.511 -59.8747
39.486 -24.8505 -147.07 -91.8328
24.4527 -15.6978 -529.14 -151.269
38.0688 -24.7491 -1150.39 -80.326
51.6849 -33.8004 -1771.64 -9.38311
50.4287 -28.4497 35.4185 33.908
44.0168 -24.4088 23.0407 73.9704
34.9999 -19.3053 59.6009 181.358
37.687 -20.4253 48.7151 197.853
42.954 -23.3663 12.3925 115.162
56.3962 -32.4802 8.18571 112.729
41.0381 -21.6378 1.94739 96.6201
36.6299 -19.1226 -2.64411 81.6414
39.1558 -21.0297 3.52886 101.381
21.7192 -13.4767 19.5174 33.8262
34.5057 -22.804 22.3738 80.2529
47.5867 -33.0124 29.4321 128.545
29.2853 -19.8848 23.2023 128.771
36.8894 -30.0317 6.86875 122.608
37.6509 -31.6404 5.33032 101.688
19.1554 -17.0189 1.00964 59.4003
28.8075 -26.8672 -10.0002 65.4095
33.5764 -29.7914 -9.60973 81.0703
23.2877 -20.806 -8.55307 62.8984
35.5483 -30.2942 -11.3001 93.875
23.9797 -18.5312 -11.273 106.183
33.9121 -28.374 -21.0376 116.026
34.8442 -28.4664 -16.5427 92.7195
15.886 -11.5547 -14.7184 46.6352
26.2901 -21.254 -24.5333 54.0217
31.5793 -23.9113 -23.0547 62.7146
23.0584 -15.5339 -19.5612 33.8207
34.5252 -25.217 -22.2371 62.7172
46.9698 -34.6678 -22.4215 68.0466
41.6376 -28.8562 -21.9305 72.4084
30.7123 -24.8485 -24.1619 57.0153
43.067 -34.333 -23.7166 59.9781
31.2289 -21.8053 -22.2721 68.2767
9.99262 -2.35974 0.744783 23.7869
22.1211 -11.7825 -5.95322 39.9923
40.2965 -26.0231 -3.64815 49.0906
49.0908 -36.0529 -5.98069 48.2746
35.6175 -26.1843 -12.7918 35.1106
42.4724 -36.3646 -19.8495 51.2422
32.6552 -26.3789 -18.8712 40.2615
30.506 -25.4592 -15.514 13.2328
39.2988 -35.4077 -22.904 29.2677
31.7604 -26.4068 -23.8544 35.6479
30.1083 -25.2695 -18.6032 9.4262
39.0208 -35.0724 -27.0688 17.4143
31.0941 -25.3173 -27.7795 18.2651
29.4914 -23.8955 -28.7172 10.8487
19.8888 -14.6933 -20.3171 2.09917
30.6352 -24.2483 -28.8332 9.97633
35.5425 -27.772 -28.9393 15.2292
47.0032 -37.3776 -37.5133 23.2123
23.9421 -18.3719 -20.114 5.73485
35.4261 -27.8471 -28.8821 13.488
20.413 -15.4476 -15.0434 -5.95961
31.7138 -24.7922 -22.5609 3.56299
43.0145 -34.1367 -32.1015 4.09696
41.9244 -38.9561 -33.9997 -0.824558
33.481 -31.6996 -32.1161 5.51096
44.6802 -41.1136 -41.6893 6.01436
31.2232 -26.4733 -34.88 -9.73865
26.2987 -22.4568 -33.177 -6.804
16.4158 -12.1055 -0.558757 -9.12432
27.3701 -21.5871 -10.2478 -8.86026
34.2181 -29.0792 -11.2434 -11.2784
44.4159 -38.7617 -17.6937 -16.7893
44.3344 -40.3294 -22.7388 -21.505
34.0765 -33.5173 -25.654 -23.684
30.282 -25.8356 -28.5595 -27.6486
24.7708 -26.7932 -31.1697 -29.0066
35.3281 -36.2643 -41.23 -34.9843
27.0986 -27.5008 -33.4372 -22.2304
12.6537 -13.4842 -33.6844 -18.737
23.2061 -22.8826 -33.2311 -16.1497
26.8404 -25.0572 -33.9896 -21.9234
25.5603 -23.4299 -33.723 -26.0834
23.1794 -20.6572 -32.7572 -28.8883
26.8513 -23.0468 -32.9316 -37.3881
25.7312 -21.8459 -32.208 -36.1221
23.4292 -19.7373 -35.1524 -61.018
27.0044 -22.5033 -32.2806 -43.1902
18.614 -14.5641 -21.4948 -24.4488
28.7532 -23.8185 -31.2478 -35.9999
31.8138 -26.4502 -31.305 -39.6192
18.7383 -15.0795 -20.3109 -25.0159
28.6448 -24.124 -29.7687 -41.1178
30.313 -25.8296 -29.5965 -49.3242
26.4083 -22.6181 -39.0442 -65.3827
11.5929 -9.07674 17.9084 -33.5023
21.2652 -18.2087 8.83033 -49.4951
8.13736 -12.2657 10.4942 -25.3845
17.7748 -21.4693 1.51888 -41.3135
26.6046 -30.4135 -4.37102 -53.9135
19.3716 -21.1948 -9.76954 -41.8525
24.937 -30.7189 -15.5612 -62.861
26.3468 -32.1489 -20.5028 -66.7283
23.4869 -29.5718 -19.6277 -39.293
25.1247 -30.2787 -28.0367 -58.7967
27.4986 -31.5913 -30.6093 -66.2141
20.9697 -28.3197 -32.9237 -57.3255
30.1279 -37.3904 -41.3348 -76.7396
23.0141 -24.9618 -35.3365 -64.9419
22.0873 -23.1123 -28.062 -37.6863
31.2107 -32.1698 -36.2596 -57.0011
23.6283 -21.0816 -28.0796 -58.8355
32.4691 -29.8721 -35.754 -81.1018
41.2 -38.787 -43.7176 -103.247
26.0639 -23.2098 -22.3517 -68.7356
33.1782 -29.5126 -28.461 -66.5443
41.9334 -38.3327 -35.9629 -88.6279
43.1878 -39.9171 -31.7055 -100.384
51.896 -48.7723 -36.4553 -70.1535
26.4878 -25.1008 -35.6419 -61.4519
20.3581 -19.2723 -25.9168 -60.6119
28.9909 -28.1317 -33.191 -82.5901
16.3772 -11.7932 -0.981825 -13.1277
24.6681 -20.3914 -7.40092 -37.042
24.9 -19.0885 -0.281938 -68.8786
33.1608 -27.6841 -6.58611 -92.7041
41.5706 -36.5437 -13.365 -116.476
5.83717 -11.7318 -0.61879 -20.0276
13.9228 -20.4316 -6.64179 -43.5447
21.4207 -27.7311 -4.05446 -69.7698
22.5016 -29.0858 -8.2575 -75.1795
20.6072 -27.2392 -14.2177 -98.5728
22.0837 -28.3618 -16.062 -73.7072
20.0084 -25.8888 -19.4175 -68.3401
17.3865 -22.632 -24.8141 -93.2951
19.6996 -23.942 -21.6935 -72.9512
18.9061 -22.4744 -23.2133 -69.4033
17.4756 -20.2069 -28.3692 -94.2387
20.355 -22.2292 -23.3035 -71.0594
19.7611 -21.0785 -23.8331 -66.7643
14.4265 -12.6782 -17.4998 -44.0295
20.8299 -21.1907 -22.4989 -68.5759
23.6665 -23.6702 -19.9277 -79.8305
21.3043 -21.4551 -14.8681 -49.1417
21.832 -21.8504 -19.0397 -74.7211
22.9651 -23.0212 -17.1375 -80.7797
20.0766 -20.3733 -18.0723 -69.9529
20.5899 -20.9901 -16.5666 -72.5676
18.4406 -19.0053 -16.826 -64.3674
16.2078 -16.8425 -16.8213 -56.1701
14.4298 -14.1203 -6.2879 -52.2546
16.2365 -16.3678 -10.326 -77.3378
23.1027 -24.2055 -14.7129 -77.992
23.2001 -24.8809 -7.26503 -84.144
11.3716 -12.8793 -9.86447 -68.9894
18.1322 -20.6624 -12.9328 -94.6081
13.723 -15.1161 6.47005 -56.7032
20.3706 -22.9804 3.46356 -82.0795
26.0798 -28.8683 0.544801 -107.428
32.0888 -36.71 3.3736 -125.05
35.1008 -41.1096 2.96906 -134.566
18.3474 -18.5212 -8.53242 -95.6883
18.7244 -26.148 -14.3421 -72.2854
15.8423 -22.5666 -14.2041 -66.9633
8.28847 -10.1965 -14.1295 -57.9767
12.8906 -17.6457 -9.26354 -65.1496
15.2969 -19.2969 -4.43982 -74.4448
18.6882 -26.8271 -4.65644 -66.4226
12.2077 -15.6888 -3.0817 -68.5271
18.299 -23.2424 -5.23998 -93.4495
24.1425 -30.7436 -7.21388 -118.376
27.5899 -32.2879 19.4953 -107.825
11.8785 -17.7427 3.12941 -48.506
17.5885 -24.8103 2.06263 -72.888
23.3444 -31.8452 1.12134 -97.2587
15.351 -22.3517 -0.647247 -72.0407
10.8059 -12.1289 -3.73028 -63.191
13.1985 -19.1783 -2.74464 -65.7821
13.8425 -19.3451 -1.10149 -71.2572
11.0113 -17.5337 -6.8051 -39.2376
16.6177 -24.6049 -2.47783 -65.888
15.9206 -20.311 -0.519669 -71.1726
14.0689 -18.1792 -2.78952 -62.7222
19.3334 -24.7637 -2.99283 -86.0227
17.9221 -24.7946 1.25352 -68.6174
8.31192 -10.1237 8.18026 -61.7793
11.617 -16.7134 5.2125 -64.0038
16.83 -23.3205 5.17227 -87.0396
17.8742 -22.0626 8.80669 -92.5711
23.0677 -28.6766 8.86013 -115.562
14.2713 -19.0392 0.360249 -73.5822
11.5587 -16.2177 -5.31845 -57.2627
12.644 -13.4898 -5.17301 -79.612
10.8393 -14.3758 -3.16545 -51.1715
10.3794 -13.3348 -1.13797 -49.5867
7.40737 -7.3733 6.75824 -48.5897
11.0587 -13.4569 4.36464 -52.4061
13.066 -15.6631 8.53606 -60.0078
14.9052 -14.721 9.00161 -81.6341
7.93115 -8.20886 3.89793 -45.9939
10.9868 -14.2955 6.35769 -50.4389
12.7438 -16.3973 9.44984 -57.6409
8.23211 -7.30333 7.32406 -52.2487
12.4569 -12.8507 8.39333 -72.3439
9.79586 -13.5331 7.11375 -47.3292
11.1139 -15.0748 9.90679 -53.1455
12.682 -13.7759 11.0135 -73.1117
12.3107 -19.2609 9.40818 -50.1969
9.1027 -12.9082 7.32776 -45.0905
5.24807 -4.97248 5.03142 -39.51
9.40582 -10.5528 6.15895 -59.3142
8.96315 -12.5664 8.03788 -44.0461
8.7839 -12.4031 7.93104 -43.1548
6.15117 -7.24655 6.40196 -38.431
9.81832 -12.2167 7.77877 -56.4763
3.38209 -2.69537 6.94928 -8.38628
7.02364 -7.67892 8.40566 -26.2988
10.6652 -12.6625 9.86205 -44.2112
5.85844 -8.50763 9.90312 -2.11794
9.43451 -13.53 11.3216 -19.8812
12.762 -17.543 20.3488 -43.5436
11.7864 -17.1648 17.6226 -49.5791
12.8943 -15.2828 18.9301 -66.7827
11.1069 -14.9444 12.8891 -62.8852
7.94145 -13.0387 4.05542 -44.2813
4.62921 -5.35067 -0.279847 -38.5665
7.67173 -9.72453 1.17937 -54.2782
8.2532 -13.9805 2.82814 -46.7593
8.7396 -12.3246 4.09757 -50.4898
11.7543 -16.7167 5.52596 -66.1554
5.79266 -8.25186 -3.17962 -25.0249
8.79441 -12.6494 -1.74299 -40.6372
9.19841 -13.1258 1.47216 -42.7279
9.8877 -10.958 2.88042 -56.0561
7.19269 -10.1487 0.86923 -37.7737
5.79246 -8.29583 2.05645 -33.3118
6.7154 -6.85311 3.44754 -46.5959
7.10187 -10.3894 0.623884 -41.0389
4.02001 -6.36281 4.38758 -18.9993
6.50356 -10.1494 5.47464 -32.1465
8.96571 -14.0405 6.88235 -46.4633
8.9616 -11.7806 -1.44647 -39.6147
8.76962 -15.1598 -0.443047 -52.4136
7.72427 -14.0418 -3.62427 -51.5567
5.83586 -11.5971 -8.94943 -43.9675
4.30166 -9.19126 -12.8492 -35.9032
5.26113 -9.01131 -11.9795 -46.4502
5.49319 -9.45957 -9.03629 -37.2035
5.22378 -8.66264 -8.55733 -34.5977
4.61815 -7.58229 -8.661 -30.8858
6.36374 -10.5677 -7.82599 -41.4188
5.00576 -7.55439 -3.36307 -34.8017
4.7976 -7.31242 -3.64327 -31.7607
3.81117 -5.90303 -4.64665 -24.817
5.01568 -7.99859 -4.02028 -32.3607
4.08493 -5.9767 -0.630819 -22.9962
3.3019 -4.896 -0.745848 -18.8443
4.49417 -6.99836 -0.0755871 -26.379
2.81676 -4.10154 1.14944 -15.4683
2.71049 -3.9475 1.98243 -14.4628
2.50838 -3.7213 2.3231 -13.1819
2.46084 -3.60075 4.17241 -15.4069
1.10102 -0.646888 9.59448 -8.13033
1.95625 -1.84229 10.023 -12.3475
2.71965 -3.79572 9.81024 -12.6848
0.60533 -0.746429 4.03537 -1.37562
1.21267 -1.89101 4.43872 -5.53107
1.82 -3.03559 4.84207 -9.68651
1.8912 -2.09355 4.56343 -7.85715
1.85596 -3.12474 4.97696 -12.013
1.76084 -3.03216 3.46833 -11.223
1.43773 -2.61151 1.77356 -8.93585
1.44684 -3.65238 2.13978 -13.0905
0.96877 -1.55547 0.826549 -4.55674
0.428949 -0.416027 0.559326 -0.706111
-0.506382 1.93555 1.43307 7.32823
-0.467133 1.85736 1.55997 6.91479
-0.427883 1.77917 1.68687 6.50135
-0.208126 1.6511 3.0079 6.08613
-0.156387 1.42199 3.16286 5.49837
0.217391 0.936179 4.49808 4.6297
0.255786 0.857537 4.66954 3.91899
0.29418 0.778895 4.79317 3.50491
-0.204137 1.50964 3.03385 7.06519
-0.730719 2.60554 2.93014 10.82
-1.2573 3.70144 2.77531 14.5779
-1.59494 4.73146 2.26461 18.2157
-2.06655 5.45091 2.3263 20.5104
-2.03858 5.64521 3.04852 21.1614
-1.54591 5.02437 4.67742 19.1556
-2.06254 6.12546 4.55512 22.9148
-0.981748 4.15912 4.79414 22.1795
-0.324978 1.83783 2.45068 10.6072
-0.447089 2.10811 2.43391 11.5243
-11.8095 -8.41012 -13.9124 0.294464
-11.8093 -8.48242 -14.2108 -0.633829
-11.3217 -7.78177 -14.0863 -1.32304
-11.3269 -7.78149 -13.0806 -1.57226
-10.8372 -6.61018 -11.7904 -2.02232
-9.596 -5.6366 -10.5806 -1.90189
-9.721 -4.47682 -9.43929 -2.1979
-9.13437 -3.64048 -8.42536 -2.18946
-8.54415 -2.952 -7.5339 -2.1407
-7.96807 -2.37122 -6.75079 -2.05055
-7.96807 -2.37122 -6.74659 -2.05075
-6.84783 -1.5617 -5.42785 -1.87951
-6.32358 -1.25852 -4.87699 -1.77663
-6.32665 -1.24305 -4.88134 -1.76448
-5.35637 -0.803009 -3.92861 -1.79092
-4.91337 -0.632704 -3.55352 -1.468
-4.10641 -0.37448 -3.21875 -1.1855
-4.10641 -0.37448 -2.88525 -1.28205
-4.10732 -0.364392 -2.88976 -1.27464
-3.38278 -0.369757 -2.33529 -1.26861
-3.08206 -0.125338 -2.11947 -1.03793
-2.78415 -0.0686563 -1.91228 -0.967708
-2.78415 -0.0686563 -1.91228 -0.967708
-2.24808 0.0197928 -1.55857 -0.83928
-2.24808 0.0197928 -1.55857 -0.83928
-1.78173 0.0838696 -1.27281 -0.726853
-1.77914 0.0837112 -1.27556 -0.726711
-1.37674 0.119446 -1.03669 -0.636626
-1.19386 0.1358 -0.937694 -0.592296
-1.02787 0.144613 -0.843118 -0.556154
-0.866908 0.152308 -0.763744 -0.519919
-0.718822 0.161271 -0.691115 -0.484311
-0.718822 0.161271 -0.691115 -0.484311
-0.579041 0.165616 -0.624714 -0.454436
5.30541 -14.6391 4.0905 -12.6667
5.41121 -14.648 4.0905 -12.6667
12.1715 -32.9584 9.46892 -27.7853
18.2712 -50.7131 14.225 -42.2379
26.2653 -79.3807 20.4712 -65.2075
26.2653 -79.3807 20.4712 -65.2075
30.5961 -99.426 23.0801 -80.5825
30.5961 -99.426 23.0801 -80.5825
31.6228 -107.145 23.9215 -86.145
31.1215 -113.259 23.9215 -86.145
32.1254 -118.848 23.3832 -94.1103
31.8666 -123.895 22.8605 -97.1953
31.8666 -123.895 23.0534 -97.2194
32.5372 -128.262 22.1982 -101.926
32.5372 -128.262 22.1982 -101.926
31.1389 -139.061 21.7869 -103.789
30.4596 -142.351 20.523 -106.924
30.3266 -145.196 20.9005 -106.888
29.7766 -147.796 19.8353 -109.275
29.1704 -150.831 19.2085 -110.325
29.1704 -150.831 19.2085 -110.325
28.9374 -156.184 18.6968 -112.044
28.7836 -159.091 18.3873 -112.765
28.2351 -161.949 17.2211 -113.934
28.2351 -161.949 17.2211 -113.934
28.1729 -167.109 17.4928 -114.492
27.7138 -170.019 17.0172 -114.823
27.7138 -170.019 17.0172 -114.823
27.704 -175.171 16.8315 -115.241
27.6481 -178.043 16.6745 -115.525
25.8444 -180.236 16.4237 -115.561
27.3323 -183.188 16.3363 -116.024
27.258 -185.865 16.1909 -116.145
28.687 -189.211 15.929 -116.408
27.1681 -191.035 15.929 -116.408
27.0767 -193.555 15.8014 -116.443
28.8454 -197.62 15.6945 -116.395
27.1995 -199.954 15.6945 -116.395
27.1571 -202.669 15.6211 -116.303
27.2639 -205.916 15.6018 -116.165
27.2639 -205.916 15.6018 -116.165
27.2002 -216.582 15.2349 -115.734
27.0701 -218.849 14.9791 -115.768
27.0701 -218.849 14.9791 -115.768
27.0701 -218.849 14.9791 -115.768
27.0573 -220.953 15.322 -115.265
26.5659 -221.013 15.0655 -115.298
27.4771 -226.673 15.3291 -114.464
27.7687 -229.858 15.3672 -114.013
27.5279 -233.221 15.1648 -113.677
27.5279 -233.221 15.1648 -113.677
28.6112 -239.323 15.5296 -113.005
-32.1772 85.918 17.2505 -114.244
-72.3424 278.067 15.8341 -112.415
-72.3424 278.067 15.8341 -112.415
-71.8621 278.199 15.6394 -112.441
-71.9286 278.286 -53.6455 179.965
-71.771 268.826 -53.7348 179.365
-74.1764 255.544 -63.8778 216.136
-68.6412 249.167 -58.5974 192.718
-66.5697 244.306 -53.5221 175.946
-66.5697 244.306 -53.5221 175.946
-64.4459 235.162 -47.3191 153.826
-63.2414 230.991 -44.5913 145.408
-60.94 222.744 -39.5867 130.372
-60.94 222.744 -39.5867 130.372
-56.4435 208.455 -30.7904 105.056
