0.15719 -0.149104 -0.20447 -0.149122
0.15719 -0.149105 -0.20447 -0.149123
0.157183 -0.149189 -0.204481 -0.149214
0.157183 -0.149189 -0.204481 -0.149214
0.157172 -0.149219 -0.204486 -0.149242
0.157165 -0.149256 -0.204492 -0.149284
0.157148 -0.149352 -0.204508 -0.149382
0.157148 -0.149352 -0.204508 -0.149382
0.157151 -0.14941 -0.204518 -0.149438
0.15714 -0.149472 -0.20453 -0.149501
0.157114 -0.14954 -0.204518 -0.14952
0.157111 -0.149617 -0.20456 -0.149644
0.157093 -0.149697 -0.204579 -0.149723
0.157049 -0.149873 -0.204622 -0.149897
0.157049 -0.149873 -0.204622 -0.149897
0.157024 -0.149966 -0.204647 -0.149987
0.156968 -0.15016 -0.204703 -0.150181
0.156968 -0.15016 -0.204703 -0.150181
0.156938 -0.150261 -0.204734 -0.15028
0.156933 -0.150339 -0.20474 -0.150415
0.15687 -0.150468 -0.204802 -0.150487
0.156833 -0.150574 -0.20484 -0.150592
0.156795 -0.15068 -0.204879 -0.150699
0.156713 -0.150896 -0.204962 -0.150915
0.156713 -0.150896 -0.204962 -0.150915
0.156669 -0.151004 -0.205007 -0.151023
0.156566 -0.151219 -0.205101 -0.151238
0.156566 -0.151219 -0.205101 -0.151238
0.156506 -0.151326 -0.20515 -0.151345
0.156368 -0.151537 -0.205208 -0.15156
0.1564 -0.151516 -0.205179 -0.151595
0.156135 -0.151842 -0.205368 -0.151864
0.156135 -0.151842 -0.205415 -0.15186
0.156135 -0.151842 -0.205415 -0.15186
0.156082 -0.151921 -0.205494 -0.151983
0.156044 -0.152039 -0.205528 -0.152049
0.155889 -0.152125 -0.205586 -0.15214
0.155759 -0.15219 -0.205672 -0.152249
0.155725 -0.152299 -0.205672 -0.15225
0.155644 -0.15238 -0.205765 -0.152394
0.155587 -0.152441 -0.205803 -0.152493
0.155587 -0.152441 -0.205859 -0.15249
0.155396 -0.152599 -0.20595 -0.152613
0.155313 -0.152664 -0.206013 -0.152677
0.155335 -0.152649 -0.206053 -0.15269
0.155147 -0.15278 -0.206141 -0.152793
0.154984 -0.152877 -0.206271 -0.152891
0.154984 -0.152877 -0.206271 -0.152891
0.154846 -0.152919 -0.206386 -0.152939
0.154826 -0.152957 -0.206403 -0.152971
0.154686 -0.152988 -0.206524 -0.153006
0.154671 -0.153017 -0.206537 -0.15303
0.154595 -0.153041 -0.206604 -0.153054
0.154452 -0.153057 -0.206664 -0.153076
0.154452 -0.153057 -0.206664 -0.153076
0.154311 -0.153077 -0.206863 -0.153076
0.154311 -0.153077 -0.206863 -0.153076
0.154311 -0.153077 -0.206863 -0.153076
0.154091 -0.153076 -0.20709 -0.153089
0.154091 -0.153076 -0.20709 -0.153089
0.153951 -0.153047 -0.207231 -0.15306
0.153951 -0.153047 -0.207231 -0.15306
0.153808 -0.153002 -0.207374 -0.153015
0.153808 -0.153002 -0.207374 -0.153015
0.153666 -0.15295 -0.207516 -0.152957
0.153666 -0.15295 -0.207516 -0.152957
0.15358 -0.152944 -0.207587 -0.152922
0.153453 -0.152845 -0.207727 -0.152853
0.153453 -0.152845 -0.207727 -0.152853
0.153313 -0.152765 -0.207865 -0.152771
0.153313 -0.152765 -0.207865 -0.152771
0.153174 -0.152675 -0.207944 -0.152708
0.153174 -0.152675 -0.208003 -0.152679
0.153104 -0.152627 -0.208072 -0.152631
0.15305 -0.152534 -0.20815 -0.152564
0.152965 -0.152525 -0.208209 -0.152529
0.152895 -0.152473 -0.208278 -0.152476
0.152845 -0.152372 -0.208355 -0.152405
0.152757 -0.152362 -0.208337 -0.152373
0.152688 -0.152306 -0.208483 -0.152308
0.152612 -0.152252 -0.208558 -0.152237
0.152523 -0.152242 -0.208558 -0.152237
0.152483 -0.152131 -0.208686 -0.152131
0.152409 -0.152074 -0.20876 -0.152061
0.152409 -0.152074 -0.20876 -0.15206
0.152281 -0.151952 -0.208886 -0.151951
0.152209 -0.151893 -0.208958 -0.151882
0.152209 -0.151893 -0.208958 -0.151882
0.152082 -0.151772 -0.209084 -0.151769
0.152013 -0.151712 -0.209152 -0.151704
0.152013 -0.151712 -0.209152 -0.151704
0.151821 -0.151536 -0.209319 -0.151486
0.151821 -0.151536 -0.209319 -0.151486
0.151761 -0.151479 -0.209319 -0.151486
0.151699 -0.151424 -0.209465 -0.15142
0.151636 -0.151368 -0.209528 -0.151361
0.151636 -0.151368 -0.209528 -0.151361
0.151516 -0.151266 -0.209647 -0.151257
0.151459 -0.15121 -0.209705 -0.151207
0.151459 -0.15121 -0.209705 -0.151207
0.151287 -0.151062 -0.209877 -0.151066
0.151209 -0.151053 -0.209877 -0.151066
0.151227 -0.151023 -0.209938 -0.151014
0.151172 -0.15098 -0.209993 -0.150971
0.151123 -0.150929 -0.210042 -0.150937
0.151123 -0.150929 -0.210042 -0.150937
0.151008 -0.150856 -0.210158 -0.150847
0.150902 -0.150779 -0.210266 -0.150771
0.150902 -0.150779 -0.210266 -0.150771
0.150789 -0.150723 -0.210284 -0.150712
0.150797 -0.150709 -0.210373 -0.150701
0.150746 -0.150675 -0.210425 -0.150667
0.150694 -0.150642 -0.210478 -0.150634
0.150542 -0.150552 -0.210657 -0.150587
0.150542 -0.150552 -0.210657 -0.150587
0.150542 -0.150552 -0.210657 -0.150587
0.150443 -0.1505 -0.210735 -0.150495
0.150395 -0.150476 -0.210805 -0.150508
0.150395 -0.150476 -0.210805 -0.150508
0.150347 -0.150452 -0.210834 -0.150448
0.150366 -0.150434 -0.210906 -0.150464
0.150226 -0.150364 -0.21096 -0.150413
0.150226 -0.150365 -0.21096 -0.150413
0.150226 -0.150365 -0.21096 -0.150413
0.149586 -0.150234 -0.211617 -0.150243
0.149582 -0.150241 -0.211617 -0.150243
0.149517 -0.15024 -0.211687 -0.150235
0.149493 -0.150238 -0.211748 -0.150238
0.149457 -0.150244 -0.211748 -0.150238
0.149428 -0.150246 -0.211778 -0.15024
0.149409 -0.150239 -0.211797 -0.150256
0.149409 -0.150239 -0.211797 -0.150256
0.149341 -0.150249 -0.211867 -0.150242
0.149312 -0.150248 -0.211897 -0.15024
0.1493 -0.15023 -0.21191 -0.150264
0.149254 -0.150244 -0.211957 -0.150237
0.149195 -0.150236 -0.212019 -0.150231
0.149216 -0.150215 -0.211998 -0.150262
0.149166 -0.150229 -0.211998 -0.150262
0.149136 -0.150224 -0.212081 -0.15022
0.149106 -0.150216 -0.212113 -0.15021
0.149132 -0.150189 -0.212087 -0.150248
0.149045 -0.150196 -0.212178 -0.150192
0.149014 -0.150183 -0.212211 -0.15018
0.149013 -0.150137 -0.212214 -0.150212
0.14895 -0.150155 -0.21228 -0.150154
0.148917 -0.15014 -0.212314 -0.150139
0.148919 -0.150087 -0.212315 -0.150171
0.148866 -0.15008 -0.212415 -0.150157
0.148819 -0.150086 -0.21242 -0.150087
0.148786 -0.150067 -0.212456 -0.150067
0.148718 -0.150024 -0.212529 -0.150026
0.148718 -0.150024 -0.212529 -0.150026
0.148685 -0.150002 -0.212565 -0.150005
0.14849 -0.149865 -0.212535 -0.150204
0.14849 -0.149865 -0.212535 -0.150204
0.148488 -0.149815 -0.212778 -0.149891
0.14844 -0.14981 -0.21275 -0.149842
0.148404 -0.149804 -0.212866 -0.149808
0.148403 -0.149754 -0.212869 -0.149822
0.148403 -0.149755 -0.212842 -0.149776
0.148321 -0.149742 -0.21298 -0.149787
0.148322 -0.149691 -0.212983 -0.149805
0.148267 -0.1497 -0.213012 -0.149698
0.148241 -0.149678 -0.21304 -0.149677
0.148214 -0.149656 -0.212983 -0.149667
0.148187 -0.149634 -0.213098 -0.149632
0.148161 -0.149612 -0.213126 -0.14961
0.148108 -0.149568 -0.213183 -0.149566
0.148139 -0.149534 -0.213152 -0.149607
0.148139 -0.149534 -0.213124 -0.149557
0.148099 -0.149492 -0.213265 -0.149596
0.148005 -0.149479 -0.213294 -0.149476
0.148005 -0.149479 -0.213294 -0.149476
0.14798 -0.149457 -0.213322 -0.149455
0.147954 -0.149435 -0.21335 -0.14943
0.147943 -0.149388 -0.21328 -0.149422
0.147918 -0.149364 -0.213406 -0.149385
0.147855 -0.149383 -0.213371 -0.149326
0.148205 -0.148995 -0.21302 -0.149787
0.148205 -0.148995 -0.21302 -0.149787
0.147633 -0.149169 -0.213706 -0.14917
0.147633 -0.149169 -0.213706 -0.14917
0.147632 -0.149168 -0.213706 -0.14917
0.147645 -0.149124 -0.213695 -0.149196
0.147645 -0.149124 -0.213695 -0.149196
0.147584 -0.149139 -0.21376 -0.149134
0.147568 -0.14913 -0.213778 -0.149123
0.147587 -0.149084 -0.213762 -0.149157
0.147587 -0.149084 -0.213762 -0.149157
0.147524 -0.149105 -0.213829 -0.149097
0.14751 -0.149098 -0.213846 -0.149088
0.147549 -0.149055 -0.213807 -0.149139
0.147482 -0.149083 -0.213879 -0.149073
0.147468 -0.149076 -0.213895 -0.149064
0.147501 -0.149018 -0.213866 -0.149118
0.147501 -0.149018 -0.213866 -0.149118
0.147428 -0.149055 -0.213944 -0.149045
0.147415 -0.14905 -0.21396 -0.149038
0.147467 -0.148993 -0.213909 -0.149106
0.147391 -0.149038 -0.213991 -0.149028
0.147379 -0.149034 -0.214006 -0.149022
0.147425 -0.148967 -0.214072 -0.149076
0.147425 -0.148966 -0.214072 -0.149076
0.147355 -0.148951 -0.214127 -0.149069
0.147355 -0.14895 -0.214095 -0.149013
0.14735 -0.148953 -0.214103 -0.149014
0.147363 -0.148959 -0.214152 -0.149073
0.147344 -0.148956 -0.214118 -0.149016
0.147302 -0.149026 -0.214124 -0.14902
0.1473 -0.14903 -0.214129 -0.149022
0.147298 -0.149045 -0.214142 -0.149037
0.147298 -0.149045 -0.214142 -0.149037
0.147298 -0.149045 -0.214142 -0.149037
0.147299 -0.14905 -0.214145 -0.149044
0.147304 -0.149065 -0.214148 -0.149055
0.147304 -0.149065 -0.214148 -0.149055
0.147324 -0.149083 -0.214149 -0.149069
0.147312 -0.149081 -0.214149 -0.149069
0.147316 -0.149089 -0.214148 -0.149077
0.147334 -0.149116 -0.214143 -0.149101
0.147334 -0.149116 -0.214143 -0.149101
0.147334 -0.149116 -0.214143 -0.149101
0.147361 -0.149145 -0.214131 -0.149137
0.147361 -0.149145 -0.214131 -0.149137
0.147431 -0.149069 -0.21406 -0.149234
0.147371 -0.149157 -0.214124 -0.149147
0.147383 -0.149169 -0.214117 -0.149158
0.147473 -0.149101 -0.214032 -0.149273
0.147408 -0.149197 -0.213988 -0.149196
0.147575 -0.149329 -0.21398 -0.149333
0.147655 -0.149257 -0.213877 -0.149368
0.147655 -0.149257 -0.213877 -0.149368
0.147733 -0.14921 -0.213979 -0.14951
0.147733 -0.14921 -0.213979 -0.14951
0.147932 -0.149465 -0.213655 -0.149556
0.147932 -0.149465 -0.213714 -0.149547
0.147921 -0.149565 -0.213682 -0.149569
0.147957 -0.149587 -0.21365 -0.149588
0.148029 -0.149626 -0.213527 -0.149635
0.148029 -0.149627 -0.213586 -0.149626
0.14814 -0.149681 -0.213489 -0.149675
0.14814 -0.149681 -0.213489 -0.149676
0.14814 -0.149681 -0.213489 -0.149676
0.148244 -0.149624 -0.213388 -0.149786
0.148214 -0.149715 -0.213348 -0.149717
0.148251 -0.14973 -0.213391 -0.14972
0.148364 -0.149664 -0.213283 -0.149838
0.148324 -0.149761 -0.213238 -0.14976
0.148362 -0.149774 -0.213296 -0.14976
0.148484 -0.149697 -0.213128 -0.149802
0.148436 -0.149802 -0.213128 -0.149802
0.148474 -0.149815 -0.2132 -0.1498
0.148605 -0.14973 -0.213074 -0.149941
0.148551 -0.149845 -0.21302 -0.149845
0.14859 -0.149859 -0.213102 -0.149843
0.14873 -0.149767 -0.21291 -0.149893
0.148671 -0.149892 -0.213034 -0.149873
0.148712 -0.149908 -0.212999 -0.149892
0.148934 -0.150009 -0.212812 -0.15
0.148934 -0.150009 -0.212812 -0.15
0.149107 -0.150106 -0.212635 -0.150117
0.149107 -0.150106 -0.212635 -0.150117
0.14925 -0.150174 -0.212537 -0.150176
0.14925 -0.150174 -0.212537 -0.150176
0.149402 -0.150105 -0.212391 -0.150336
0.149365 -0.150244 -0.212483 -0.150323
0.149424 -0.150278 -0.212383 -0.150271
0.149583 -0.150208 -0.21223 -0.150439
0.149583 -0.150208 -0.21223 -0.150439
0.149563 -0.150382 -0.212223 -0.150375
0.149791 -0.150501 -0.211956 -0.150502
0.149791 -0.150501 -0.211956 -0.150502
0.149791 -0.150501 -0.211956 -0.150502
0.149985 -0.150618 -0.211887 -0.150611
0.150094 -0.150498 -0.211778 -0.150758
0.150094 -0.150498 -0.211778 -0.150758
0.150094 -0.150498 -0.211778 -0.150758
0.150137 -0.150742 -0.211708 -0.150739
0.150188 -0.150747 -0.211708 -0.150739
0.150256 -0.150797 -0.211647 -0.150778
0.150274 -0.150842 -0.211471 -0.150835
0.150395 -0.150894 -0.211525 -0.150867
0.150466 -0.150944 -0.211464 -0.150914
0.150537 -0.150995 -0.211402 -0.150963
0.150633 -0.151095 -0.211276 -0.151067
0.150633 -0.151095 -0.211276 -0.151067
0.15078 -0.151202 -0.211147 -0.151182
0.150831 -0.151207 -0.211147 -0.151182
0.150908 -0.151266 -0.21108 -0.15124
0.15093 -0.151324 -0.211013 -0.151298
0.151066 -0.151389 -0.210943 -0.151363
0.151309 -0.151281 -0.210711 -0.151641
0.151309 -0.151281 -0.210801 -0.151493
0.151315 -0.15159 -0.210728 -0.151565
0.15157 -0.15148 -0.210484 -0.151859
0.15157 -0.15148 -0.210644 -0.151835
0.15158 -0.151811 -0.210498 -0.151787
0.151921 -0.151708 -0.210242 -0.152095
0.151921 -0.151708 -0.210336 -0.151944
0.151863 -0.152054 -0.210093 -0.152053
0.152164 -0.152317 -0.209989 -0.152293
0.152346 -0.152119 -0.209807 -0.152531
0.152346 -0.152119 -0.209743 -0.152411
0.152269 -0.152405 -0.209897 -0.152388
0.152376 -0.152495 -0.209802 -0.152485
0.152671 -0.152398 -0.209521 -0.152817
0.152597 -0.152701 -0.209521 -0.152818
0.15271 -0.152799 -0.209509 -0.152775
0.153019 -0.152694 -0.209147 -0.153001
0.152943 -0.153011 -0.209147 -0.153002
0.153062 -0.153114 -0.2092 -0.153088
0.153384 -0.153006 -0.208986 -0.153305
0.153384 -0.153006 -0.208986 -0.153305
0.153687 -0.153671 -0.208639 -0.153652
0.153687 -0.153671 -0.208639 -0.153652
0.153687 -0.153671 -0.208639 -0.153652
0.154148 -0.153573 -0.208244 -0.15391
0.154148 -0.153573 -0.208244 -0.15391
0.154227 -0.154151 -0.208128 -0.154131
0.154439 -0.153921 -0.208064 -0.154385
0.154366 -0.154275 -0.207995 -0.154252
0.154725 -0.15416 -0.207642 -0.154655
0.15465 -0.154527 -0.20757 -0.154515
0.154795 -0.15465 -0.207587 -0.154623
0.15517 -0.154532 -0.207219 -0.155038
0.15517 -0.154532 -0.207219 -0.155038
0.155713 -0.155529 -0.20648 -0.155689
0.155728 -0.155647 -0.206255 -0.155971
0.156018 -0.155665 -0.206382 -0.155664
0.156558 -0.155557 -0.205992 -0.156077
0.156507 -0.156053 -0.205893 -0.156047
0.156734 -0.15581 -0.205666 -0.156331
0.156734 -0.15581 -0.205666 -0.156331
0.158357 -0.155339 -0.204967 -0.156813
0.158357 -0.155339 -0.204967 -0.156813
0.158839 -0.157389 -0.203675 -0.1579
0.158966 -0.157457 -0.2037 -0.157777
0.15894 -0.157853 -0.203537 -0.157885
0.159097 -0.158063 -0.203196 -0.158206
0.159241 -0.158068 -0.203212 -0.158086
0.1594 -0.158167 -0.203051 -0.158186
0.159904 -0.158078 -0.202732 -0.158373
0.159742 -0.158361 -0.202731 -0.158374
0.160104 -0.158249 -0.20248 -0.158682
0.160104 -0.158249 -0.20248 -0.158682
0.160461 -0.158805 -0.201911 -0.158966
0.160604 -0.158809 -0.201955 -0.158809
0.160604 -0.158809 -0.201955 -0.158809
0.16098 -0.158662 -0.201728 -0.159128
0.161122 -0.158664 -0.201654 -0.158969
0.161109 -0.159063 -0.201504 -0.159051
0.161313 -0.159234 -0.201129 -0.159404
0.161441 -0.159237 -0.201209 -0.159212
0.161607 -0.159317 -0.201062 -0.159298
0.161817 -0.159489 -0.200672 -0.159674
0.161939 -0.159491 -0.200769 -0.159472
0.162105 -0.15958 -0.200622 -0.159561
0.16236 -0.159299 -0.200367 -0.159866
0.16244 -0.159771 -0.200327 -0.159748
0.162652 -0.159981 -0.199906 -0.160169
0.163126 -0.160195 -0.199512 -0.16019
0.163539 -0.159886 -0.199446 -0.160501
0.163539 -0.159886 -0.199446 -0.160501
0.163301 -0.160305 -0.199573 -0.160288
0.163479 -0.160426 -0.199417 -0.160413
0.16366 -0.160567 -0.199261 -0.160532
0.16366 -0.160567 -0.199261 -0.160532
0.164327 -0.160502 -0.198639 -0.161161
0.16405 -0.16099 -0.198639 -0.161161
0.164885 -0.160793 -0.19853 -0.161453
0.164885 -0.160793 -0.19853 -0.161453
0.164788 -0.161466 -0.198277 -0.16143
0.165009 -0.16182 -0.197699 -0.161803
0.165184 -0.161819 -0.197933 -0.161783
0.165727 -0.161626 -0.197416 -0.162364
0.165919 -0.161624 -0.197659 -0.162343
0.1658 -0.162395 -0.197399 -0.16236
0.166567 -0.162211 -0.197031 -0.162776
0.166225 -0.162812 -0.197031 -0.162776
0.167032 -0.162843 -0.196281 -0.163639
0.167032 -0.162843 -0.196281 -0.163639
0.167032 -0.162843 -0.196281 -0.163639
0.167111 -0.163706 -0.19602 -0.163705
0.167574 -0.164167 -0.195635 -0.164188
0.167574 -0.164167 -0.195853 -0.164171
0.16819 -0.164014 -0.195267 -0.164837
0.168051 -0.164697 -0.195197 -0.164673
0.168292 -0.164949 -0.19523 -0.164911
0.16894 -0.164773 -0.194613 -0.165622
0.16894 -0.164773 -0.194613 -0.165622
0.16945 -0.165293 -0.19437 -0.165982
0.16945 -0.165293 -0.19437 -0.165982
0.170059 -0.166847 -0.193671 -0.166837
0.170059 -0.166847 -0.193671 -0.166837
0.170483 -0.166382 -0.193247 -0.167304
0.170767 -0.166371 -0.193489 -0.167288
0.170592 -0.167436 -0.193176 -0.167409
0.17131 -0.16725 -0.192483 -0.168188
0.17131 -0.167249 -0.192483 -0.168188
0.171409 -0.168335 -0.192442 -0.168299
0.171666 -0.168969 -0.191941 -0.168908
0.171968 -0.168955 -0.19194 -0.16891
0.172733 -0.168729 -0.191196 -0.169739
0.173042 -0.168711 -0.191489 -0.169724
0.172826 -0.169883 -0.191145 -0.169851
0.173103 -0.170539 -0.190298 -0.170506
0.173413 -0.17052 -0.190587 -0.170491
0.174221 -0.170285 -0.189783 -0.171353
0.174221 -0.170285 -0.189783 -0.171353
0.174312 -0.171493 -0.189703 -0.171465
0.17515 -0.171252 -0.188792 -0.172135
0.175149 -0.17125 -0.188792 -0.172135
0.175236 -0.172484 -0.188789 -0.172457
0.176098 -0.17223 -0.18785 -0.173143
0.176096 -0.172228 -0.18785 -0.173143
0.176185 -0.173489 -0.187827 -0.173468
0.177073 -0.173222 -0.18701 -0.174608
0.177383 -0.173918 -0.186102 -0.175533
0.177729 -0.17389 -0.186259 -0.175069
0.177131 -0.174876 -0.186258 -0.175071
0.178735 -0.174904 -0.185208 -0.176097
0.178735 -0.174904 -0.185208 -0.176097
0.178735 -0.174904 -0.185208 -0.176097
0.17951 -0.176882 -0.184075 -0.176897
0.17951 -0.176882 -0.184075 -0.176897
0.17951 -0.176882 -0.184075 -0.176897
0.180204 -0.177579 -0.183299 -0.177569
0.180204 -0.177579 -0.183625 -0.177557
0.180553 -0.177914 -0.183287 -0.177897
0.181261 -0.178613 -0.182261 -0.178596
0.181261 -0.178613 -0.182638 -0.178583
0.181883 -0.177932 -0.182013 -0.179185
0.182344 -0.179641 -0.181278 -0.179638
0.182344 -0.179641 -0.181668 -0.179625
0.183355 -0.179282 -0.180691 -0.180592
0.183082 -0.180352 -0.180609 -0.180339
0.183456 -0.180698 -0.180671 -0.180685
0.183834 -0.181067 -0.180335 -0.18104
0.184939 -0.180286 -0.179668 -0.181666
0.184537 -0.182202 -0.178984 -0.182393
0.184988 -0.182147 -0.178984 -0.182393
0.185297 -0.182963 -0.178262 -0.183133
0.185777 -0.1829 -0.178664 -0.183123
0.186176 -0.183264 -0.178224 -0.183249
0.187282 -0.182885 -0.17716 -0.184265
0.186988 -0.184035 -0.177582 -0.184256
0.187398 -0.184403 -0.177138 -0.184389
0.187297 -0.184872 -0.176345 -0.184782
0.18994 -0.186714 -0.174851 -0.186749
0.18994 -0.186714 -0.174851 -0.186749
0.193303 -0.188433 -0.170131 -0.190475
0.193303 -0.188433 -0.170131 -0.190475
0.194402 -0.187893 -0.169064 -0.19116
0.193835 -0.188731 -0.169234 -0.19116
0.194107 -0.188986 -0.168828 -0.191497
0.195166 -0.188647 -0.16803 -0.192142
0.195166 -0.188647 -0.16803 -0.192142
0.194709 -0.189973 -0.167634 -0.192456
0.195867 -0.189714 -0.166884 -0.193066
0.195013 -0.19097 -0.166884 -0.193066
0.195738 -0.190805 -0.165927 -0.193848
0.194849 -0.19207 -0.16624 -0.193851
0.195391 -0.19251 -0.165857 -0.193934
0.196117 -0.192411 -0.165305 -0.194702
0.195618 -0.193711 -0.165246 -0.194474
0.195734 -0.194265 -0.164951 -0.194736
0.195851 -0.194874 -0.164267 -0.194981
0.195975 -0.195434 -0.164384 -0.195235
0.196272 -0.195884 -0.163464 -0.195981
0.196821 -0.195781 -0.163854 -0.195722
0.197252 -0.196021 -0.163582 -0.19598
0.198127 -0.196557 -0.162543 -0.196501
0.198129 -0.196559 -0.163026 -0.196505
0.199939 -0.1959 -0.161979 -0.19735
0.199939 -0.1959 -0.162411 -0.197062
0.19946 -0.197422 -0.162082 -0.197358
0.201385 -0.196732 -0.160861 -0.197972
0.201384 -0.196731 -0.161399 -0.197979
0.20083 -0.198384 -0.161027 -0.198311
0.201298 -0.198746 -0.160642 -0.198652
0.203867 -0.198326 -0.159397 -0.199777
0.203867 -0.198326 -0.159397 -0.199777
0.203867 -0.198326 -0.159397 -0.199777
0.204996 -0.19898 -0.158536 -0.200556
0.203714 -0.200625 -0.158536 -0.200556
0.204214 -0.201026 -0.158095 -0.200975
0.206623 -0.200181 -0.157268 -0.202138
0.206623 -0.200181 -0.157268 -0.202138
0.2079 -0.204202 -0.154856 -0.204269
0.2079 -0.204202 -0.154856 -0.204269
0.20938 -0.203591 -0.153928 -0.205444
0.208899 -0.205037 -0.153892 -0.20526
0.209352 -0.20547 -0.153407 -0.205749
0.209766 -0.206086 -0.152918 -0.206235
0.209766 -0.206086 -0.152918 -0.206235
0.209644 -0.207423 -0.151942 -0.207218
0.209053 -0.208143 -0.151457 -0.20771
0.209053 -0.208143 -0.151457 -0.20771
0.210828 -0.208874 -0.150039 -0.208815
0.211763 -0.209617 -0.14907 -0.209755
0.212577 -0.209402 -0.149032 -0.209596
0.21322 -0.209967 -0.148589 -0.210515
0.21322 -0.209967 -0.148589 -0.210515
0.213512 -0.210193 -0.147601 -0.210969
0.213825 -0.21032 -0.147699 -0.21157
0.213825 -0.21032 -0.147699 -0.21157
0.215976 -0.209494 -0.145794 -0.212879
0.216901 -0.208473 -0.14485 -0.213476
0.217424 -0.208328 -0.14485 -0.213476
0.215348 -0.210894 -0.145386 -0.213534
0.216948 -0.209868 -0.143563 -0.214923
0.217386 -0.209742 -0.143563 -0.214923
0.216386 -0.210787 -0.14413 -0.214915
0.216772 -0.210588 -0.143645 -0.215118
0.218097 -0.209289 -0.142259 -0.21582
0.217606 -0.210025 -0.142861 -0.21581
0.218058 -0.209672 -0.142503 -0.216153
0.219848 -0.208155 -0.141194 -0.216823
0.219848 -0.208155 -0.141194 -0.216823
0.220102 -0.207964 -0.141132 -0.217433
0.221344 -0.206834 -0.140139 -0.217774
0.22067 -0.207439 -0.140739 -0.217756
0.221261 -0.206871 -0.140388 -0.218025
0.223205 -0.205163 -0.139013 -0.218621
0.223143 -0.205122 -0.139646 -0.218599
0.22312 -0.205225 -0.139299 -0.218857
0.225011 -0.203545 -0.13851 -0.219667
0.224385 -0.204082 -0.13851 -0.219667
0.225012 -0.203504 -0.138193 -0.220092
0.22643 -0.202004 -0.136965 -0.221037
0.226786 -0.201879 -0.137414 -0.221017
0.226887 -0.201782 -0.137116 -0.221423
0.227507 -0.201198 -0.136768 -0.221874
0.228895 -0.199678 -0.135567 -0.222822
0.228895 -0.199678 -0.135567 -0.222822
0.231235 -0.197449 -0.134795 -0.224605
0.231235 -0.197449 -0.134794 -0.224608
0.232631 -0.195806 -0.133611 -0.225535
0.232796 -0.195742 -0.133611 -0.225535
0.233185 -0.195308 -0.133848 -0.22596
0.235056 -0.193091 -0.132352 -0.227334
0.235201 -0.193033 -0.132352 -0.227334
0.235201 -0.193033 -0.132926 -0.227303
0.235889 -0.192231 -0.132624 -0.22774
0.237983 -0.189775 -0.131132 -0.229099
0.237983 -0.189775 -0.131132 -0.229099
0.237983 -0.189775 -0.131132 -0.229099
0.239541 -0.187896 -0.131146 -0.229902
0.240145 -0.187156 -0.130854 -0.230306
0.240145 -0.187156 -0.130854 -0.230306
0.241581 -0.185294 -0.129688 -0.23117
0.241581 -0.185294 -0.130277 -0.231119
0.242367 -0.184257 -0.129991 -0.231524
0.243821 -0.182245 -0.128817 -0.232388
0.243821 -0.182245 -0.128817 -0.232388
0.244739 -0.181134 -0.129161 -0.232712
0.244739 -0.181134 -0.129161 -0.232712
0.246113 -0.179138 -0.127986 -0.233554
0.246995 -0.178035 -0.128329 -0.233852
0.248438 -0.176002 -0.126588 -0.234726
0.248438 -0.176002 -0.126588 -0.234726
0.252371 -0.170773 -0.126417 -0.236262
0.252371 -0.170773 -0.126417 -0.236262
0.253847 -0.168725 -0.12587 -0.236914
0.253811 -0.168773 -0.12587 -0.236914
0.254378 -0.167866 -0.125068 -0.237305
0.255737 -0.165889 -0.124516 -0.237947
0.255825 -0.165846 -0.125046 -0.237863
0.256454 -0.164907 -0.124777 -0.238192
0.257618 -0.163034 -0.124236 -0.2388
0.258209 -0.162069 -0.123971 -0.239111
0.258772 -0.16113 -0.123168 -0.239494
0.258758 -0.161137 -0.123706 -0.239412
0.259829 -0.159312 -0.122645 -0.240091
0.259771 -0.159345 -0.123184 -0.24003
0.260301 -0.158375 -0.122929 -0.240341
0.261309 -0.156539 -0.121872 -0.241018
0.26124 -0.156535 -0.122428 -0.240943
0.26169 -0.155626 -0.122184 -0.241252
0.262635 -0.153792 -0.121708 -0.241868
0.262547 -0.153777 -0.121708 -0.241868
0.262975 -0.152865 -0.121477 -0.242181
0.263879 -0.151035 -0.121026 -0.242811
0.263791 -0.151022 -0.121026 -0.242811
0.264197 -0.150106 -0.120806 -0.243132
0.265167 -0.148117 -0.120337 -0.243691
0.265167 -0.148117 -0.120337 -0.243691
0.265943 -0.146244 -0.119434 -0.244557
0.265943 -0.146244 -0.119434 -0.244557
0.266606 -0.144526 -0.119041 -0.245234
0.266532 -0.144455 -0.119571 -0.245111
0.266915 -0.143501 -0.11938 -0.245456
0.267734 -0.141649 -0.118489 -0.246278
0.267734 -0.141649 -0.118489 -0.246278
0.268059 -0.140603 -0.11883 -0.246507
0.268821 -0.138638 -0.118406 -0.247067
0.268821 -0.138638 -0.118406 -0.247067
0.269203 -0.137659 -0.118236 -0.247427
0.269963 -0.135703 -0.118003 -0.248338
0.269963 -0.135703 -0.118003 -0.248338
0.271082 -0.13266 -0.117559 -0.249485
0.271082 -0.13266 -0.117559 -0.249485
0.271471 -0.131816 -0.117418 -0.249881
0.271461 -0.131673 -0.117418 -0.249881
0.27184 -0.130688 -0.116822 -0.250412
0.272929 -0.127604 -0.116776 -0.251264
0.272925 -0.127603 -0.116914 -0.251502
0.272925 -0.127603 -0.116914 -0.251502
0.273659 -0.125771 -0.116542 -0.252093
0.273831 -0.125424 -0.116688 -0.252343
0.273988 -0.124521 -0.116584 -0.252772
0.274329 -0.123462 -0.116484 -0.253204
0.276418 -0.117388 -0.115995 -0.255941
0.276418 -0.117388 -0.115995 -0.255941
0.278816 -0.110955 -0.115601 -0.25943
0.278816 -0.110955 -0.115601 -0.25943
0.279364 -0.109506 -0.115245 -0.260085
0.279451 -0.109293 -0.115497 -0.260468
0.279744 -0.108461 -0.115462 -0.260984
0.280137 -0.10707 -0.115118 -0.261639
0.280264 -0.106763 -0.115118 -0.261639
0.280518 -0.105941 -0.115339 -0.262552
0.280968 -0.104474 -0.115006 -0.263205
0.280796 -0.104617 -0.115006 -0.263205
0.281167 -0.103418 -0.115239 -0.264117
0.281598 -0.101934 -0.115189 -0.265153
0.281393 -0.102107 -0.115189 -0.265153
0.281727 -0.100884 -0.115169 -0.265673
0.28212 -0.0993604 -0.115144 -0.266707
0.281886 -0.0995617 -0.115144 -0.266707
0.282371 -0.0974021 -0.115135 -0.267737
0.282371 -0.0974021 -0.115135 -0.267737
0.282681 -0.0956402 -0.114812 -0.268892
0.282681 -0.0956402 -0.115146 -0.268765
0.282831 -0.0947451 -0.115158 -0.269278
0.283188 -0.0931133 -0.114543 -0.270034
0.283102 -0.0928587 -0.115202 -0.270301
0.283462 -0.0912188 -0.114586 -0.27106
0.283387 -0.0909672 -0.11526 -0.271327
0.283534 -0.0900136 -0.115296 -0.27184
0.284087 -0.0876156 -0.114377 -0.273262
0.284023 -0.0873423 -0.114739 -0.273117
0.284023 -0.0873423 -0.115074 -0.273535
0.284278 -0.0850754 -0.114846 -0.27415
0.284278 -0.0850754 -0.114846 -0.27415
0.284418 -0.0840476 -0.115605 -0.274951
0.284701 -0.0819453 -0.115035 -0.275716
0.284701 -0.0819453 -0.115035 -0.275716
0.28485 -0.0809128 -0.115814 -0.276531
0.285187 -0.0792066 -0.115267 -0.277299
0.285187 -0.0792066 -0.115267 -0.277299
0.285152 -0.0783169 -0.11606 -0.278138
0.285603 -0.0760285 -0.115849 -0.278777
0.285719 -0.0745567 -0.116343 -0.279778
0.285719 -0.0745567 -0.116343 -0.279778
0.286022 -0.0728677 -0.115846 -0.280555
0.286016 -0.0724668 -0.116549 -0.280887
0.286434 -0.0693362 -0.116884 -0.282577
0.286434 -0.0693362 -0.116884 -0.282577
0.286434 -0.0693362 -0.116884 -0.282577
0.286815 -0.0666529 -0.116563 -0.283943
0.286789 -0.0661931 -0.11701 -0.284428
0.286789 -0.0661931 -0.117254 -0.284315
0.28704 -0.0650487 -0.116932 -0.284414
0.288319 -0.0543304 -0.117233 -0.29087
0.288319 -0.0543304 -0.117233 -0.29087
0.288821 -0.051198 -0.118325 -0.293892
0.2889 -0.0507167 -0.120039 -0.295293
0.289042 -0.0496475 -0.119789 -0.296047
0.289106 -0.0492877 -0.120372 -0.296502
0.289084 -0.0486821 -0.12054 -0.297099
0.289258 -0.0471182 -0.120877 -0.298288
0.289258 -0.0471182 -0.120879 -0.298288
0.289166 -0.0465717 -0.121049 -0.298875
0.289314 -0.0449908 -0.121397 -0.300042
0.289314 -0.0449908 -0.121395 -0.300042
0.28918 -0.0444614 -0.121569 -0.300619
0.289063 -0.0435775 -0.121391 -0.301324
0.289063 -0.0435775 -0.121391 -0.301324
0.289129 -0.0423297 -0.122103 -0.302337
0.289148 -0.0412685 -0.121944 -0.303032
0.289224 -0.0406825 -0.122478 -0.303477
0.289029 -0.0401725 -0.122656 -0.30404
0.288862 -0.0393219 -0.122519 -0.304724
0.288934 -0.0387068 -0.123046 -0.305171
0.288895 -0.0379903 -0.123232 -0.305731
0.288742 -0.037115 -0.123114 -0.306411
0.288799 -0.0365365 -0.123634 -0.306855
0.288757 -0.0358217 -0.12383 -0.307418
0.288693 -0.0350761 -0.124036 -0.307989
0.288636 -0.0343424 -0.124255 -0.308547
0.288567 -0.0335906 -0.124458 -0.309126
0.28849 -0.0328317 -0.124676 -0.309708
0.288335 -0.0313188 -0.125125 -0.310875
0.288335 -0.0313188 -0.125125 -0.310875
0.288221 -0.0298759 -0.125587 -0.312048
0.288221 -0.0298759 -0.125589 -0.312047
0.288073 -0.028398 -0.126071 -0.313257
0.288073 -0.028398 -0.126073 -0.313256
0.288019 -0.027408 -0.126066 -0.313954
0.288059 -0.0267038 -0.125983 -0.313998
0.287828 -0.0261649 -0.126922 -0.315066
0.28774 -0.0254154 -0.127099 -0.315754
0.287645 -0.024656 -0.127369 -0.316395
0.287614 -0.0230689 -0.127418 -0.317124
0.2875 -0.0232074 -0.12792 -0.317705
0.287333 -0.0217465 -0.128493 -0.319065
0.287333 -0.0217465 -0.128493 -0.319065
0.287349 -0.0215549 -0.128788 -0.319751
0.287106 -0.0194161 -0.129007 -0.321323
0.287106 -0.0194161 -0.129701 -0.321867
0.287013 -0.0188821 -0.129701 -0.321867
0.286936 -0.0181969 -0.130015 -0.322592
0.286842 -0.0173236 -0.129933 -0.323538
0.286848 -0.0165913 -0.130667 -0.324106
0.28663 -0.0160539 -0.131001 -0.32487
0.28663 -0.0160539 -0.131001 -0.32487
0.286171 -0.00825322 -0.136129 -0.336202
0.28618 -0.00825481 -0.136127 -0.336203
0.286176 -0.00724005 -0.137169 -0.337686
0.286101 -0.00681946 -0.137295 -0.33863
0.286101 -0.00681946 -0.137295 -0.33863
0.285963 -0.00577538 -0.138363 -0.340101
0.285963 -0.00577538 -0.13809 -0.340249
0.285907 -0.00523913 -0.138493 -0.341046
0.285891 -0.00454142 -0.138305 -0.341112
0.285731 -0.00411323 -0.139309 -0.342656
0.285603 -0.00279097 -0.139572 -0.343523
0.285603 -0.00279097 -0.14046 -0.344111
0.285419 -0.00234484 -0.14056 -0.345089
0.285274 -0.00101213 -0.141803 -0.34654
0.285274 -0.00101213 -0.141803 -0.34654
0.285154 -0.000456181 -0.142239 -0.347357
0.284948 0.000724147 -0.143179 -0.349012
0.28487 0.000621583 -0.142712 -0.349264
0.284758 0.00120002 -0.143153 -0.35011
0.284569 0.00243188 -0.144575 -0.351562
0.284513 0.00234862 -0.144047 -0.351847
0.284405 0.00288887 -0.144498 -0.352724
0.284218 0.00404874 -0.145051 -0.353591
0.284151 0.00396694 -0.145415 -0.354527
0.284034 0.00447014 -0.145878 -0.355438
0.283904 0.00484047 -0.146515 -0.356314
0.283766 0.00545967 -0.14682 -0.357313
0.283654 0.00573098 -0.147514 -0.358175
0.283499 0.0063689 -0.147779 -0.359244
0.28351 0.00617065 -0.148019 -0.359149
0.282953 0.00795544 -0.149757 -0.36324
0.282953 0.00795544 -0.149757 -0.36324
0.282953 0.00795544 -0.149757 -0.36324
0.28272 0.00857836 -0.150771 -0.365314
0.28272 0.00857836 -0.150771 -0.365314
0.282576 0.00888559 -0.151286 -0.366383
0.282463 0.0088318 -0.151118 -0.367853
0.282303 0.0094221 -0.152332 -0.368549
0.282166 0.00931146 -0.153322 -0.369485
0.282169 0.00931098 -0.152145 -0.370098
0.2818 0.010172 -0.153953 -0.371949
0.281644 0.00996856 -0.155042 -0.372918
0.281644 0.0099686 -0.156371 -0.373646
0.281141 0.0104594 -0.156808 -0.376515
0.281141 0.0104594 -0.156808 -0.376515
0.281141 0.0104594 -0.156808 -0.376515
0.28062 0.0112425 -0.158551 -0.381689
0.280642 0.0107663 -0.159169 -0.381445
0.280491 0.0112936 -0.159149 -0.383004
0.280491 0.0112936 -0.159149 -0.383004
0.280285 0.0106556 -0.160366 -0.385645
0.280171 0.0114313 -0.160366 -0.385645
0.279971 0.011529 -0.160987 -0.386995
0.279441 0.0111418 -0.167071 -0.390766
0.279284 0.0117105 -0.16354 -0.392533
0.279204 0.0110757 -0.16671 -0.394455
0.279052 0.0116275 -0.164846 -0.395372
0.278959 0.0109761 -0.168112 -0.397337
0.278959 0.0109761 -0.166175 -0.398281
0.278641 0.0115003 -0.168777 -0.398802
0.278407 0.0114985 -0.168213 -0.402729
0.278346 0.0114004 -0.168213 -0.402729
0.278241 0.0106846 -0.171728 -0.40477
0.277911 0.0111985 -0.170298 -0.407315
0.277911 0.0111985 -0.170298 -0.407315
0.277612 0.01104 -0.171966 -0.40848
0.277612 0.01104 -0.173988 -0.409384
0.277466 0.010948 -0.17243 -0.412023
0.277145 0.0107645 -0.171781 -0.414338
0.277143 0.0107648 -0.173874 -0.41527
0.277004 0.0106363 -0.174603 -0.416871
0.276883 0.00970184 -0.176071 -0.420168
0.27672 0.0103386 -0.176071 -0.420168
0.276623 0.00930659 -0.178041 -0.421339
0.276623 0.00930659 -0.175256 -0.422586
0.276303 0.00975664 -0.178301 -0.425234
0.276178 0.00861564 -0.18282 -0.427385
0.27599 0.00929862 -0.179811 -0.428735
0.275877 0.00805323 -0.182008 -0.429884
0.275877 0.00805323 -0.182008 -0.429884
0.275565 0.00838783 -0.182101 -0.43401
0.275397 0.00696374 -0.186988 -0.436162
0.275397 0.00696374 -0.186988 -0.436162
0.275131 0.00617515 -0.185196 -0.441181
0.275016 0.00685407 -0.185191 -0.441183
0.274905 0.00539508 -0.187564 -0.442346
0.274844 0.00529387 -0.190303 -0.443287
0.274564 0.00563799 -0.187511 -0.446576
0.274289 0.00497934 -0.189885 -0.447725
0.274224 0.00486669 -0.18904 -0.45014
0.274092 0.0034547 -0.191288 -0.451091
0.274092 0.0034547 -0.191288 -0.451091
0.273763 0.00370441 -0.190931 -0.454625
0.273393 0.00190187 -0.192474 -0.458336
0.273393 0.00190187 -0.192474 -0.458336
0.273393 0.00190187 -0.192474 -0.458336
0.272909 0.0013605 -0.193405 -0.460889
0.272762 0.000973353 -0.192555 -0.461202
0.272597 -0.000370114 -0.195489 -0.461524
0.272428 0.000219464 -0.193035 -0.462471
0.27227 -0.00120429 -0.195502 -0.462709
0.27227 -0.00120429 -0.192684 -0.463777
0.271913 -0.00101284 -0.192468 -0.464461
0.271716 -0.0014208 -0.192212 -0.465153
0.271524 -0.00184876 -0.191898 -0.46577
0.270085 -0.00636493 -0.191034 -0.468179
0.270029 -0.00643228 -0.191425 -0.468304
0.269916 -0.0070376 -0.189474 -0.469087
0.269679 -0.00799117 -0.19092 -0.468748
0.269573 -0.00811676 -0.191499 -0.468933
0.269387 -0.00862677 -0.189768 -0.469777
0.269081 -0.00940255 -0.189431 -0.470121
0.268962 -0.00954326 -0.190095 -0.47034
0.268756 -0.00998901 -0.190236 -0.470577
0.268425 -0.0107055 -0.189921 -0.47087
0.268326 -0.0108199 -0.190456 -0.471046
0.267995 -0.0114811 -0.191999 -0.470681
0.267891 -0.0116015 -0.192581 -0.470868
0.267668 -0.0119733 -0.190618 -0.471722
0.267291 -0.0125288 -0.18999 -0.472046
0.267186 -0.0126487 -0.190565 -0.472237
0.26696 -0.0129976 -0.190468 -0.47245
0.266585 -0.013589 -0.189731 -0.472724
0.266378 -0.0146912 -0.192079 -0.472394
0.266369 -0.0146875 -0.189947 -0.473031
0.266061 -0.0144026 -0.18971 -0.473184
0.265656 -0.0157914 -0.191353 -0.472865
0.265656 -0.0157914 -0.189141 -0.473507
0.265311 -0.0153864 -0.188809 -0.47363
0.264209 -0.0177676 -0.18886 -0.473473
0.264209 -0.0177676 -0.18886 -0.473473
0.263962 -0.0177015 -0.18642 -0.473998
0.263829 -0.0186782 -0.185967 -0.473949
0.263482 -0.0194594 -0.187261 -0.473408
0.263361 -0.019586 -0.187259 -0.473409
0.263058 -0.0193979 -0.185185 -0.473879
0.262747 -0.0206698 -0.184487 -0.473751
0.262628 -0.0208047 -0.18449 -0.473749
0.2623 -0.0205513 -0.184254 -0.473703
0.261973 -0.0218047 -0.183491 -0.473526
0.261847 -0.0219335 -0.183491 -0.473526
0.26151 -0.0216287 -0.183137 -0.473427
0.26124 -0.0219733 -0.182717 -0.473313
0.260809 -0.0225366 -0.181794 -0.473029
0.260696 -0.0226505 -0.181794 -0.47303
0.260437 -0.0230095 -0.181312 -0.472852
0.260362 -0.0239046 -0.182859 -0.472287
0.259616 -0.0240282 -0.179716 -0.472249
0.259616 -0.0240282 -0.179716 -0.472249
0.258806 -0.0250841 -0.178249 -0.471605
0.258806 -0.0250841 -0.178029 -0.471512
0.258806 -0.0250841 -0.178029 -0.471512
0.258329 -0.0264742 -0.179005 -0.470695
0.25803 -0.0267962 -0.178175 -0.4703
0.25803 -0.0267962 -0.178175 -0.4703
0.257649 -0.0263914 -0.175708 -0.470345
0.257335 -0.0266764 -0.175051 -0.469997
0.255853 -0.0292332 -0.173277 -0.467568
0.255853 -0.0292332 -0.173277 -0.467568
0.25539 -0.0300723 -0.172268 -0.466792
0.255261 -0.0297393 -0.170499 -0.466869
0.255026 -0.0301789 -0.170154 -0.466455
0.254678 -0.0313603 -0.171189 -0.465542
0.254615 -0.0307497 -0.169453 -0.465581
0.254184 -0.0312207 -0.169107 -0.465123
0.254092 -0.0320223 -0.170502 -0.464642
0.253621 -0.0318533 -0.168332 -0.464131
0.253042 -0.032423 -0.169318 -0.463118
0.253042 -0.032423 -0.167429 -0.463058
0.252762 -0.032714 -0.166954 -0.462509
0.252371 -0.0338121 -0.167877 -0.461444
0.252179 -0.0332453 -0.16588 -0.461346
0.251893 -0.0335223 -0.165317 -0.460754
0.251493 -0.0346152 -0.166158 -0.459639
0.2513 -0.03404 -0.164692 -0.459825
0.251012 -0.0343163 -0.163487 -0.458851
0.250429 -0.0348623 -0.162162 -0.457472
0.250425 -0.0348601 -0.162162 -0.457472
0.250139 -0.0351517 -0.161494 -0.456773
0.249539 -0.0356966 -0.160079 -0.455297
0.249539 -0.0356966 -0.160079 -0.455297
0.24913 -0.0368154 -0.160811 -0.454075
0.248932 -0.0362471 -0.160811 -0.454075
0.247051 -0.0385146 -0.154386 -0.448684
0.247051 -0.0385146 -0.154386 -0.448684
0.246014 -0.0402976 -0.152955 -0.44584
0.246023 -0.0403036 -0.152951 -0.445843
0.245798 -0.0407421 -0.152256 -0.44483
0.245415 -0.0414044 -0.152814 -0.443421
0.245307 -0.0415045 -0.15197 -0.443474
0.245057 -0.0418562 -0.15186 -0.442782
0.244681 -0.0428572 -0.151593 -0.441278
0.244535 -0.04247 -0.151589 -0.441281
0.244278 -0.0427649 -0.151449 -0.440525
0.243767 -0.0438173 -0.152462 -0.439319
0.243767 -0.0438173 -0.152462 -0.439319
0.243456 -0.0434816 -0.150822 -0.438053
0.243177 -0.0436965 -0.14899 -0.436653
0.243177 -0.0436965 -0.14899 -0.436653
0.242365 -0.0443762 -0.149536 -0.434465
0.242365 -0.0443762 -0.149536 -0.434465
0.24224 -0.0451027 -0.150776 -0.434062
0.241341 -0.0458973 -0.148659 -0.431245
0.24131 -0.0453968 -0.147902 -0.430637
0.24131 -0.0453968 -0.147902 -0.430637
0.240919 -0.0464077 -0.147805 -0.429275
0.240919 -0.0464077 -0.146921 -0.42855
0.240443 -0.0460755 -0.146358 -0.427429
0.23999 -0.0470033 -0.146028 -0.425866
0.23999 -0.0470033 -0.146028 -0.425866
0.238412 -0.0482112 -0.142876 -0.419318
0.238412 -0.0482112 -0.142876 -0.419318
0.237961 -0.0483594 -0.141825 -0.417265
0.237961 -0.0483594 -0.141825 -0.417265
0.237705 -0.0497851 -0.144176 -0.416511
0.235795 -0.0512608 -0.139801 -0.409977
0.235795 -0.0512608 -0.139801 -0.409977
0.23556 -0.0516237 -0.138513 -0.408479
0.235186 -0.0526022 -0.139496 -0.407216
0.235062 -0.052252 -0.139496 -0.407216
0.234811 -0.0525464 -0.138275 -0.405597
0.23455 -0.052807 -0.138173 -0.404565
0.234282 -0.0530408 -0.139229 -0.40423
0.234021 -0.0532832 -0.137905 -0.402427
0.233613 -0.0541635 -0.138804 -0.400965
0.233481 -0.0537072 -0.1388 -0.400968
0.233216 -0.0539265 -0.137295 -0.398986
0.232945 -0.0541288 -0.137032 -0.397776
0.232499 -0.0544625 -0.136419 -0.39528
0.232396 -0.0545265 -0.13642 -0.395278
0.232129 -0.054747 -0.1361 -0.394043
0.2317 -0.0556217 -0.135369 -0.391428
0.231574 -0.0551529 -0.135371 -0.391426
0.231298 -0.0553676 -0.134992 -0.390115
0.231011 -0.0555606 -0.134579 -0.38873
0.230727 -0.0557652 -0.134161 -0.387352
0.230436 -0.0559544 -0.133715 -0.385917
0.230139 -0.0561345 -0.133246 -0.384442
0.229567 -0.0565556 -0.132325 -0.38158
0.229283 -0.0567796 -0.133396 -0.381232
0.229283 -0.0567796 -0.132584 -0.380207
0.228998 -0.0570023 -0.131424 -0.378704
0.228404 -0.0573961 -0.132006 -0.376839
0.228404 -0.0573961 -0.132006 -0.376839
0.227554 -0.0580914 -0.129233 -0.371312
0.227397 -0.0587522 -0.130252 -0.370983
0.227387 -0.0583104 -0.130258 -0.370977
0.227287 -0.0583671 -0.128883 -0.369948
0.227022 -0.0586482 -0.12857 -0.368596
0.226571 -0.0589409 -0.129197 -0.366741
0.226424 -0.0590227 -0.127867 -0.365458
0.226122 -0.0591872 -0.127504 -0.363862
0.225648 -0.0594104 -0.128103 -0.361897
0.225514 -0.0594841 -0.126731 -0.360604
0.22522 -0.059653 -0.126349 -0.359009
0.224929 -0.0603718 -0.125956 -0.357351
0.223813 -0.0620571 -0.128472 -0.354755
0.223646 -0.0626918 -0.129426 -0.354433
0.223625 -0.0626682 -0.129426 -0.354433
0.223299 -0.0611502 -0.124148 -0.348338
0.222763 -0.0616159 -0.123813 -0.345367
0.222604 -0.0622242 -0.124706 -0.345071
0.222604 -0.0622242 -0.124706 -0.345071
0.222223 -0.0620402 -0.12353 -0.342384
0.221796 -0.0623651 -0.124267 -0.340542
0.221679 -0.062425 -0.123248 -0.339307
0.221413 -0.0626154 -0.123114 -0.337795
0.220871 -0.0634423 -0.123212 -0.334725
0.220871 -0.0634422 -0.122839 -0.334665
0.220611 -0.0631555 -0.12271 -0.333122
0.220179 -0.0639273 -0.123431 -0.331225
0.220179 -0.0639273 -0.123431 -0.331225
0.219811 -0.0641517 -0.122317 -0.328364
0.219118 -0.0646306 -0.122935 -0.325029
0.219016 -0.0646798 -0.122385 -0.323874
0.219016 -0.0646798 -0.122385 -0.323874
0.218605 -0.0650223 -0.122763 -0.322008
0.218605 -0.0650223 -0.122762 -0.32201
0.218243 -0.0647976 -0.121817 -0.319134
0.217976 -0.0649613 -0.121746 -0.317462
0.217821 -0.0650618 -0.122547 -0.317183
0.217445 -0.0652886 -0.121588 -0.314098
0.217183 -0.0654554 -0.121504 -0.312418
0.216758 -0.0657559 -0.12187 -0.310362
0.216661 -0.0658006 -0.121343 -0.309069
0.216408 -0.0659971 -0.12128 -0.307451
0.216249 -0.0661372 -0.122065 -0.307163
0.215732 -0.06651 -0.121949 -0.303815
0.215636 -0.0665538 -0.12114 -0.302462
0.215385 -0.0667597 -0.12112 -0.300859
0.214976 -0.06709 -0.121862 -0.298937
0.214976 -0.06709 -0.121862 -0.298938
0.214622 -0.0673333 -0.121117 -0.295936
0.214205 -0.0681072 -0.121879 -0.294073
0.214218 -0.067694 -0.121879 -0.294072
0.213862 -0.0683421 -0.121222 -0.291157
0.213625 -0.0681354 -0.121278 -0.289548
0.21322 -0.0684727 -0.122057 -0.287649
0.21322 -0.0684727 -0.122056 -0.287649
0.21288 -0.0687213 -0.121495 -0.284744
0.212636 -0.0689241 -0.121587 -0.283172
0.212235 -0.0692996 -0.122384 -0.281308
0.212235 -0.0692996 -0.122384 -0.281308
0.211518 -0.0699531 -0.122205 -0.275527
0.211518 -0.0699531 -0.122205 -0.275527
0.211518 -0.0699531 -0.122205 -0.275527
0.209945 -0.071962 -0.124104 -0.267214
0.209945 -0.071962 -0.124104 -0.267214
0.209692 -0.0723204 -0.12403 -0.265317
0.209481 -0.0726389 -0.124346 -0.264254
0.209324 -0.0729034 -0.12497 -0.26398
0.209108 -0.0732044 -0.125292 -0.262888
0.208832 -0.0735134 -0.125352 -0.260954
0.208456 -0.074015 -0.126304 -0.259519
0.208456 -0.074015 -0.126304 -0.259519
0.208155 -0.0745842 -0.126356 -0.257534
0.207782 -0.0751122 -0.127292 -0.256132
0.207782 -0.0751122 -0.127292 -0.256132
0.207301 -0.0753987 -0.127653 -0.252848
0.207301 -0.0753987 -0.127653 -0.252848
0.206904 -0.0761924 -0.128481 -0.251345
0.206924 -0.0759119 -0.128481 -0.251345
0.206642 -0.076201 -0.128576 -0.249203
0.206238 -0.0769783 -0.129374 -0.247648
0.20626 -0.0766905 -0.129374 -0.247648
0.206014 -0.0772336 -0.129758 -0.246405
0.202098 -0.0842257 -0.137023 -0.230642
0.202087 -0.084229 -0.137023 -0.230642
0.201889 -0.0846806 -0.137518 -0.230187
0.201507 -0.0855365 -0.138505 -0.229139
0.201484 -0.0855432 -0.138505 -0.229139
0.201277 -0.0859501 -0.13899 -0.228562
0.200869 -0.086822 -0.139985 -0.227605
0.200653 -0.0871908 -0.140444 -0.226878
0.200671 -0.0870574 -0.140437 -0.22689
0.200425 -0.087431 -0.140784 -0.225684
0.20021 -0.0877845 -0.141193 -0.224881
0.199787 -0.088624 -0.14211 -0.223727
0.199787 -0.088624 -0.14211 -0.223727
0.199555 -0.0888171 -0.142344 -0.222341
0.199335 -0.0891586 -0.142709 -0.221451
0.198904 -0.0899899 -0.143582 -0.220215
0.198904 -0.0899899 -0.143582 -0.220214
0.19867 -0.0901854 -0.14376 -0.218707
0.198236 -0.0910201 -0.14461 -0.217459
0.198236 -0.0910201 -0.14461 -0.217459
0.197999 -0.0912129 -0.144771 -0.215911
0.197774 -0.0915598 -0.145104 -0.214988
0.197334 -0.0923994 -0.145939 -0.213745
0.197323 -0.0922571 -0.145772 -0.21317
0.195977 -0.0945744 -0.147935 -0.208719
0.195956 -0.0945793 -0.147935 -0.208719
0.195766 -0.0948793 -0.148282 -0.207639
0.195068 -0.0960787 -0.149385 -0.205529
0.195068 -0.0960787 -0.149385 -0.205529
0.195068 -0.0960787 -0.149385 -0.205529
0.194633 -0.0968775 -0.150188 -0.204216
0.194612 -0.096882 -0.150188 -0.204217
0.194383 -0.0972828 -0.150561 -0.203558
0.193928 -0.0981595 -0.151426 -0.202566
0.193907 -0.0981639 -0.151426 -0.202566
0.193693 -0.0984793 -0.151745 -0.201582
0.193461 -0.0988793 -0.152138 -0.200933
0.192764 -0.100089 -0.153315 -0.199038
0.192764 -0.100089 -0.153315 -0.199038
0.192764 -0.100089 -0.153315 -0.199038
0.192298 -0.100978 -0.15417 -0.198109
0.192309 -0.10092 -0.154125 -0.197884
0.191593 -0.102209 -0.155352 -0.196453
0.191593 -0.102209 -0.155318 -0.196285
0.191593 -0.102209 -0.155318 -0.196285
0.19088 -0.103524 -0.156566 -0.194828
0.19088 -0.103524 -0.156566 -0.194828
0.19088 -0.103524 -0.156566 -0.194828
0.190396 -0.104436 -0.157433 -0.194023
0.190401 -0.104414 -0.157413 -0.193928
0.19016 -0.104867 -0.157842 -0.193515
0.189919 -0.105331 -0.158276 -0.19314
0.189919 -0.105331 -0.158276 -0.19314
0.189434 -0.106275 -0.159158 -0.192437
0.188449 -0.108205 -0.160993 -0.191245
0.188449 -0.108205 -0.160993 -0.191245
0.1882 -0.108666 -0.161433 -0.190893
0.187948 -0.109169 -0.161955 -0.190794
0.187457 -0.110113 -0.162874 -0.190189
0.187457 -0.110113 -0.162871 -0.190189
0.187228 -0.110546 -0.163344 -0.190027
0.186784 -0.111425 -0.164255 -0.18947
0.186802 -0.111351 -0.164211 -0.189464
0.186603 -0.111729 -0.164626 -0.189175
0.186413 -0.112094 -0.165034 -0.188872
0.185958 -0.112927 -0.165891 -0.18818
0.185958 -0.112927 -0.165889 -0.188186
0.185886 -0.113128 -0.166213 -0.187914
0.185723 -0.113458 -0.166592 -0.18758
0.185446 -0.113941 -0.16705 -0.187193
0.185413 -0.114102 -0.167321 -0.186844
0.185265 -0.114417 -0.167698 -0.186539
0.184981 -0.115037 -0.168525 -0.185824
0.184981 -0.115037 -0.168414 -0.18581
0.184698 -0.115521 -0.16887 -0.185422
0.184666 -0.115809 -0.169105 -0.185039
0.184579 -0.115948 -0.169456 -0.184699
0.18445 -0.116249 -0.169798 -0.184318
0.18445 -0.116249 -0.169798 -0.184318
0.184197 -0.116846 -0.170474 -0.183548
0.184197 -0.116846 -0.170474 -0.183548
0.18366 -0.117924 -0.171592 -0.182362
0.183659 -0.11792 -0.171591 -0.182365
0.183709 -0.118032 -0.171798 -0.181971
0.183296 -0.118811 -0.172573 -0.181166
0.18347 -0.118627 -0.172449 -0.181166
0.183351 -0.118919 -0.172771 -0.180765
0.182937 -0.119697 -0.173539 -0.179951
0.182937 -0.119697 -0.173539 -0.179951
0.182817 -0.11999 -0.173858 -0.179543
0.182731 -0.12076 -0.174385 -0.179024
0.182734 -0.12077 -0.174385 -0.179024
0.182567 -0.121773 -0.174742 -0.179187
0.182372 -0.123068 -0.175121 -0.179585
0.181871 -0.126254 -0.175949 -0.180933
0.181871 -0.126254 -0.175949 -0.180933
0.181307 -0.130325 -0.176873 -0.182819
0.181307 -0.130325 -0.176873 -0.182819
0.180713 -0.133147 -0.177375 -0.183638
0.180154 -0.134799 -0.177375 -0.183638
0.180203 -0.137114 -0.178425 -0.186266
0.17946 -0.139969 -0.179412 -0.187127
0.17946 -0.139969 -0.179355 -0.18733
0.179546 -0.142685 -0.180152 -0.19014
0.179546 -0.142685 -0.180152 -0.19014
0.177828 -0.149705 -0.180746 -0.191309
0.17694 -0.152752 -0.182456 -0.193835
0.176706 -0.154989 -0.182002 -0.194064
0.176109 -0.157658 -0.183336 -0.196996
0.17514 -0.160753 -0.184444 -0.197991
0.17514 -0.160753 -0.184444 -0.197991
0.174203 -0.165755 -0.185379 -0.201146
0.173532 -0.168474 -0.186075 -0.202516
0.172473 -0.171595 -0.187977 -0.204972
0.172473 -0.171595 -0.187977 -0.204972
0.171427 -0.176651 -0.188196 -0.206561
0.170311 -0.179768 -0.189358 -0.207479
0.170311 -0.179768 -0.189358 -0.207479
0.169206 -0.184824 -0.190333 -0.210449
0.168445 -0.187541 -0.191046 -0.211706
0.166861 -0.189935 -0.191503 -0.211306
0.166898 -0.192952 -0.192469 -0.214161
0.166116 -0.195643 -0.193177 -0.215355
0.16581 -0.199007 -0.194584 -0.217675
0.164546 -0.200989 -0.194584 -0.217675
0.163758 -0.203642 -0.195283 -0.2188
0.163519 -0.206962 -0.196658 -0.220971
0.16218 -0.20893 -0.196658 -0.220971
0.161393 -0.211553 -0.197337 -0.222018
0.16061 -0.214168 -0.198006 -0.223038
0.16061 -0.214168 -0.198006 -0.223038
0.157451 -0.224244 -0.200464 -0.225513
0.156618 -0.226557 -0.20096 -0.225083
0.156618 -0.226557 -0.20096 -0.225083
0.156618 -0.226557 -0.20096 -0.225083
0.156059 -0.229483 -0.201866 -0.228617
0.15555 -0.229846 -0.202372 -0.228181
0.154643 -0.234437 -0.203083 -0.230265
0.153963 -0.236891 -0.203674 -0.231046
0.152762 -0.239695 -0.204776 -0.231351
0.152762 -0.239695 -0.204776 -0.231351
0.152044 -0.244167 -0.205382 -0.233231
0.151117 -0.241929 -0.20591 -0.23388
0.148358 -0.233709 -0.207377 -0.235871
0.148358 -0.233709 -0.207377 -0.235871
0.147955 -0.233974 -0.207784 -0.235519
0.147993 -0.234052 -0.208244 -0.232205
0.147146 -0.231664 -0.208624 -0.231919
0.147825 -0.227323 -0.210309 -0.226272
0.14511 -0.224535 -0.210594 -0.224437
0.143844 -0.222729 -0.21185 -0.221725
0.143844 -0.222729 -0.21185 -0.221725
0.142895 -0.218288 -0.212709 -0.218142
0.142197 -0.216314 -0.213373 -0.216163
0.140858 -0.212523 -0.21466 -0.212307
0.140858 -0.212523 -0.21466 -0.212307
0.137804 -0.205922 -0.217539 -0.204781
