46.1549 53.4598 -33.2802 50.9222
44.5252 53.9656 -35.8741 53.0646
42.912 54.4978 -38.4827 55.2325
41.3097 55.0443 -41.0994 57.4138
39.6964 55.5844 -43.7084 59.5826
41.8262 50.0216 -40.5569 53.8037
41.4522 50.1926 -43.1725 55.9853
41.465 49.2766 -43.5304 55.7033
42.181 47.5274 -42.9565 54.2189
43.0941 45.3964 -42.6049 55.3895
44.11 43.0615 -41.6045 50.786
44.7309 40.684 -41.3592 49.1161
42.393 41.5046 -45.0907 52.2187
45.8429 35.8363 -41.3661 46.3039
43.5104 36.6525 -45.0894 49.4111
44.2348 33.9953 -44.699 47.4053
53.6336 23.5521 -36.6853 35.9192
51.5167 21.6574 -36.481 34.0288
49.1872 22.4782 -40.1957 37.1332
52.8134 16.0739 -40.4481 35.7243
50.4882 16.8942 -39.608 32.9884
50.5133 14.5039 -40.2662 31.9532
50.6663 12.0028 -40.4419 30.2619
50.794 9.63418 -40.9909 32.7605
50.6795 7.37312 -41.3767 27.7251
50.882 4.92573 -41.2791 25.7135
47.8575 6.02087 -45.9885 29.6684
54.4212 -2.8255 -33.7275 20.1861
51.404 -1.72912 -38.4323 24.1376
48.3867 -0.632732 -43.1371 28.0891
50.8271 -7.31698 -39.8001 16.8832
48.3157 -8.22991 -40.3562 15.7646
44.6291 -6.85876 -45.9559 20.5067
42.4558 -12.5967 -35.0086 9.58321
38.7791 -11.2203 -40.4165 11.8822
35.1304 -11.1455 -41.945 12.3369
34.261 -13.32 -37.2899 9.2742
30.5947 -11.9403 -42.5742 10.5537
26.9247 -10.57 -47.8227 11.5795
36.0046 -15.5102 -26.3493 -7.4372
32.3434 -14.1285 -31.8817 -2.67011
29.8076 -17.5462 -34.4035 -2.83534
25.5061 -15.8784 -37.7258 1.55648
23.4897 -14.9374 -44.0711 7.06406
21.686 -16.5301 -38.8321 0.477154
20.6671 -16.4366 -38.7743 -0.544455
16.3789 -14.7664 -45.0998 4.95521
19.3333 -16.1117 -38.8308 -1.17268
19.5827 -16.3031 -37.935 -2.29809
20.2399 -16.4894 -31.0294 -8.00073
15.9581 -14.8179 -37.3298 -2.49954
18.6467 -15.6621 -38.3156 -1.51658
16.8709 -14.8233 -38.0152 -1.8205
11.9701 -12.875 -44.7136 0.605005
12.7075 -12.3816 -38.6352 -0.6161
10.9393 -11.4263 -38.0279 -1.09073
6.04116 -9.47944 -45.0398 5.06821
7.09553 -8.81105 -38.0552 -0.237335
5.5513 -7.79697 -37.2529 -0.834045
4.03381 -6.56436 -36.1635 -4.02685
-0.862879 -4.62019 -43.1448 2.13396
3.91179 -4.74888 -30.2093 -8.57962
-1.58228 -2.53086 -37.8343 -1.82773
-7.07635 -0.312834 -45.4593 4.92417
-3.05435 -0.107362 -37.3786 1.28607
-8.54971 2.10675 -45.0011 8.02399
-14.0451 4.32086 -52.6235 14.7619
-13.2887 4.59617 -53.5122 9.82796
-18.7879 6.80915 -61.1146 16.5755
-15.8504 7.10289 -50.8038 13.2993
-16.2394 8.26142 -47.5145 11.3134
-11.7619 8.81869 -44.5796 9.87981
-17.8375 11.2933 -52.3695 13.2397
-19.0521 12.8992 -43.5157 10.1342
-19.575 13.9594 -42.0303 8.98252
-25.6519 16.4326 -50.1926 16.2467
-21.2559 16.4378 -43.6458 18.1062
-21.3914 17.1946 -42.618 18.3621
-27.4734 19.6593 -50.7933 25.6036
-21.936 19.2258 -41.2826 9.10096
-15.6596 17.9194 -32.7988 1.4082
-21.9533 20.489 -41.1235 8.86952
-28.5912 23.2141 -49.7569 16.5996
-18.5622 20.4736 -35.8275 5.468
-25.1607 22.6997 -36.0601 10.124
-25.7548 23.4748 -44.1342 12.4801
-26.7621 24.2853 -45.242 14.1744
-26.3568 24.2487 -43.7243 12.6516
-26.5295 24.9394 -43.5843 13.385
-26.477 25.2879 -43.0726 13.4313
-33.1327 27.973 -51.6685 21.1345
-18.885 23.4064 -32.0485 0.487488
-26.0115 25.996 -41.0414 8.65202
-33.1925 28.9465 -49.6096 13.0929
-26.9186 26.4394 -42.2565 15.177
-27.6375 26.5267 -43.3055 16.4585
-26.842 25.8945 -41.2069 9.80338
-26.1595 26.3749 -40.5632 14.3973
-25.8067 26.087 -40.3139 15.1841
-24.705 25.6215 -38.5225 13.7395
-23.676 26.0215 -47.4962 21.8665
-23.1923 25.4184 -36.595 13.445
-22.4232 24.9648 -35.2107 12.3176
-21.6809 24.7543 -33.5842 7.4631
-21.2886 24.4372 -34.0862 12.7187
-21.216 24.3132 -34.0568 13.0976
-12.4126 20.1468 -24.4552 9.07877
-20.1172 23.2554 -33.2773 13.2894
-11.3078 20.1671 -33.4313 13.8868
-18.818 21.6897 -42.7506 22.3256
-18.5192 21.3248 -33.3687 18.4143
-17.5078 20.3484 -32.5807 19.2772
-16.8825 19.8589 -31.313 13.5453
-25.0537 23.199 -31.451 18.8833
-16.1956 19.0289 -31.4423 15.07
-15.3842 18.0273 -30.6733 14.4122
-14.3876 15.6768 -30.1438 14.4348
-22.5583 18.9827 -31.2775 20.1173
-22.1492 18.3846 -39.6244 19.6493
-4.54489 9.15948 -13.6677 2.40496
-4.90324 10.2373 -23.2624 11.0993
2.79681 7.36644 -24.8447 12.8243
-5.51251 8.6641 -25.5358 13.4416
-14.123 12.1647 -35.3822 22.41
-22.4761 13.9561 -37.5278 25.2333
-15.0037 11.2688 -37.9501 25.7733
-14.1231 10.4265 -37.0713 25.2067
-13.3898 11.342 -46.893 34.1821
-12.8692 9.93943 -36.366 26.3825
-20.8143 9.19375 -33.5463 16.2721
-29.4023 12.6716 -42.7594 21.5261
-28.2274 11.8448 -22.092 16.6791
9.93902 -2.73343 -8.85584 9.06738
8.24979 -0.976682 -18.8975 18.1886
-0.763548 2.65518 -28.3328 23.4495
4.25586 0.923834 -24.772 21.5703
-4.76259 4.53172 -34.7945 30.6915
-5.15607 0.706663 -35.6428 27.9755
-13.9091 2.77386 -38.115 34.4428
-6.88237 0.908223 -39.3959 36.2966
-6.64295 0.759492 -38.951 36.2151
-15.4755 3.33495 -48.9658 45.3172
2.82755 -1.9332 -27.7924 28.0848
-6.5391 1.87696 -37.9587 37.3656
-6.70599 1.06676 -37.2124 32.2235
-6.77482 2.5459 -47.3314 41.5424
-16.1456 6.34121 -46.8377 42.55
-7.86384 3.48341 -39.1034 41.3704
-7.38267 3.4315 -37.4377 39.4672
-16.7484 7.19464 -37.3174 45.2004
-6.95023 4.51839 -36.2196 39.9988
13.3661 -2.12467 -22.9217 28.4971
3.71232 1.80481 -23.8156 34.6857
-5.9859 5.77139 -34.0867 44.0581
-7.00291 6.49097 -34.1823 40.4552
3.5182 2.78285 -32.2431 38.1725
-6.18402 6.71264 -32.6883 44.1937
-6.46696 7.49929 -31.3476 38.7298
-16.1538 11.4375 -40.1963 40.8399
-15.5018 11.4214 -50.4035 50.2385
-5.69086 8.49333 -28.6796 37.493
-5.02523 8.37671 -27.0933 35.9312
-4.66776 8.82499 -27.117 41.9331
-5.15575 9.64265 -25.9845 36.131
-4.80469 9.67213 -24.6067 34.7385
4.61469 7.97658 -22.4997 28.6183
-5.10933 10.6745 -23.8981 35.0855
-5.60319 10.8565 -24.0576 35.3795
-5.33944 10.6358 -21.7559 27.6752
-5.32944 10.7484 -31.9934 37.1463
-5.97544 11.2026 -23.2432 35.2046
-5.69912 10.8601 -22.3095 34.0469
-5.6744 11.0818 -21.6352 33.6646
-15.9094 15.3734 -31.8905 43.1905
11.2619 3.47357 -13.96 27.6445
1.02293 7.70737 -14.2834 27.5096
-9.21689 11.9417 -24.5356 37.0157
-0.510131 7.33796 -15.4996 28.344
-10.7497 11.5479 -25.7472 37.8441
-1.89129 9.95304 -26.6442 39.292
-12.1376 14.1333 -36.884 48.7952
7.49268 5.3707 -5.98316 20.3413
-2.87494 9.69946 -16.1955 29.8592
-12.844 12.0928 -26.3942 39.3951
-14.3147 12.5548 -27.9365 41.2623
-24.7411 16.9879 -38.1278 50.8016
-24.0585 14.533 -26.838 39.8501
-14.8312 12.7911 -25.8091 38.5444
-4.9954 8.71642 -15.4628 29.36
-15.4213 13.0828 -25.6488 38.8821
-15.8323 13.192 -14.6651 28.3462
-26.2548 17.5527 -24.8467 37.8644
-16.3808 13.3838 -24.8611 38.0107
-16.1112 13.2805 -13.6469 27.525
-26.6758 17.9046 -23.7401 37.052
-17.282 14.0249 -23.7059 36.9903
3.06617 5.07793 -10.9429 19.6393
-7.49697 9.63551 -21.0028 29.1871
-18.0601 14.1931 -31.0626 38.7348
22.8493 -16.5509 3.48591 12.2246
12.3084 -12.0802 -6.62056 21.7041
3.00959 -9.61618 -7.40509 20.7345
-6.82309 -7.87783 -17.4223 30.2283
-8.2206 -6.9155 -14.9176 29.1451
-2.67285 -8.0478 -12.3588 27.2664
-12.6398 -5.80153 -22.3201 36.7349
-14.738 -5.18365 -25.884 40.3004
-4.10817 -7.35265 -19.5561 34.3335
-14.7326 -2.63538 -29.5217 43.7932
-16.31 -3.57048 -32.054 46.877
-9.05085 -4.27954 -23.3485 38.6485
-10.4873 -4.68989 -24.8573 40.7246
-21.1123 0.131674 -34.7579 50.1508
-13.7344 0.0814127 -25.1903 41.2089
-23.7714 2.87005 -34.9932 50.5979
-25.2032 4.83855 -35.0519 51.0843
-16.3153 4.4287 -23.6287 40.7817
-26.5389 7.90128 -33.4328 50.1661
-27.3723 9.3629 -32.8263 49.8321
-38.0198 14.3206 -42.626 59.2202
-28.1309 12.0843 -30.4751 47.9156
-27.8989 12.9613 -40.2154 57.3419
1.26964 3.26617 -4.79461 18.9895
-9.3781 8.48567 -14.3465 28.3076
-12.2684 12.4536 -22.5481 32.3378
-4.67613 6.40064 -1.46592 20.9864
-15.3236 11.591 -11.0413 30.2778
-17.6441 13.0505 -19.1535 33.9327
-20.1645 14.0408 -15.2742 34.7404
-20.5029 11.6982 -15.1909 33.9215
-22.511 15.4926 -23.1057 36.8983
-24.3004 16.8272 -17.0659 36.371
-24.9647 17.2738 -16.7001 35.6979
-35.5647 22.757 -24.2044 38.0313
-27.0438 19.7841 -17.1233 36.6995
-27.3975 20.2455 -16.286 35.5191
-28.6522 21.5028 -14.8622 28.8058
-30.0956 25.5387 -24.1784 37.9826
-20.8582 21.4966 -6.56536 25.9044
-31.4681 26.8979 -15.9044 35.0596
-31.2747 23.9132 -16.5228 35.9823
-13.6935 13.9886 -5.83261 38.7057
-24.2637 19.4408 -15.1502 47.7831
-27.0715 24.0524 -14.383 42.0161
-36.3979 26.2096 -23.456 50.9701
-38.6117 27.1399 -22.4884 41.8859
-38.2106 26.5136 -18.9813 32.9323
-40.0414 30.9523 -20.9189 39.6138
-39.227 28.0469 -20.6778 39.4787
-38.6346 27.9602 -19.0778 37.5434
-49.1278 33.6578 -28.1256 46.5331
-17.9409 13.0668 5.22836 13.5298
-28.3979 18.7897 -3.78951 22.4982
8.05122 -3.76809 14.3458 10.3331
-2.28586 2.25026 5.60014 19.085
7.62802 -7.68957 12.5862 5.15869
-2.70103 -1.68793 3.85769 13.9378
-11.6371 0.289787 -1.82505 21.7463
-17.7014 5.72731 -9.78885 27.9207
-21.9966 6.80597 -14.0491 32.1707
-21.5485 2.69505 -9.84681 27.8582
-25.1957 7.8032 -18.589 36.6317
-27.2255 8.79916 -20.7245 38.9215
-29.7014 14.1798 -27.1239 41.0211
-29.7064 11.47 -22.1938 40.9191
-30.1409 12.2855 -19.7209 33.8186
-30.5798 13.4995 -21.2861 40.1647
-31.6881 15.2052 -21.7872 41.2131
-23.2245 14.686 -20.7304 39.9714
-31.7928 16.7816 -19.898 39.2891
-32.6425 18.2848 -20.1044 39.96
-13.4186 8.01554 -2.0622 21.7771
-23.5416 14.3524 -10.4456 30.2951
-31.8758 16.8855 -12.7087 36.7215
-34.5506 22.7286 -18.9376 39.5091
-34.6685 23.4929 -17.8027 38.0172
-34.0601 24.0425 -16.0777 36.2033
-35.3868 29.71 -21.7736 37.3434
-33.917 26.6049 -14.1532 35.1019
-43.8271 33.3587 -22.1007 43.3317
-33.4463 28.0599 -11.9164 32.9797
-34.3327 29.2187 -12.4032 33.7498
-44.2427 35.9566 -20.3611 41.9809
-51.6579 37.2445 -19.061 40.3971
-31.7394 25.6049 -3.3081 28.2455
-41.3945 32.8108 -10.787 36.1261
-33.7203 32.5639 -8.2169 29.6561
-30.6463 26.741 -6.66009 27.8295
-40.3024 33.9347 -7.94711 33.7691
-32.7862 33.8598 -5.71881 27.2317
-29.5589 27.2248 -4.4845 25.6166
-39.2155 34.4075 -11.9696 33.5164
-31.846 34.0071 -3.9557 25.2087
-41.3028 41.5664 -10.9944 32.7978
-31.0289 34.4403 -2.54438 23.7533
-30.1289 34.0198 -1.30025 22.1725
-39.5374 41.6665 -8.24264 29.6888
-20.0945 26.1757 5.38019 15.2536
-23.796 33.1348 -1.57584 22.7708
-33.2217 40.7559 -8.53188 30.288
-14.3805 19.0339 7.34792 11.7471
-14.6373 18.2028 5.55661 13.8034
-24.0525 25.8331 4.18381 15.1092
-30.3065 26.6918 -2.34226 22.3063
-33.6005 34.1538 -8.70018 29.3853
-34.0935 34.8265 -9.10835 29.7651
-32.8001 33.849 -7.73731 27.9344
-5.04727 10.6792 10.8222 8.13987
-14.1828 18.8431 4.43491 15.2183
-10.0544 18.7987 4.36026 12.4487
-19.2075 26.9442 -2.02688 19.5355
-23.3297 34.4926 -8.42372 26.6192
-17.7597 19.5467 -1.48684 20.8089
-17.5565 19.3832 -1.58675 20.8348
-20.6652 27.4335 -5.5009 22.3251
-18.2253 21.4779 -2.34143 22.3639
-17.7424 21.3883 -1.86587 21.7753
-17.57 21.8868 -1.68808 21.7735
-18.1658 23.1025 -2.33509 22.8248
-17.6386 22.7933 -1.9307 22.2435
-17.4753 23.1171 -3.79652 27.6203
-18.0894 24.1656 -2.60554 23.3373
-14.1389 15.725 1.46969 21.6517
-17.2377 24.1721 -1.88611 22.5271
-17.5623 25.6445 -1.97653 23.0974
-8.44414 17.5624 2.23143 21.0593
-17.0461 26.928 -1.13232 22.6079
-16.9975 27.5476 -1.07356 22.7166
-8.07705 19.116 4.15173 16.7818
-16.6885 28.4922 -0.87361 22.7932
-16.7441 28.9383 -1.12439 23.1527
0.635523 10.883 8.26535 11.9442
-7.99985 20.2712 3.20896 17.9558
-16.4953 29.9819 -1.41081 23.6471
-21.3328 32.0994 -1.77112 24.4768
-21.7091 33.2856 -3.42476 29.0768
-16.1384 31.9176 -0.513703 23.103
-11.4947 32.8425 4.31851 17.6245
-15.61 33.3335 0.1002 23.0067
-15.976 34.6671 2.78114 22.6558
-19.5468 44.119 0.584444 22.7552
-15.4718 35.366 0.267807 23.3183
-14.6659 34.7178 2.87867 22.0116
-22.9671 45.0859 -0.966313 27.0873
-14.5565 36.5222 1.21616 22.545
-13.4425 36.2296 2.36568 21.338
-9.20108 36.967 4.46705 16.5582
-17.4023 47.7401 3.38594 20.5787
8.51966 7.55781 6.66799 12.3492
3.5617 17.9842 9.55671 12.175
-1.13039 20.8951 9.74442 13.035
-9.35064 31.7267 6.39047 17.7114
-4.82732 16.5867 8.93535 12.0747
-12.9819 27.7185 5.93751 16.4834
-21.0171 39.3338 3.60377 20.3938
-4.87694 13.9422 10.6335 9.877
-12.9279 25.5994 8.28379 13.7865
-21.0137 37.237 5.91755 17.7016
-27.0989 48.5945 3.56423 21.609
-20.7568 39.0006 5.62192 18.8007
-14.5394 36.3467 5.75895 18.7162
-11.8511 35.8145 5.58619 19.0441
-14.282 -18.1111 21.9284 -9.13763
-22.3554 -6.02514 19.8256 -5.4691
-36.5476 -2.20901 22.6919 -7.78806
-44.5446 10.5172 21.3942 -4.72695
-44.7195 12.7945 23.8123 -4.57584
-40.9716 8.54538 25.2618 -4.75153
-40.941 4.02419 25.0068 -4.18539
-37.4372 5.28843 27.2338 -3.83587
-31.9483 2.67727 29.6798 -4.03481
-39.9373 15.4689 28.3616 -0.977122
-42.1445 27.1982 29.3725 -1.91643
-38.8485 29.7338 29.8888 -1.33498
-38.2024 42.0115 30.0442 0.742413
-29.0439 31.3506 31.0639 0.192594
-26.1186 32.3299 30.8684 2.42255
-30.9205 45.5421 30.9297 3.1664
-28.1235 40.5101 31.0073 3.8179
-23.9476 32.7934 30.6377 5.20084
-30.0043 46.2638 29.7617 7.08142
-36.4663 59.7423 28.664 9.51741
-26.6289 42.7083 28.0969 10.4875
-34.7221 56.7173 27.1092 12.3889
-30.182 48.0196 27.3552 13.2651
-36.262 62.5604 27.645 13.8449
-38.1113 66.9877 27.6327 14.8782
-33.051 57.6011 27.8518 15.1166
-39.7301 72.2773 27.4215 16.6874
-40.3813 74.5861 27.2064 17.6417
-31.3575 62.547 25.1596 18.082
-26.1345 51.8772 22.5992 19.6256
-26.1607 53.1197 24.1335 20.0415
-18.1865 40.7351 20.3376 20.8515
-26.7243 57.0325 23.0083 20.9069
-18.7871 45.2229 21.6237 21.502
-27.3522 61.558 24.6682 20.7427
-28.4949 65.0155 25.4486 20.678
-27.8054 65.1983 25.8062 20.8407
-27.772 66.5152 25.9466 21.0567
-30.0608 69.5555 26.1546 21.2447
-22.0335 53.1875 25.717 22.1557
-28.8661 69.2633 28.6045 21.7551
-19.1327 54.5764 22.6362 22.1813
-19.824 57.7187 24.0406 21.7961
-29.004 75.5369 28.28 20.7378
-28.7438 77.3551 29.6545 20.3366
-27.6163 77.3273 31.1774 18.9737
-26.5747 76.5588 31.5939 18.6258
-35.7051 94.4933 35.8739 17.535
-34.8516 94.923 36.2815 17.152
-44.0436 112.864 40.5641 16.0725
-2.08691 -9.98956 16.9007 13.6098
-11.3438 8.34186 21.1872 12.5512
-25.3985 19.9461 27.5249 6.3454
-35.1761 39.8719 33.582 4.00949
-38.6912 44.147 39.1565 0.257467
-48.5049 64.0918 45.2188 -2.06437
-37.4444 41.7924 49.3654 -6.67127
-29.6542 29.9868 54.4828 -10.1139
-39.4715 50.0571 60.549 -12.4246
-26.6021 44.0745 57.4012 -13.14
-36.4228 64.2583 63.4675 -15.4495
-26.5809 61.6917 64.8374 -15.8103
-37.0339 83.3333 72.5067 -19.2536
-25.4184 64.2245 67.933 -17.0342
-12.1307 42.7482 68.0374 -16.2198
-21.3591 64.4858 69.1291 -18.4158
-23.7574 69.4506 67.4183 -14.6657
-15.0194 51.6327 65.7395 -12.3892
-26.0023 73.9735 72.1473 -12.7901
-27.1595 76.3035 63.3794 -9.5219
-26.8342 75.4861 60.7836 -6.65788
-27.3774 76.6636 68.8248 -10.2831
-30.5789 81.8249 57.5081 -3.44544
-30.3932 81.9911 56.4618 -1.97521
-22.265 63.9458 46.9563 1.12317
-34.0529 88.6222 55.3353 -0.392113
-34.6787 90.5123 55.1452 0.274932
-23.7653 68.6914 45.6932 3.3986
-35.644 93.553 54.0338 2.01055
-36.0189 94.9162 53.4453 2.80733
-24.2436 70.8226 42.1426 6.73977
-36.218 95.8836 50.4963 5.37439
-37.0377 97.6368 50.9943 5.39075
-49.2751 124.777 50.9076 5.6876
-37.7755 101.082 52.1577 4.68491
-35.839 98.8208 40.9808 7.49431
-49.2224 126.548 51.0844 5.74343
-37.4025 102.437 51.8201 4.94794
-34.8912 98.4592 50.5971 6.21532
-21.0549 71.2839 38.9562 8.88907
-34.5582 99.4987 51.5613 2.33951
-33.1919 98.4052 49.6129 6.16181
-31.8881 95.2484 18.66 12.8245
-47.2845 126.378 33.8545 4.57258
-63.1757 157.311 49.0602 -3.52548
-48.0665 104.872 40.229 7.34662
-21.1457 49.925 34.2853 7.36523
-33.1956 80.6831 47.6979 2.7681
-38.9729 92.0739 52.6055 -1.07597
-18.8385 54.8949 43.319 -0.0903353
-29.7132 85.4296 56.0596 -3.32055
-32.8303 91.1902 58.8383 -5.42812
-46.4562 124.238 60.4249 -6.35694
-34.5836 98.09 65.1323 -9.84376
-15.907 61.8283 55.4401 -8.81629
-33.6635 98.4769 71.1374 -13.9742
-48.5585 133.483 86.4026 -17.8521
-18.6043 73.6891 74.7678 -15.4144
-36.587 110.801 77.0085 -17.5181
-0.803767 40.2471 61.0679 -8.84046
-19.0127 77.8659 75.563 -11.4418
-37.2204 115.483 79.7768 -19.0544
-14.6516 62.7022 83.949 -21.6555
-35.6595 105.384 100.267 -23.6801
-55.9752 146.518 88.034 -23.9177
-26.5497 90.7792 88.0029 -23.0599
-44.3554 132.377 104.458 -25.1658
-46.9479 137.629 108.368 -33.8621
-13.6899 31.7159 2.76677 16.0766
-55.9359 93.764 8.27662 7.19694
-68.1383 112.973 15.2144 1.48927
-90.4376 158.567 36.6149 -9.89463
-114.123 206.571 59.2557 -22.0235
-142.661 257.346 84.3432 -34.6263
-169.245 309.211 109.231 -47.7872
-118.891 215.069 88.2969 -45.4116
-145.514 268.5 113.185 -58.5281
-172.134 321.921 138.072 -71.6446
-150.646 288.211 140.134 -60.8341
-177.538 341.817 165.089 -73.8133
-55.067 120.572 130.822 -67.1596
-31.9222 88.5258 115.859 -58.0098
-30.4709 79.9073 97.4248 -39.5052
-44.2695 109.695 122.27 -51.9051
-56.5443 112.679 107.82 -51.5454
-26.7017 60.0352 99.4136 -38.6174
-40.7182 90.503 124.282 -50.9599
-42.9021 89.3698 111.801 -50.95
-46.8051 100.95 99.765 -32.1996
-61.0442 132.074 124.664 -44.4702
-25.3702 67.148 102.088 -42.7374
-15.408 47.5141 98.6368 -39.1188
-17.068 38.4425 76.3967 -26.3726
-27.8311 62.3863 102.953 -39.3931
-31.0103 60.5328 112.877 -43.3023
-20.796 37.1563 105.847 -27.3542
-31.7578 61.5622 132.522 -40.1336
-21.7334 29.807 115.746 -40.2185
-12.9122 0.421434 86.5552 -22.3836
-23.8325 16.8546 92.6968 -24.107
-35.0249 42.0619 119.362 -36.9203
-43.1001 43.3466 76.3592 -7.38259
-54.1555 67.9459 103.439 -19.9794
-50.8172 61.4669 97.0344 -22.3534
-39.4226 42.4019 96.8933 -11.8333
-43.8133 58.0615 125.566 -24.881
-30.814 29.8767 113.584 -26.1629
-30.4445 29.4632 136.387 -26.2455
-38.993 48.1877 159.363 -27.6115
-35.6094 40.0174 123.596 -26.4507
-32.3647 36.469 130.63 -29.3415
-24.6119 20.6276 104.992 -13.9088
-33.2239 39.2463 133.872 -26.9117
-36.2984 44.0167 138.14 -27.3448
-42.5896 56.5924 168.949 -40.219
-11.4544 -6.55624 82.3426 4.24126
-17.7157 6.3158 113.096 -9.16012
-23.9771 19.1878 143.848 -22.5615
-32.7298 33.6689 174.745 -35.2603
-33.8417 37.4384 153.624 -24.7019
-23.4413 19.6451 150.992 -20.0973
-15.6314 5.08735 143.528 -14.2664
-22.1506 18.0752 174.442 -27.4105
8.58 20.807 -5.45149 4.03224
3.71028 28.4779 27.6946 -9.55277
1.30395 34.4602 60.5709 -26.7806
5.47723 26.6642 89.1248 -40.1203
6.59052 23.857 117.194 -55.7137
5.31541 20.3428 126.065 -64.3288
5.21518 14.4442 142.921 -71.591
0.181121 22.0835 176.235 -84.8611
-4.82126 29.7115 209.394 -98.4441
-8.99488 25.0614 182.494 -88.375
-4.94285 12.1856 164.3 -78.7255
1.83315 -0.551387 199.513 -92.8287
-8.44358 4.69536 142.257 -69.8171
-10.7923 2.71368 134.588 -64.8604
-9.034 -1.72083 169.802 -79.0792
-16.8159 3.21524 132.915 -64.8899
-18.242 1.91307 130.394 -62.3029
-21.5033 5.58502 165.612 -76.6595
-23.0208 4.09872 160.435 -74.2237
-22.5142 1.39852 129.079 -61.9648
-24.8542 2.56507 166.292 -76.3551
-78.6528 73.0804 135.345 -64.3782
-66.3222 67.3354 84.3674 -46.8678
-68.4876 68.0729 121.742 -62.1723
-65.8295 65.4835 150.81 -74.2878
-62.288 61.7093 127.715 -63.2859
-64.4556 62.4177 136.726 -67.6291
-66.6299 63.1284 174.151 -83.0682
-61.9402 59.0727 138.367 -64.9948
-64.1215 59.7681 175.822 -80.511
-62.0298 56.3558 171.006 -77.9013
-62.055 53.5796 158.172 -69.3329
-63.806 52.438 145.726 -62.9799
-59.1783 47.3406 149.526 -64.2084
-57.2956 43.5922 145.641 -59.5537
-59.0296 42.4298 185.484 -75.4433
-46.689 33.0547 106.254 -40.1922
-48.4124 31.8767 146.113 -56.4389
-26.1988 17.4149 125.6 -40.2121
-27.8985 16.2034 165.683 -56.3992
-20.2896 9.28784 112.634 -39.371
-18.7692 5.47929 155.02 -56.011
-20.7524 3.41458 197.403 -72.6503
-19.2775 -0.43107 212.457 -77.9443
-17.543 -4.44346 199.74 -67.7384
-19.5015 -6.53451 242.265 -84.3274
-17.9807 -10.3832 180.603 -69.2573
-19.9145 -12.4917 223.086 -86.1381
8.00312 -2.8317 20.2714 2.86572
6.19734 -5.02291 48.9762 -12.6075
8.92168 -6.03733 93.2481 -30.1933
8.80392 -7.89591 124.216 -39.4855
7.02261 -9.55472 145.075 -44.7404
4.32241 -11.1126 139.524 -47.9502
2.63614 -13.701 184.907 -65.563
0.293502 -15.7233 200.584 -66.0306
-4.3212 -16.0803 159.773 -58.3981
-8.75919 -16.576 205.239 -76.2308
-10.5105 -18.7501 207.893 -64.9115
-13.3019 -19.8219 202.535 -60.4098
-14.4034 -24.3228 199.243 -70.4706
-16.6256 -23.9219 205.62 -67.4033
-18.274 -25.5754 200.952 -52.9101
-20.0853 -26.6933 146.998 -40.7284
-22.0473 -27.1851 194.8 -58.7869
-21.1943 -29.2315 201.861 -48.2855
-21.1082 -19.9512 112.214 -17.1805
-21.9478 -25.0546 158.364 -26.928
-22.7874 -30.158 206.497 -45.4742
-43.3612 -11.25 102.696 3.13184
-11.1796 -22.2528 128.739 -11.8028
-6.73927 -26.3039 167.68 -26.0033
-7.36327 -27.1185 190.641 -39.6224
0.961253 -35.455 209.855 -38.2593
-11.986 -22.5111 165.584 -15.263
-12.1543 -28.8387 174.207 -18.5106
-10.7838 -31.3341 224.656 -37.6134
-5.88588 -35.7195 193.381 -34.7305
-10.4396 -34.1143 241.431 -39.7618
-12.4576 -33.9727 244.293 -40.3255
-15.3886 -33.4371 233.993 -33.0055
-5.46508 -42.5107 285.921 -49.9138
-13.1695 -37.336 225.5 -24.4543
-13.4171 -37.9118 220.412 -18.5058
-17.4194 -28.8027 158.866 9.00627
-16.783 -36.1664 210.859 -10.2698
-15.946 -43.6025 263.003 -28.3894
-11.955 -38.3552 222.345 -21.2338
-12.9776 -37.3623 217.272 -7.07714
-23.4302 -37.2427 269.562 -25.8958
0.811499 -43.1361 238.929 -12.7536
-3.40832 -40.8266 236.123 -8.11746
-5.18599 -39.8104 242.547 -8.58743
-7.75605 -38.4089 237.385 -2.43752
-8.50155 -37.8035 229.771 3.5421
20.6682 -2.54766 61.2142 67.4652
22.8181 -10.4783 47.5291 67.8453
24.9573 -18.4977 99.7676 46.6594
38.9788 -10.6768 105.117 36.5518
41.2616 -18.6438 157.64 15.0315
43.7033 -26.7691 209.835 -5.68725
-19.6716 3.56192 147.563 9.17803
-16.5477 -4.99829 198.493 -10.1679
3.68916 -15.4812 208.602 -16.4833
24.6126 -22.8309 163.056 0.613347
17.7992 -27.0639 213.79 -19.6647
16.2318 -29.9626 220.632 -23.2115
3.91305 -24.8292 176.288 -6.50328
7.36064 -33.23 226.967 -27.6358
8.91883 -36.2652 231.854 -31.502
12.7339 -44.6548 230.063 -32.4907
5.19607 -39.5864 230.685 -29.4247
2.35102 -40.6049 225.834 -24.0712
-11.741 -37.3834 171.958 -0.711615
4.83901 -43.7531 219.489 -19.2258
8.92069 -45.5792 220.957 -20.2384
16.4395 -41.9989 217.927 -16.3431
21.1881 -50.511 265.342 -35.2877
17.2085 -48.5156 266.327 -39.622
16.1086 -46.7503 225.807 -25.3343
9.86393 -44.8673 226.711 -26.6879
9.16682 -44.2522 222.81 -22.5783
5.81753 -43.013 213.972 -13.4377
11.7577 -51.4362 209.722 -7.33567
12.2171 -42.044 205.272 -8.4603
12.079 -40.9936 198.08 -2.50432
14.939 -5.61244 39.7696 55.7806
21.3298 -13.595 81.7462 37.8949
18.3635 -11.7442 93.3333 28.2237
36.2922 -14.951 135.486 10.2883
33.6466 -15.4622 113.343 9.44153
24.4796 -15.396 113.244 11.7692
9.31412 -20.0011 149.93 -0.259676
25.3945 -16.5247 113.541 10.803
33.0197 -24.0075 150.08 -1.67719
29.0587 -17.7992 114.463 8.65876
18.6462 -11.674 111.953 -2.76028
26.4811 -18.8418 148.287 -15.4934
29.3655 -19.4353 120.596 0.0323708
37.1983 -26.6137 156.995 -13.7027
17.5878 -20.4948 122.605 -4.69753
28.0257 -13.9524 86.2055 7.21466
25.3734 -20.1407 117.864 0.051407
32.4261 -19.8483 117.743 1.46173
36.6759 -14.0734 113.018 -8.47724
20.0077 -20.235 118.902 3.27197
24.9491 -19.634 123.765 2.10093
-7.94756 -13.3529 -47.9246 46.4022
31.5488 1.95353 -15.3297 -4.9636
26.5248 12.0854 -5.25245 -1.01275
35.7956 6.35777 14.8707 -9.67141
45.7366 1.02972 32.723 -11.4888
30.7709 30.6514 -52.2728 -58.8064
43.6899 28.5427 -32.392 -60.1332
44.8131 23.9119 -32.5059 -80.2217
35.6183 16.6967 -24.3802 -89.8971
26.6562 9.90808 -16.7017 -98.141
36.9292 5.46044 -2.76727 -92.6769
35.9897 3.52481 1.3337 -115.474
37.7804 -0.304552 7.42558 -125.305
48.0848 -4.60514 18.0617 -115.887
30.2375 -10.6647 20.5668 -114.495
26.7453 -14.7576 16.0346 -124.797
41.0974 -14.8811 16.5775 -120.489
31.0433 -18.5173 17.9405 -116.403
29.2534 -20.9105 19.3626 -113.586
25.2651 -23.4929 21.3244 -110.133
42.149 -20.5653 22.6983 -106.282
35.8429 -22.4269 24.4792 -103.434
30.5005 -24.7342 26.7153 -101.104
41.5421 -27.9024 43.5787 -94.7272
29.4264 -24.8575 29.1087 -89.4556
28.3836 -24.4171 21.2321 -68.5505
26.1968 -24.0341 28.6178 -67.9874
32.8931 -20.6216 28.5439 -57.2072
37.2213 -12.1845 21.9623 -39.009
26.6209 -20.4032 29.2265 -38.7847
24.4861 -26.2611 29.9876 -30.0174
21.0032 -12.5218 4.26891 -36.9573
32.648 -14.3421 18.9689 -22.3125
44.2928 -16.1625 33.669 -7.66778
45.6892 -6.74855 28.9725 13.3603
57.9138 -7.61429 41.5601 36.6795
25.5707 -15.8821 21.7446 23.2285
46.406 -4.31964 34.593 46.5334
38.5916 -6.8097 35.2711 57.5262
13.8847 -9.13135 24.5154 55.3645
26.0011 -9.61408 37.6408 78.6513
35.3405 1.17093 39.04 88.7758
25.5453 -7.34883 40.4855 92.9705
26.8543 -6.06506 41.5189 100.777
39.2062 -5.81744 53.8511 129.029
4.51572 -13.1753 30.0688 111.563
17.019 -12.3793 42.0761 143.773
20.5169 -5.00744 30.2822 135.844
32.9633 -4.08079 42.567 168.068
29.4251 6.23723 31.6327 155.55
41.7979 7.40434 30.599 162.875
34.8093 3.45404 45.1915 191.702
35.9884 4.07196 46.8428 201.761
23.2546 -3.06696 47.9751 201.093
38.7099 4.43074 49.6918 212.158
23.2884 -1.30693 50.1745 225.077
35.9715 1.06265 62.1556 266.663
14.641 -4.01167 79.2843 296.325
27.2455 -1.53048 91.1382 337.946
36.35 10.2489 70.1608 289.774
19.8318 13.9229 70.767 290.014
32.2506 16.7059 83.1841 331.81
20.8826 17.857 83.6953 287.037
33.2036 20.7723 96.2821 328.968
45.6748 24.1104 108.455 374.84
40.0208 30.3347 1.38211 128.669
52.554 34.4614 15.4561 180.772
44.8954 26.954 9.27698 197.934
56.5336 29.1094 35.2346 217.374
2.02234 -2.3633 5.22135 145.728
14.4178 1.89333 20.0045 198.187
17.9545 0.963028 18.8617 222.066
33.5621 15.9664 26.2801 219.058
3.98195 -3.60397 25.8623 211.07
16.3533 1.08212 21.8694 233.082
18.7842 3.61274 29.821 233.033
16.7462 2.47274 30.5105 239.22
12.7046 -2.18347 26.4763 267.184
20.3161 6.55422 34.4463 261.864
17.9007 5.20627 34.3313 261.368
6.19398 1.13713 20.532 211.067
18.5051 6.69496 37.9438 275.755
24.1899 11.5265 39.1793 279.594
17.965 5.3732 31.9982 300.434
20.1789 8.95128 40.7421 282.93
22.9111 12.197 42.4628 295.536
17.5957 8.69452 42.3433 298.474
15.1237 23.229 -29.0417 53.817
27.3511 29.9359 -7.97926 133.401
35.6909 35.839 -8.14686 140.65
-1.96075 7.65706 -51.3225 -0.670124
10.167 14.3759 -29.0862 80.2308
22.3168 21.0707 -6.67242 161.14
34.4313 27.7708 15.6545 242.016
37.8654 33.0769 -2.36066 187.547
26.8526 23.0642 -4.39039 186.876
16.7688 14.9227 -0.916798 203.171
12.5468 11.2443 25.0677 299.264
19.8366 18.2017 9.25542 249.095
3.39384 10.4151 -11.7753 129.231
15.5312 17.7404 14.7684 227.595
27.6686 25.0657 41.3121 325.96
33.2876 31.6404 25.035 303.14
8.82098 18.7473 -26.2884 128.773
20.9613 25.9282 3.67746 230.827
26.8843 33.4488 -18.6737 153.172
39.0983 40.0545 14.6088 265.025
8.76119 21.5114 16.2837 170.484
20.9072 28.0462 21.0067 178.332
29.1187 31.3108 31.7219 202.865
27.7066 27.0956 13.659 153.331
18.2967 17.6694 -23.2067 66.7362
30.4132 24.1119 13.7035 185.581
33.5363 22.2162 18.3883 -1.22234
45.7227 28.4998 55.0048 124.952
48.0849 27.7413 78.6777 213.512
44.9901 23.088 40.3277 135.546
59.1141 34.9191 58.6771 212.989
54.3904 34.198 -6.52619 60.6616
48.335 30.5549 -34.5818 3.79264
62.4738 42.2977 -15.5142 82.5922
45.1201 32.1116 -26.0084 53.2913
40.8695 30.5687 -35.4928 37.7894
35.8616 30.4388 -15.6531 118.06
40.7679 35.1325 -38.0523 46.7778
38.5653 36.6297 -50.0952 20.8357
34.3136 36.8283 -67.0218 -20.17
40.3079 45.1475 -59.1724 6.16949
37.7043 45.5599 -66.9757 -11.6222
32.7267 44.0279 -75.8567 -34.4333
38.5465 52.3371 -61.3796 32.6525
43.9784 56.7807 -49.7746 42.0053
39.5192 54.8069 -11.9023 139.659
31.5867 49.4361 11.309 194.081
46.3892 63.0663 26.0846 262.408
44.637 56.9569 39.6191 199.584
60.0822 72.4616 47.1163 252.35
79.9978 90.3988 76.9971 342.317
45.0012 52.6564 39.3025 206.882
60.4663 68.0223 47.1388 260.857
52.2794 60.8904 55.7034 275.933
47.6501 57.1898 8.35038 159.697
37.7178 49.2704 -9.18425 106.923
12.8992 26.6079 -11.5975 58.9255
28.4033 41.7234 -8.21691 103.877
38.145 50.3334 5.25857 145.376
21.4865 42.2268 0.0337121 77.9187
37.5342 59.0402 2.21986 118.193
42.1142 55.9927 -11.124 87.8077
39.9979 54.3265 -11.9351 81.6125
56.1596 70.9481 -9.59178 122.294
24.7036 38.7333 -8.29038 52.0553
41.023 55.11 -5.97366 93.1217
45.5332 58.4415 -1.96202 106.913
61.9249 74.7027 0.812316 148.08
34.5353 53.442 -2.08388 67.376
51.2045 71.3287 -4.17812 94.6383
49.3652 60.9324 -11.7036 71.8386
39.7472 45.7259 21.4138 151.658
43.1612 48.7105 36.8122 211.751
50.5568 61.8822 41.6645 217.491
53.3213 63.8029 71.029 229.307
17.7882 8.26043 -34.4784 268.93
34.9516 25.2601 -52.8775 295.897
53.0088 20.8976 32.8104 118.792
69.5925 33.8222 25.1264 137.653
74.347 43.8803 7.23893 146.934
66.5573 45.9605 5.59795 180.598
57.724 53.1597 -0.283893 183.379
58.0491 54.3862 -3.54259 192.649
53.2462 57.1363 -7.98277 188.552
47.0457 58.1147 -11.9632 180.234
53.3744 71.235 -16.628 174.134
57.7741 73.4591 -20.9465 166.682
51.5553 72.3818 -24.216 155.039
70.1729 90.2873 -28.1202 135.6
49.7996 83.8174 -33.2366 112.631
43.8862 74.2312 -37.6483 87.2523
39.749 72.3422 -41.5632 60.8265
41.2352 84.8445 -45.546 34.1049
44.8696 75.604 -50.0484 9.95711
44.4615 74.3417 -51.8523 -3.23707
41.0787 70.5201 -39.5779 2.34629
59.839 88.65 -49.814 5.67422
52.4647 71.5137 -49.348 9.7195
58.9267 62.7031 -50.9717 4.96277
60.3621 76.0954 -62.6567 -1.81523
58.712 74.2002 -52.2028 -19.1779
49.4995 67.5463 -50.8982 -24.792
22.0899 42.9375 -42.0389 -47.8209
36.6002 48.3513 -41 -51.2938
52.5505 56.4763 -35.9713 -32.123
72.0315 74.9126 -47.4568 -39.1475
84.2939 80.4207 -48.2825 -42.4876
96.1462 78.1766 -53.5361 -70.0404
61.5303 65.3691 -43.3896 -25.637
49.382 57.6796 -41.4103 -30.3858
35.5663 37.6617 -31.3474 -62.9717
55.705 56.3713 -43.166 -78.8545
58.0407 59.0123 -38.3507 -66.4805
20.2676 30.8662 -14.7658 15.7048
40.5041 49.3522 -26.287 0.0216153
46.9135 18.9669 0.164786 -86.9996
67.5717 36.9353 -10.9093 -102.825
88.241 54.9031 -21.9834 -118.651
108.957 73.1214 -33.1042 -137.009
120.238 76.0457 -25.895 -109.913
120.282 90.746 -35.3943 -122.883
93.2267 68.4271 -37.5723 -98.7653
65.6565 56.9513 -37.6597 -57.1306
86.8553 75.1347 -42.3432 -25.9326
48.1814 50.7866 -36.1257 -61.9153
47.798 50.5362 -38.7622 -102.24
69.3005 68.3549 -49.4834 -124.998
90.8904 86.0688 -60.2537 -147.709
51.3159 6.41562 9.59545 -15.8937
73.4862 23.9895 0.586172 -44.1357
98.1024 40.6598 1.43864 -88.7837
68.1387 43.0265 -1.64049 -101.492
58.2356 36.5849 -7.51468 -107.8
80.6678 53.8083 -14.7584 -104.844
79.1179 58.0965 -20.2724 -100.062
53.6247 56.6121 -21.9881 -80.7517
68.9143 60.7508 -29.3382 -77.9736
72.9995 64.71 -31.3521 -90.3382
66.9303 63.7386 -34.6951 -75.2603
79.2392 62.9937 -41.0756 -56.1738
73.6727 65.1036 -43.6115 -70.8006
61.0311 64.2034 -35.6702 -83.3085
56.7742 62.3308 -36.2303 -74.0673
42.4788 41.7633 -36.0781 -43.2179
51.7982 58.4565 -33.2415 -89.9706
61.5636 60.695 -30.9342 -107.217
49.9085 39.463 -32.8951 -51.0958
73.1498 56.0471 -30.2011 -96.0065
64.4759 56.8765 -28.3893 -103.043
62.1946 54.7541 -29.2711 -84.6824
47.3627 35.8811 -29.474 -69.9606
63.307 52.7457 -23.7895 -119.914
71.221 54.4525 -19.2667 -114.267
49.3156 52.2304 -20.5048 -96.4238
72.865 68.6697 -25.6237 -130.517
39.294 33.0323 -9.57389 -78.2097
63.1059 49.1246 -14.2428 -111.859
86.9177 65.2168 -18.9118 -145.509
84.609 52.6273 -9.80989 -68.014
37.3597 14.4066 12.8087 -69.6592
59.9325 22.6735 21.367 -118.101
84.2365 37.981 18.2845 -153.542
46.6422 17.5806 9.48996 -58.3567
71.1019 32.7421 7.15521 -93.3333
73.5761 35.6856 5.78028 -99.5395
67.6485 36.256 6.43304 -111.682
71.0376 38.6834 5.50348 -117.626
52.6927 20.6845 -6.46576 -60.3967
60.9292 37.7667 -1.58399 -101.111
66.8482 39.8964 0.460787 -111.867
64.9434 39.7414 -4.44584 -95.2105
60.4134 38.7807 -5.42514 -131.075
32.8232 26.861 1.30129 -47.4102
45.7578 26.7823 1.06247 -82.662
70.7311 40.9606 0.812931 -117.912
87.1708 44.6685 5.80324 -137.399
96.9648 40.4942 -3.15226 -107.564
79.304 43.6016 -5.76028 -98.5914
69.5627 41.5092 -10.3659 -81.0359
11.3348 -14.23 53.2321 -168.537
36.6423 -1.12775 41.1207 -113.85
69.2764 6.10564 40.5181 -128.072
95.9232 13.9261 47.2792 -145.734
117.858 24.6769 52.1357 -181.91
108.308 30.7923 40.3867 -167.931
70.117 42.918 9.20865 -108.272
79.5247 38.8538 -4.00662 -89.4727
78.9218 43.0184 -5.22519 -97.0553
60.5752 49.6154 -10.7083 -90.387
70.39 46.264 -14.8811 -82.3167
77.4787 48.3341 -9.06137 -97.5977
76.1139 48.5638 -10.4549 -93.6308
71.9389 47.7093 -13.871 -83.9754
91.5085 61.6747 -10.7983 -117.848
85.0011 48.5823 -0.925957 -109.755
80.2715 47.0708 -5.67707 -96.3552
56.7341 30.1897 -8.85892 -56.2864
82.6678 41.3431 -5.37096 -89.483
82.3953 43.2952 2.5026 -103.224
56.1405 22.5138 -8.83382 -44.749
81.4789 33.2466 -4.57331 -77.5408
71.3438 36.9593 2.19139 -86.5609
57.0871 18.4442 8.60569 -70.7163
71.979 33.349 13.1335 -103.101
73.9883 31.8756 5.91019 -94.6006
51.7948 15.7843 4.84842 -52.7569
71.2098 28.7339 9.64576 -84.7199
76.1597 28.0191 16.5365 -94.3385
46.2093 15.7855 11.0814 -55.5293
71.5555 25.349 16.3279 -86.7807
61.0362 15.4452 21.4722 -117.927
86.1635 24.7575 39.6938 -126.501
81.0573 32.6963 50.3872 -148.555
106.27 41.9097 56.0217 -179.288
76.1059 23.8733 16.7923 -89.5969
30.0617 12.8704 5.23849 -67.3184
55.5507 21.5712 1.70399 -56.525
60.3299 20.5461 12.6992 -70.2699
39.6564 9.74107 15.6672 -70.9288
64.619 17.939 23.7506 -80.0026
70.0147 17.1291 39.7014 -102.881
94.5626 24.9246 45.9188 -131.763
64.0227 15.28 38.2034 -117.331
13.3523 -7.96051 35.388 -37.3323
25.7208 -11.2594 46.75 -47.9404
50.0295 -8.06934 56.0239 -71.3744
58.4714 -3.81647 49.3885 -72.5859
67.4527 0.829533 45.7799 -78.3616
65.4828 5.56043 33.7713 -70.991
89.9113 12.0029 40.9687 -97.9556
46.7191 12.8248 29.4498 -88.3843
6.20337 -8.43912 33.0784 -34.3756
30.226 -2.75875 40.4607 -60.2131
39.5977 -3.47672 44.6856 -76.4334
63.6976 2.01016 52.0685 -102.222
71.8692 5.75465 39.1106 -87.7257
56.0064 2.51851 12.2012 -50.4266
72.9188 13.2392 19.1892 -75.8919
78.2102 15.6501 19.1688 -80.6921
101.681 20.6392 11.6906 -73.235
74.405 19.347 12.4298 -74.6696
39.636 16.0919 10.173 -67.7707
62.233 20.6733 2.28936 -59.2153
65.51 19.6917 8.38707 -64.4247
44.6604 13.078 7.02816 -43.4347
67.3859 17.3976 14.4007 -66.8739
72.0896 15.8301 20.0579 -72.343
94.8647 20.0125 27.4079 -95.7376
68.1606 14.6165 17.2637 -65.9872
62.2658 14.0159 12.9066 -58.7741
83.0021 17.6654 4.92907 -49.6913
55.8199 11.49 15.0211 -53.644
25.979 5.88304 5.94524 -23.5184
46.868 9.20853 13.1119 -44.481
38.2542 -12.0372 52.4307 -46.1523
59.2966 -9.19403 59.713 -66.8828
66.9732 -6.7359 55.9089 -71.8717
78.0629 5.3758 56.9001 -92.3266
59.0786 1.40601 44.0751 -89.3498
79.49 3.89246 51.1597 -109.357
37.8012 3.17893 13.745 -41.7802
56.4868 5.34139 20.4507 -59.9717
58.5383 5.29241 19.1736 -58.9362
33.911 4.50412 11.6374 -50.4845
52.679 6.45171 12.3285 -49.7455
54.6864 5.89398 16.0274 -52.0584
50.5206 6.21786 12.8471 -47.2709
51.6699 5.61857 24.891 -65.2983
54.3849 4.62014 19.5644 -51.3546
32.1276 3.00011 28.1867 -59.7847
48.1358 4.34682 34.0812 -75.0543
45.2773 3.68677 17.5176 -45.5776
21.5633 1.49294 5.93125 -19.6003
37.6376 2.64423 11.8805 -34.7502
12.6835 -5.05916 7.05431 -10.1821
28.8034 -4.13384 13.0071 -25.2629
43.9459 -1.97291 23.2064 -40.1127
49.5571 -3.59833 29.2614 -46.1499
60.644 3.28839 34.8824 -61.2026
40.8507 -1.14663 19.9138 -37.7246
15.6585 -4.78639 1.94172 -10.1866
28.5414 -4.2563 6.86018 -22.1383
20.9682 3.34087 12.6281 -7.48004
33.9011 3.83306 17.5498 -19.3986
46.8339 4.32526 22.4714 -31.3171
-0.929764 -10.5926 34.2913 -45.446
14.2364 -9.96625 25.3049 -46.3266
29.4858 -9.28381 17.9512 -47.0306
36.5273 -6.2594 8.3774 -43.6414
39.1987 -2.26465 6.39311 -44.1758
40.7935 0.0750864 4.75277 -43.0535
38.0521 2.72513 -0.282046 -37.1088
37.1178 0.378653 -5.96687 -30.2891
33.9053 5.21254 -3.8266 -28.1294
32.4282 5.25387 -3.43449 -25.187
41.7279 4.94366 0.0138194 -33.6575
32.2672 3.80783 1.82164 -23.6625
31.1998 3.23762 5.55936 -22.0573
40.5132 2.85459 8.98851 -30.5213
30.2025 1.89349 6.04627 -21.5637
23.1515 4.0228 6.26487 -16.4918
28.2658 3.80166 8.23157 -21.1529
15.1174 1.15068 3.46888 -8.94743
2.36695 0.614677 5.28665 -5.42419
7.48645 0.338091 3.11586 -3.12916
6.85093 -0.866155 5.75405 -3.37142
11.9695 -1.18158 7.69378 -8.03776
-0.0151508 -2.54513 9.59374 -12.7319
5.10884 -2.88401 11.5218 -17.3944
7.89512 -4.18817 14.6741 -7.12047
8.77807 -4.22997 11.7398 -3.69432
4.76769 -4.90413 12.0044 -4.1267
-10.7479 -1.42176 0.75906 9.51352
-10.2962 -1.43438 1.02259 9.08113
-9.84721 -1.42796 1.30281 8.6463
-12.1763 -1.29712 1.5731 8.20787
-12.8195 -1.74587 3.22641 9.92789
-12.7307 -2.30558 4.6318 9.5221
-12.2832 -2.29804 4.91502 9.07742
-11.7039 -3.0104 6.01273 8.31187
-15.4239 -2.61607 4.39229 11.6206
-19.7489 -1.74136 1.70117 15.3699
-24.442 -1.22755 0.0836667 19.623
-28.6714 -0.481382 -2.02615 23.4755
-30.0167 -0.760093 -1.183 24.497
-26.9839 -1.61878 1.57428 21.4408
-31.6735 -1.06303 -0.0138584 25.7034
-31.5874 -1.21849 0.643737 25.4827
-24.0383 -2.43933 5.57896 18.406
-28.7236 -1.85538 4.01224 22.6804
-12.4377 -2.91166 1.48684 18.7624
-3.88316 -11.8717 -12.0175 -6.02419
-3.88316 -11.8717 -12.0175 -6.02419
-3.25322 -11.6432 -12.8022 -6.65512
-3.428 -10.4666 -11.9986 -6.58605
-3.74695 -9.09232 -12 -6.58491
-4.0468 -7.77569 -9.7104 -5.96294
-4.06239 -7.76759 -9.85312 -5.68799
-4.29622 -5.62877 -7.71475 -5.17832
-4.29622 -5.62877 -7.71475 -5.17832
-5.38189 -3.61005 -5.5165 -4.07136
-5.38048 -3.61123 -5.6471 -3.81891
-5.38048 -3.61123 -5.6471 -3.81891
-5.82967 -2.7682 -4.43307 -3.45518
-2.90831 -2.19932 -3.98974 -3.16456
-2.81131 -1.65637 -3.12093 -2.86997
-2.81131 -1.65637 -3.22309 -2.67171
-2.57721 -1.41601 -2.90605 -2.44304
-2.67155 -1.23911 -2.52511 -2.4153
-2.12852 -1.03489 -2.35256 -2.05707
-1.92 -0.875771 -2.1167 -1.88505
0.709052 -1.76627 -114.972 17.8487
0.709052 -1.76627 -114.972 17.8487
2.62402 -0.992931 -179.666 11.5281
3.16297 0.35344 -158.636 4.86385
3.16297 0.35344 -158.636 4.86385
5.51554 2.12339 -125.522 -5.13255
6.46713 2.85391 -115.533 -7.34957
7.27624 3.44036 -108.538 -8.00223
7.27624 3.44036 -108.538 -8.00223
8.33885 4.46479 -97.7253 -9.02625
9.36137 4.53434 -153.325 118.157
9.36137 4.53434 -153.325 118.157
10.8296 5.63823 -119.069 102.392
19.601 -5.89071 -96.0671 67.8589
29.8442 -20.8315 -105.423 100.345
29.8442 -20.8315 -105.423 100.345
50.603 -59.2673 -56.4738 52.0979
54.6287 -68.711 -62.8115 82.3094
54.6287 -68.711 -62.8115 82.3094
55.7798 -77.0427 -43.9666 74.0384
58.1305 -83.9848 -43.9666 74.0384
58.1845 -90.4287 -33.1386 60.5557
58.1845 -90.4287 -33.1386 60.5557
57.9347 -100.668 -27.943 63.3386
57.4322 -100.519 -27.943 63.3386
57.8867 -108.67 -6.91888 27.5496
57.1603 -112.437 -20.4694 55.1393
56.3853 -112.823 -15.7711 44.5102
55.8364 -119.107 -1.0624 21.5735
54.8892 -121.999 -13.5658 47.5774
49.2675 -137.138 -2.08399 33.0777
49.4502 -137.025 -2.08399 33.0777
48.7592 -137.332 -1.06711 33.0236
46.6002 -140.936 1.47469 23.8286
46.38 -143.496 2.41421 26.2189
44.7568 -146.693 5.51948 17.2933
46.2443 -146.967 9.46952 0.0778819
44.3269 -155.819 9.89972 10.5687
44.3269 -155.819 9.89972 10.5687
44.2714 -156.425 10.2772 10.4762
44.7802 -157.261 14.6431 9.80371
44.195 -159.984 14.2079 -6.08413
39.4825 -169.011 12.3297 5.27467
39.4825 -169.011 12.3297 5.27467
38.3839 -176.521 13.8783 -0.777257
36.1362 -179.911 14.7826 -7.28174
34.9947 -181.628 16.4629 -19.4717
36.064 -184.87 15.22 -6.92967
-105.173 299.333 23.0605 -25.0244
-105.173 299.333 23.0605 -25.0244
-98.8801 287.383 18.119 -13.1555
-99.8223 270.593 18.1191 -13.3624
-88.041 254.834 14.0385 -15.2112
-85.9264 246.318 15.1103 -27.0553
-83.1141 240.979 10.2402 -17.4036
-83.1344 241.185 10.8571 -17.542
-84.223 230.837 7.44913 -19.4027
-80.7759 228.195 8.22152 -29.4591
-80.7759 228.195 8.22152 -29.4591
-83.7663 219.74 6.17644 -31.337
-82.3726 217.535 3.01875 -23.7894
-82.3726 217.535 3.01875 -23.7894
-81.5098 212.083 1.56973 -26.0084
-81.5098 212.083 1.56973 -26.0084
-85.0282 205.829 0.579976 -28.0996
-85.3312 203.526 1.30158 -34.6573
-86.2907 199.369 0.470196 -36.2304
-86.2907 199.369 0.470196 -36.2304
-86.9483 197.538 -0.947263 -31.8933
-88.8677 192.71 -1.37162 -35.0156
-88.8677 192.71 -1.37162 -35.0156
-88.8677 192.71 -1.37162 -35.0156
-87.5983 193.275 -1.60202 -35.006
-90.4004 190.045 -1.51584 -35.6905
-91.1386 188.904 -0.604996 -39.767
-90.8556 188.413 -1.34274 -37.8717
-92.7453 186.781 -0.0667372 -38.475
-93.6375 185.887 -0.782005 -39.7586
-93.3671 185.638 -0.594854 -41.5742
-93.3671 185.638 -0.594854 -41.5742
-94.2541 184.858 0.139273 -42.0391
