0.19261 -0.12404 -0.168758 -0.174027
0.192606 -0.124043 -0.168759 -0.174031
0.192606 -0.124044 -0.168759 -0.174031
0.192605 -0.124044 -0.168759 -0.174031
0.192604 -0.124045 -0.168759 -0.174032
0.192596 -0.124111 -0.168752 -0.1741
0.192611 -0.12411 -0.168752 -0.1741
0.192617 -0.124147 -0.168746 -0.174135
0.192618 -0.124198 -0.168746 -0.17417
0.192635 -0.12424 -0.168706 -0.174168
0.192647 -0.124302 -0.168714 -0.174292
0.19265 -0.124387 -0.168713 -0.17435
0.19265 -0.124387 -0.168713 -0.17435
0.192693 -0.124538 -0.168665 -0.174529
0.192681 -0.124555 -0.168681 -0.174513
0.192698 -0.124652 -0.168663 -0.17461
0.192825 -0.124976 -0.168602 -0.174932
0.192793 -0.125081 -0.168558 -0.175075
0.192793 -0.125081 -0.168558 -0.175075
0.192838 -0.12534 -0.168557 -0.175178
0.192838 -0.12534 -0.16851 -0.175336
0.192861 -0.125477 -0.168485 -0.175473
0.192865 -0.125649 -0.168487 -0.17559
0.192909 -0.125765 -0.168372 -0.175583
0.192933 -0.125914 -0.168407 -0.175912
0.192958 -0.126068 -0.16838 -0.176067
0.192958 -0.126068 -0.16838 -0.176067
0.193005 -0.126589 -0.168135 -0.176323
0.193005 -0.126589 -0.168135 -0.176323
0.193005 -0.126589 -0.168135 -0.176323
0.193086 -0.127044 -0.16822 -0.177022
0.19309 -0.127214 -0.168189 -0.177224
0.19309 -0.127214 -0.168189 -0.177224
0.193049 -0.127897 -0.16802 -0.177676
0.193049 -0.127897 -0.16808 -0.177904
0.193023 -0.128065 -0.168054 -0.178073
0.192972 -0.128401 -0.167934 -0.178178
0.192972 -0.128401 -0.167998 -0.17841
0.192927 -0.128469 -0.168126 -0.178586
0.192979 -0.128939 -0.167836 -0.179221
0.192979 -0.128939 -0.167836 -0.179221
0.192802 -0.129594 -0.168008 -0.179467
0.192803 -0.129596 -0.167846 -0.179457
0.192866 -0.129659 -0.167917 -0.179389
0.192802 -0.129963 -0.167686 -0.179966
0.192742 -0.13018 -0.167725 -0.180039
0.192742 -0.13018 -0.167725 -0.180039
0.192804 -0.130372 -0.16757 -0.180375
0.192819 -0.130503 -0.167522 -0.180507
0.192785 -0.130715 -0.167414 -0.180759
0.192785 -0.130715 -0.167414 -0.180759
0.192901 -0.130879 -0.167357 -0.18088
0.192869 -0.131088 -0.16738 -0.180924
0.192869 -0.131088 -0.167451 -0.181134
0.192993 -0.131231 -0.167161 -0.18123
0.19296 -0.131436 -0.167178 -0.181261
0.19296 -0.131436 -0.167178 -0.181261
0.193094 -0.131559 -0.166935 -0.181556
0.19313 -0.131665 -0.166854 -0.181662
0.193099 -0.131867 -0.166934 -0.181879
0.193099 -0.131867 -0.166934 -0.181879
0.19322 -0.132167 -0.166681 -0.182166
0.19322 -0.132167 -0.166681 -0.182166
0.19322 -0.132167 -0.166681 -0.182166
0.19336 -0.13244 -0.166202 -0.182415
0.19336 -0.13244 -0.166202 -0.182415
0.19336 -0.13244 -0.166202 -0.182415
0.193453 -0.132616 -0.166299 -0.182615
0.193453 -0.132617 -0.166299 -0.182615
0.193631 -0.132691 -0.165963 -0.182683
0.19369 -0.13278 -0.165865 -0.182771
0.19382 -0.132959 -0.165871 -0.182757
0.19382 -0.132959 -0.165947 -0.182967
0.19389 -0.133048 -0.165543 -0.183032
0.193877 -0.133264 -0.16555 -0.183017
0.193877 -0.133264 -0.16555 -0.183017
0.194122 -0.133324 -0.165054 -0.182861
0.194115 -0.133549 -0.165062 -0.182831
0.194115 -0.133549 -0.165062 -0.182831
0.194387 -0.133611 -0.164874 -0.183589
0.194582 -0.133809 -0.164648 -0.183784
0.19449 -0.133941 -0.164775 -0.183669
0.19449 -0.133941 -0.164775 -0.183669
0.194807 -0.134231 -0.16442 -0.183965
0.194809 -0.134225 -0.164091 -0.183937
0.195005 -0.134206 -0.164177 -0.18418
0.195117 -0.134306 -0.164053 -0.184278
0.195145 -0.134539 -0.164046 -0.184279
0.195354 -0.134516 -0.163792 -0.184491
0.195477 -0.134622 -0.163657 -0.184597
0.195477 -0.134622 -0.163657 -0.184597
0.195783 -0.135075 -0.163439 -0.185071
0.195696 -0.135204 -0.163556 -0.184966
0.195696 -0.135203 -0.163645 -0.185214
0.196145 -0.135178 -0.162926 -0.185149
0.196286 -0.135291 -0.162772 -0.185262
0.196345 -0.135534 -0.162827 -0.185542
0.196588 -0.135509 -0.162452 -0.185507
0.196734 -0.135648 -0.162286 -0.185624
0.196891 -0.135772 -0.162116 -0.18575
0.197059 -0.135874 -0.162239 -0.185642
0.197215 -0.136023 -0.161766 -0.185999
0.197382 -0.136154 -0.161585 -0.186131
0.197464 -0.136413 -0.16162 -0.186432
0.197726 -0.136418 -0.161214 -0.186392
0.197901 -0.13655 -0.161025 -0.186524
0.19826 -0.136821 -0.160542 -0.186519
0.19826 -0.136821 -0.160639 -0.186797
0.198643 -0.137047 -0.160558 -0.186834
0.198628 -0.137098 -0.160558 -0.186834
0.198816 -0.137236 -0.159945 -0.186936
0.199006 -0.137379 -0.159738 -0.187071
0.199117 -0.137642 -0.159745 -0.187406
0.199117 -0.137642 -0.159321 -0.18736
0.199593 -0.13781 -0.159212 -0.187791
0.199793 -0.137958 -0.158998 -0.187941
0.199896 -0.138292 -0.15889 -0.187998
0.199896 -0.138292 -0.158465 -0.187949
0.200102 -0.138439 -0.158771 -0.188433
0.200726 -0.13889 -0.15768 -0.188832
0.201031 -0.138851 -0.15768 -0.188832
0.201476 -0.139058 -0.157552 -0.188901
0.201452 -0.139147 -0.157234 -0.189134
0.201452 -0.139147 -0.157234 -0.189134
0.20136 -0.139333 -0.157011 -0.189281
0.201876 -0.139441 -0.156786 -0.189433
0.202091 -0.139592 -0.156558 -0.189589
0.202333 -0.139653 -0.156656 -0.189506
0.202528 -0.139893 -0.156094 -0.18989
0.202162 -0.140582 -0.156355 -0.190375
0.202162 -0.140582 -0.156452 -0.190652
0.202395 -0.140722 -0.154921 -0.190628
0.204013 -0.141012 -0.154138 -0.1908
0.204317 -0.140967 -0.154138 -0.1908
0.204317 -0.140967 -0.154228 -0.191064
0.204774 -0.141141 -0.153773 -0.191337
0.204774 -0.141141 -0.153773 -0.191337
0.204882 -0.141556 -0.15371 -0.191671
0.204857 -0.141655 -0.153319 -0.191616
0.205372 -0.141744 -0.15309 -0.191752
0.205525 -0.141976 -0.152948 -0.191823
0.205502 -0.142068 -0.152948 -0.191823
0.206257 -0.142296 -0.152154 -0.192309
0.206257 -0.142296 -0.152154 -0.192309
0.206385 -0.142627 -0.152115 -0.192655
0.20663 -0.142683 -0.152218 -0.192573
0.206631 -0.142684 -0.151874 -0.192792
0.207159 -0.142855 -0.151195 -0.192862
0.207387 -0.142999 -0.150951 -0.193011
0.207304 -0.143118 -0.150604 -0.192853
0.207848 -0.143286 -0.150459 -0.193297
0.208549 -0.143729 -0.15008 -0.193501
0.208549 -0.143729 -0.149603 -0.193425
0.208549 -0.143729 -0.149603 -0.193425
0.208783 -0.143874 -0.149457 -0.193881
0.209255 -0.144177 -0.149329 -0.193942
0.209255 -0.144178 -0.148841 -0.193862
0.209492 -0.144327 -0.148694 -0.194337
0.209297 -0.144606 -0.149068 -0.194475
0.209633 -0.144622 -0.149068 -0.194475
0.21021 -0.144789 -0.147921 -0.194798
0.210451 -0.144947 -0.147661 -0.194958
0.210693 -0.145106 -0.147284 -0.194767
0.210935 -0.145262 -0.147138 -0.19527
0.211179 -0.145424 -0.146875 -0.195433
0.211685 -0.145662 -0.146861 -0.195842
0.211667 -0.145746 -0.146347 -0.195753
0.21191 -0.145907 -0.146084 -0.195913
0.212054 -0.146218 -0.146073 -0.196338
0.212401 -0.146238 -0.146073 -0.196339
0.212645 -0.146402 -0.14529 -0.196408
0.212891 -0.14657 -0.145025 -0.196578
0.21304 -0.146881 -0.14489 -0.196649
0.21304 -0.146881 -0.14489 -0.196649
0.214122 -0.147411 -0.144086 -0.197152
0.214122 -0.147411 -0.143699 -0.197415
0.214122 -0.147411 -0.143699 -0.197415
0.214612 -0.147749 -0.143172 -0.197758
0.214612 -0.147749 -0.143172 -0.197758
0.215129 -0.147971 -0.143028 -0.197838
0.215129 -0.147971 -0.143028 -0.197838
0.215873 -0.148491 -0.141844 -0.198624
0.215873 -0.148491 -0.141844 -0.198624
0.215849 -0.148615 -0.141844 -0.198624
0.216007 -0.148917 -0.141697 -0.198708
0.216007 -0.148917 -0.141697 -0.198708
0.21614 -0.149356 -0.141163 -0.199068
0.216845 -0.149323 -0.140773 -0.199338
0.217348 -0.149685 -0.140233 -0.199695
0.217348 -0.149685 -0.140233 -0.199695
0.217509 -0.149999 -0.139689 -0.200061
0.217509 -0.149999 -0.139689 -0.200061
0.218107 -0.150234 -0.139417 -0.200243
0.218271 -0.150554 -0.138867 -0.200615
0.218271 -0.150554 -0.138867 -0.200615
0.218874 -0.150792 -0.138593 -0.200801
0.219647 -0.151359 -0.138281 -0.201476
0.219647 -0.151359 -0.138281 -0.201476
0.219647 -0.151359 -0.138281 -0.201476
0.221735 -0.152869 -0.135435 -0.202365
0.221735 -0.152869 -0.135435 -0.202365
0.221887 -0.153055 -0.135401 -0.202999
0.221858 -0.153219 -0.135401 -0.202999
0.222274 -0.153299 -0.134902 -0.203314
0.22269 -0.153415 -0.134444 -0.203599
0.222662 -0.153579 -0.134444 -0.203599
0.222863 -0.153716 -0.134217 -0.203739
0.223335 -0.153831 -0.133756 -0.204026
0.223335 -0.153831 -0.133756 -0.204026
0.223528 -0.154135 -0.133524 -0.204162
0.224004 -0.154263 -0.133053 -0.20445
0.224204 -0.154562 -0.132815 -0.204589
0.224204 -0.154562 -0.132815 -0.204589
0.224686 -0.154702 -0.132333 -0.204879
0.224661 -0.154852 -0.132333 -0.204879
0.224892 -0.154996 -0.132088 -0.205025
0.225384 -0.15516 -0.131588 -0.205325
0.225361 -0.155297 -0.131588 -0.205325
0.22552 -0.155562 -0.131438 -0.205409
0.22552 -0.155562 -0.131438 -0.205409
0.22608 -0.155763 -0.130819 -0.205787
0.226235 -0.156055 -0.131049 -0.20564
0.227318 -0.156581 -0.129985 -0.206716
0.227233 -0.156703 -0.130096 -0.206645
0.227587 -0.156603 -0.130208 -0.206994
0.228059 -0.157071 -0.128692 -0.207079
0.227982 -0.157182 -0.128793 -0.207015
0.228305 -0.157232 -0.128903 -0.207359
0.22855 -0.157393 -0.128167 -0.207399
0.228698 -0.157826 -0.128001 -0.20751
0.229045 -0.157724 -0.128112 -0.207856
0.229293 -0.157887 -0.127374 -0.207899
0.229469 -0.158165 -0.127205 -0.20801
0.229469 -0.158165 -0.127317 -0.208362
0.230049 -0.158396 -0.126569 -0.208407
0.230304 -0.158571 -0.126297 -0.208583
0.230486 -0.15885 -0.126237 -0.209058
0.230844 -0.158741 -0.126237 -0.209058
0.231365 -0.159093 -0.125197 -0.20929
0.231365 -0.159093 -0.125197 -0.20929
0.231533 -0.159558 -0.125007 -0.209416
0.23239 -0.160008 -0.123747 -0.208938
0.23233 -0.160095 -0.123826 -0.208891
0.232682 -0.159985 -0.123582 -0.209485
0.232654 -0.16019 -0.123582 -0.209485
0.232917 -0.160369 -0.123529 -0.210374
0.233126 -0.160645 -0.123437 -0.210887
0.233482 -0.160532 -0.122964 -0.21076
0.233723 -0.160938 -0.12268 -0.21095
0.233997 -0.161135 -0.122391 -0.211147
0.233997 -0.161135 -0.122391 -0.211147
0.235032 -0.162235 -0.120931 -0.212119
0.235032 -0.162235 -0.120931 -0.212119
0.236761 -0.163064 -0.119309 -0.212427
0.236761 -0.163064 -0.119309 -0.212427
0.237555 -0.163595 -0.118701 -0.213608
0.237554 -0.163594 -0.118702 -0.213607
0.23752 -0.16386 -0.118353 -0.213507
0.23781 -0.163763 -0.118438 -0.213779
0.238061 -0.163931 -0.118178 -0.213949
0.238286 -0.164373 -0.117653 -0.214296
0.238578 -0.164274 -0.117653 -0.214296
0.238833 -0.164448 -0.117395 -0.214464
0.239132 -0.164344 -0.117484 -0.214745
0.23936 -0.164784 -0.116858 -0.214809
0.239613 -0.164977 -0.116697 -0.215273
0.239892 -0.165136 -0.116315 -0.215161
0.240161 -0.165308 -0.116041 -0.215332
0.240738 -0.165403 -0.115789 -0.215499
0.240706 -0.165671 -0.115482 -0.215694
0.240981 -0.16585 -0.115199 -0.215871
0.241819 -0.166405 -0.114338 -0.216424
0.241819 -0.166405 -0.114338 -0.216424
0.241763 -0.166708 -0.113949 -0.216282
0.242099 -0.166588 -0.11405 -0.216606
0.242382 -0.166777 -0.113759 -0.216797
0.242639 -0.167012 -0.113502 -0.216973
0.242988 -0.166885 -0.113611 -0.217321
0.243215 -0.167401 -0.112909 -0.217356
0.243215 -0.167401 -0.112909 -0.217356
0.24383 -0.167755 -0.112268 -0.217771
0.244097 -0.167986 -0.112 -0.217947
0.244097 -0.167986 -0.112 -0.217948
0.244062 -0.168284 -0.111664 -0.218167
0.244953 -0.168896 -0.110638 -0.21842
0.244953 -0.168896 -0.110638 -0.218421
0.245609 -0.16897 -0.110441 -0.218982
0.245857 -0.16953 -0.110155 -0.219182
0.245857 -0.16953 -0.109706 -0.21904
0.246522 -0.169604 -0.109508 -0.219614
0.24678 -0.170177 -0.109209 -0.219823
0.24678 -0.170177 -0.109209 -0.219823
0.247445 -0.170264 -0.10857 -0.220259
0.247445 -0.170264 -0.10857 -0.220259
0.248077 -0.170697 -0.107927 -0.220704
0.248396 -0.170919 -0.107604 -0.220933
0.248396 -0.170919 -0.107604 -0.220933
0.249366 -0.171573 -0.106622 -0.221613
0.249707 -0.17144 -0.106622 -0.221613
0.249707 -0.17144 -0.106622 -0.221613
0.250615 -0.172487 -0.105382 -0.222503
0.250932 -0.172713 -0.105068 -0.222726
0.250973 -0.172655 -0.104755 -0.222949
0.250927 -0.173065 -0.104755 -0.222949
0.251249 -0.172937 -0.104755 -0.222949
0.251566 -0.173158 -0.104442 -0.223174
0.251886 -0.173391 -0.104125 -0.223408
0.253176 -0.174301 -0.102854 -0.224316
0.253176 -0.174301 -0.102854 -0.224316
0.253865 -0.174308 -0.102553 -0.224875
0.253865 -0.174308 -0.102553 -0.224875
0.254231 -0.174091 -0.102472 -0.224912
0.254454 -0.175193 -0.101605 -0.225215
0.254773 -0.17542 -0.101294 -0.225442
0.255142 -0.175197 -0.101296 -0.225777
0.255412 -0.175864 -0.100672 -0.225888
0.255804 -0.175988 -0.100269 -0.226156
0.256053 -0.176317 -0.100049 -0.22634
0.256373 -0.176537 -0.0997385 -0.226561
0.25677 -0.176656 -0.0993295 -0.226832
0.257017 -0.176993 -0.0990254 -0.226723
0.257338 -0.177215 -0.0988027 -0.227238
0.257689 -0.177799 -0.0980886 -0.227405
0.257985 -0.177674 -0.0981768 -0.227696
0.258308 -0.177898 -0.0978645 -0.227921
0.258957 -0.178355 -0.0971529 -0.228095
0.258957 -0.178355 -0.0972386 -0.228379
0.259281 -0.178583 -0.0969265 -0.228607
0.259931 -0.179044 -0.0963015 -0.229067
0.259931 -0.179044 -0.0963015 -0.229067
0.260256 -0.179273 -0.0959899 -0.229297
0.261233 -0.17997 -0.0950543 -0.229992
0.261339 -0.179817 -0.0949196 -0.230048
0.261339 -0.179817 -0.0949196 -0.230048
0.261281 -0.180315 -0.094745 -0.23022
0.261606 -0.180541 -0.0943571 -0.230184
0.262203 -0.180662 -0.094128 -0.230689
0.262914 -0.180608 -0.0935112 -0.231157
0.262853 -0.18113 -0.0935112 -0.231157
0.263294 -0.181191 -0.092815 -0.23136
0.263565 -0.181072 -0.0928948 -0.231629
0.263828 -0.181837 -0.0925873 -0.231864
0.26428 -0.181897 -0.0918942 -0.232085
0.26428 -0.181897 -0.0918942 -0.232085
0.264938 -0.18237 -0.0914961 -0.232653
0.265134 -0.182808 -0.0913564 -0.232832
0.265857 -0.182733 -0.090951 -0.233404
0.265857 -0.182733 -0.0907427 -0.233324
0.266849 -0.184397 -0.0900196 -0.234294
0.267093 -0.184285 -0.0895231 -0.234315
0.267549 -0.1843 -0.0888577 -0.234572
0.267549 -0.1843 -0.0888577 -0.234572
0.268202 -0.185259 -0.088337 -0.235288
0.268202 -0.185259 -0.088337 -0.235288
0.268202 -0.185259 -0.088337 -0.235288
0.269236 -0.18621 -0.0871796 -0.236244
0.269236 -0.18621 -0.0871796 -0.236244
0.26941 -0.185959 -0.0869585 -0.236326
0.269565 -0.185888 -0.0869585 -0.236326
0.269762 -0.186687 -0.0866082 -0.236717
0.270071 -0.186931 -0.0863221 -0.236958
0.270385 -0.187174 -0.0860359 -0.237199
0.272938 -0.189793 -0.0825553 -0.240141
0.272938 -0.189793 -0.0825553 -0.240141
0.272915 -0.190124 -0.0820417 -0.240528
0.272915 -0.190124 -0.0820417 -0.240528
0.272905 -0.190327 -0.0817056 -0.240682
0.273157 -0.190293 -0.0812265 -0.240941
0.273075 -0.190805 -0.0812663 -0.241084
0.273181 -0.191052 -0.0809218 -0.241224
0.273509 -0.191074 -0.0803623 -0.241433
0.273509 -0.191068 -0.0803623 -0.241433
0.273601 -0.191734 -0.0801427 -0.241737
0.273988 -0.191638 -0.0796647 -0.24198
0.274149 -0.191564 -0.0795916 -0.241949
0.274335 -0.192212 -0.0793707 -0.24224
0.274804 -0.192117 -0.0788487 -0.242368
0.274988 -0.192033 -0.0788317 -0.242464
0.275179 -0.192709 -0.0786095 -0.242737
0.275567 -0.193128 -0.0781045 -0.242986
0.275739 -0.193049 -0.0781076 -0.243069
0.276111 -0.192678 -0.0778346 -0.243147
0.276579 -0.193549 -0.0773356 -0.243492
0.276579 -0.193549 -0.0773612 -0.243572
0.276985 -0.193972 -0.076825 -0.243835
0.277143 -0.193899 -0.0768652 -0.243918
0.277425 -0.194071 -0.0766173 -0.244093
0.277848 -0.194503 -0.0760744 -0.244435
0.277995 -0.194435 -0.0761196 -0.244455
0.278282 -0.19462 -0.0758704 -0.244641
0.279275 -0.194549 -0.075039 -0.245187
0.27973 -0.194993 -0.0745094 -0.245533
0.27974 -0.1956 -0.0745231 -0.245585
0.280329 -0.196012 -0.0741098 -0.246043
0.280329 -0.196012 -0.0741098 -0.246043
0.280922 -0.19644 -0.0735926 -0.246421
0.280922 -0.196439 -0.0736056 -0.246471
0.281218 -0.196652 -0.0733535 -0.246689
0.281834 -0.196429 -0.0727031 -0.24703
0.281817 -0.19711 -0.0728484 -0.247138
0.281989 -0.197394 -0.072596 -0.247368
0.282464 -0.197937 -0.0719104 -0.247684
0.282594 -0.197876 -0.0719212 -0.247727
0.283675 -0.197798 -0.0711574 -0.248498
0.28363 -0.198537 -0.0713322 -0.24858
0.283981 -0.198036 -0.0708915 -0.248708
0.283933 -0.198787 -0.0710707 -0.248792
0.284238 -0.199047 -0.0708285 -0.249085
0.284918 -0.198783 -0.0701168 -0.249508
0.284918 -0.198783 -0.0701168 -0.249508
0.285728 -0.198439 -0.0693826 -0.249936
0.285728 -0.198439 -0.0693826 -0.249936
0.287467 -0.202535 -0.0676002 -0.252623
0.287467 -0.202535 -0.0676002 -0.252623
0.287619 -0.202978 -0.0671037 -0.253158
0.287619 -0.202978 -0.0671037 -0.253158
0.288031 -0.202755 -0.0664213 -0.253542
0.288031 -0.202755 -0.0664213 -0.253542
0.287812 -0.203893 -0.0663522 -0.253957
0.288224 -0.203833 -0.0656709 -0.254332
0.288224 -0.203833 -0.0656709 -0.254332
0.288408 -0.204975 -0.0653611 -0.255003
0.288408 -0.204975 -0.0653611 -0.255003
0.289116 -0.204658 -0.0646485 -0.255387
0.289116 -0.204658 -0.0646485 -0.255387
0.289156 -0.205755 -0.0646404 -0.255785
0.289611 -0.206344 -0.063893 -0.256177
0.289733 -0.206284 -0.0641826 -0.25632
0.290016 -0.206534 -0.0639551 -0.256566
0.290486 -0.207098 -0.0631776 -0.256964
0.290577 -0.207053 -0.0631648 -0.256907
0.290854 -0.20731 -0.0633064 -0.257343
0.291618 -0.206898 -0.0624913 -0.257752
0.291333 -0.207879 -0.0624913 -0.257752
0.291677 -0.208096 -0.0626876 -0.258128
0.291951 -0.208367 -0.0624864 -0.258391
0.292494 -0.208895 -0.0621195 -0.259068
0.292494 -0.208895 -0.0620893 -0.25893
0.292765 -0.209163 -0.0618929 -0.259201
0.293305 -0.209708 -0.0615393 -0.259906
0.293305 -0.209708 -0.0615051 -0.259747
0.293576 -0.209985 -0.0613126 -0.260023
0.294118 -0.210551 -0.0609678 -0.260764
0.294118 -0.210551 -0.0609304 -0.260586
0.29499 -0.209999 -0.0599961 -0.26105
0.295043 -0.209972 -0.0605502 -0.261162
0.294936 -0.211419 -0.0603605 -0.261457
0.295893 -0.210823 -0.0600252 -0.262264
0.295893 -0.210822 -0.0599823 -0.262055
0.295763 -0.212323 -0.0597931 -0.262363
0.296701 -0.211725 -0.0587878 -0.262859
0.296599 -0.213263 -0.0592716 -0.263525
0.296599 -0.213263 -0.0592716 -0.263525
0.296878 -0.213579 -0.0590385 -0.263625
0.299198 -0.211061 -0.0584307 -0.265626
0.299198 -0.211061 -0.0584307 -0.265626
0.299859 -0.210124 -0.0575957 -0.265814
0.29867 -0.214271 -0.0579232 -0.265584
0.298533 -0.216188 -0.0575907 -0.266444
0.298537 -0.216186 -0.0575497 -0.266228
0.298711 -0.216498 -0.057363 -0.266558
0.299072 -0.217207 -0.0570351 -0.267439
0.299146 -0.217171 -0.0569931 -0.267213
0.300059 -0.216536 -0.0559521 -0.267734
0.300143 -0.216496 -0.0566292 -0.267876
0.299816 -0.218155 -0.0564502 -0.26821
0.300185 -0.218889 -0.0561441 -0.269125
0.300185 -0.218889 -0.0560989 -0.268874
0.301116 -0.217805 -0.0551686 -0.268801
0.301027 -0.219818 -0.0548482 -0.269725
0.301027 -0.219817 -0.0555908 -0.269867
0.301725 -0.220818 -0.0543233 -0.270728
0.301725 -0.220818 -0.0542707 -0.270415
0.301725 -0.220816 -0.0551051 -0.270862
0.302042 -0.221623 -0.0539877 -0.271395
0.302042 -0.221621 -0.0539311 -0.271054
0.302286 -0.221843 -0.0546446 -0.271851
0.302642 -0.222568 -0.0534801 -0.272386
0.302793 -0.222497 -0.0534187 -0.272007
0.303043 -0.22281 -0.053326 -0.272719
0.30573 -0.222391 -0.051499 -0.275627
0.304213 -0.224662 -0.0532622 -0.276582
0.304278 -0.224732 -0.0529738 -0.277435
0.304278 -0.224732 -0.0529738 -0.277435
0.30428 -0.224738 -0.0529732 -0.277436
0.306397 -0.221848 -0.0503385 -0.277936
0.306397 -0.221848 -0.0503385 -0.277936
0.304608 -0.225654 -0.0517112 -0.278187
0.304608 -0.225654 -0.0517112 -0.278187
0.304605 -0.225645 -0.0517112 -0.278187
0.305375 -0.224944 -0.0506033 -0.278367
0.305375 -0.224944 -0.0506033 -0.278367
0.304431 -0.227333 -0.0513614 -0.279136
0.304771 -0.227865 -0.0513754 -0.27945
0.305499 -0.22751 -0.0504183 -0.27949
0.305499 -0.22751 -0.0504183 -0.27949
0.304497 -0.229639 -0.051513 -0.280368
0.305332 -0.229144 -0.0505056 -0.280358
0.305332 -0.229144 -0.0505056 -0.280358
0.304222 -0.23124 -0.0516178 -0.281233
0.305133 -0.230378 -0.0505583 -0.281141
0.305133 -0.230378 -0.0505583 -0.281141
0.304459 -0.23202 -0.051788 -0.282059
0.304525 -0.232288 -0.0518432 -0.282324
0.305453 -0.231396 -0.0519298 -0.282851
0.305453 -0.231396 -0.0519298 -0.282851
0.304567 -0.232868 -0.0519195 -0.283103
0.305447 -0.231876 -0.0507516 -0.282948
0.305447 -0.231876 -0.0507516 -0.282948
0.304471 -0.233326 -0.0519471 -0.283833
0.304377 -0.23347 -0.0519777 -0.284293
0.304338 -0.233462 -0.0519641 -0.284518
0.304338 -0.233462 -0.0519641 -0.284518
0.305114 -0.231837 -0.0505582 -0.285041
0.305114 -0.231837 -0.0505582 -0.285041
0.304704 -0.232322 -0.0515308 -0.285815
0.30577 -0.230881 -0.0503153 -0.285653
0.305722 -0.230903 -0.0503153 -0.285653
0.305376 -0.231352 -0.05131 -0.286429
0.306532 -0.229796 -0.0490711 -0.286246
0.306532 -0.229796 -0.0490107 -0.285662
0.306273 -0.230068 -0.0511263 -0.287029
0.306623 -0.229589 -0.0510688 -0.287236
0.307381 -0.228549 -0.0509716 -0.287622
0.307381 -0.228549 -0.0509716 -0.287622
0.30779 -0.227965 -0.0509289 -0.28782
0.308688 -0.226748 -0.0497906 -0.288024
0.309593 -0.225467 -0.0508152 -0.28859
0.309593 -0.225467 -0.0508152 -0.28859
0.309593 -0.225467 -0.0508152 -0.28859
0.310448 -0.224246 -0.0496517 -0.288797
0.310611 -0.223991 -0.0507783 -0.288984
0.311146 -0.223253 -0.0507727 -0.289162
0.312271 -0.221672 -0.0495921 -0.289563
0.312271 -0.221672 -0.0495921 -0.289563
0.326341 -0.203335 -0.0496426 -0.29451
0.326341 -0.203335 -0.0496426 -0.29451
0.327519 -0.201855 -0.0489328 -0.294924
0.327459 -0.201948 -0.0493635 -0.295141
0.327961 -0.201317 -0.0492232 -0.29545
0.328932 -0.199996 -0.0489634 -0.296095
0.32921 -0.199584 -0.0488391 -0.296373
0.329649 -0.198866 -0.0481873 -0.296481
0.329649 -0.198866 -0.0481863 -0.296483
0.329856 -0.198484 -0.0487478 -0.296967
0.330653 -0.197102 -0.0480989 -0.297381
0.330501 -0.197342 -0.0480989 -0.297381
0.330646 -0.196869 -0.0493379 -0.297819
0.33144 -0.195389 -0.0487977 -0.298228
0.331299 -0.195612 -0.0487977 -0.298228
0.331386 -0.195133 -0.0503016 -0.298614
0.332219 -0.193556 -0.0497884 -0.299015
0.332219 -0.193556 -0.0497884 -0.299015
0.332335 -0.193015 -0.0501882 -0.299262
0.332544 -0.192515 -0.0518549 -0.299587
0.333122 -0.19153 -0.0509557 -0.299748
0.333247 -0.190829 -0.052725 -0.300043
0.335686 -0.186156 -0.0544454 -0.301122
0.335686 -0.186156 -0.0544454 -0.301122
0.336273 -0.185169 -0.0545936 -0.301326
0.338044 -0.182138 -0.0541186 -0.301884
0.338039 -0.182132 -0.0552211 -0.301915
0.338039 -0.182132 -0.0552211 -0.301915
0.339368 -0.179958 -0.0557147 -0.302269
0.339365 -0.179955 -0.0557147 -0.302269
0.340181 -0.178731 -0.056047 -0.302446
0.341467 -0.176457 -0.0554632 -0.302794
0.341467 -0.176457 -0.0569064 -0.302763
0.342358 -0.175129 -0.057338 -0.302925
0.343708 -0.172729 -0.0567807 -0.303266
0.343708 -0.172729 -0.0567807 -0.303266
0.345537 -0.169941 -0.0592232 -0.303479
0.345537 -0.169941 -0.0592232 -0.303479
0.348982 -0.164446 -0.0592173 -0.303476
0.348982 -0.164446 -0.0592182 -0.303475
0.351282 -0.160454 -0.0612122 -0.304396
0.351606 -0.160205 -0.0612122 -0.304396
0.351605 -0.160204 -0.0612129 -0.304396
0.352472 -0.158768 -0.0613919 -0.304523
0.354194 -0.155796 -0.0605547 -0.304857
0.354197 -0.155799 -0.0605551 -0.304857
0.35565 -0.152954 -0.0613487 -0.305796
0.35565 -0.152954 -0.0613487 -0.305796
0.365286 -0.135576 -0.0642332 -0.306717
0.365698 -0.134512 -0.0643353 -0.307249
0.366502 -0.133635 -0.0643377 -0.307247
0.367294 -0.132162 -0.0642442 -0.306616
0.368059 -0.130698 -0.0642855 -0.306746
0.369188 -0.128153 -0.0644454 -0.307413
0.369515 -0.127789 -0.064442 -0.307416
0.370212 -0.126341 -0.0644333 -0.307187
0.371303 -0.123687 -0.0647678 -0.307924
0.371564 -0.123379 -0.0647655 -0.307926
0.372231 -0.12187 -0.0648472 -0.307592
0.372898 -0.120325 -0.0650689 -0.307714
0.373321 -0.119047 -0.0654448 -0.308391
0.374251 -0.117127 -0.0657094 -0.308507
0.374944 -0.115467 -0.0659231 -0.30807
0.376078 -0.112389 -0.0667779 -0.308907
0.376377 -0.111993 -0.0667785 -0.308906
0.377122 -0.11019 -0.0670191 -0.308392
0.37948 -0.104436 -0.0683452 -0.309297
0.37948 -0.104436 -0.068222 -0.308676
0.37948 -0.104436 -0.068222 -0.308676
0.382044 -0.096023 -0.0682858 -0.308768
0.383741 -0.0939444 -0.0698595 -0.309156
0.384614 -0.0917647 -0.0700324 -0.309263
0.385484 -0.0895488 -0.0703116 -0.309887
0.386292 -0.0875516 -0.0703432 -0.309466
0.388395 -0.0811674 -0.0694714 -0.309944
0.388395 -0.0811674 -0.0709127 -0.30976
0.388906 -0.0803461 -0.0709149 -0.309759
0.390078 -0.0764002 -0.0714201 -0.310518
0.390591 -0.0755426 -0.0712872 -0.309957
0.391425 -0.0730662 -0.0715013 -0.310059
0.392257 -0.0705259 -0.0717732 -0.310148
0.393031 -0.0682337 -0.0704238 -0.310467
0.393923 -0.0652822 -0.0723951 -0.310337
0.394757 -0.0625753 -0.0727248 -0.310422
0.396426 -0.0569657 -0.0734465 -0.310602
0.396426 -0.0569657 -0.0734465 -0.310602
0.396693 -0.0552065 -0.0720407 -0.310941
0.398099 -0.0511528 -0.0742611 -0.311363
0.398927 -0.0481461 -0.0744573 -0.310873
0.399195 -0.0459382 -0.0730172 -0.311224
0.400783 -0.0401571 -0.0735828 -0.311429
0.401384 -0.0388467 -0.07535 -0.311158
0.402175 -0.0356398 -0.0756254 -0.311261
0.402948 -0.0323696 -0.0759259 -0.311354
0.403706 -0.0290399 -0.0762468 -0.311452
0.408524 -0.00514131 -0.074912 -0.313173
0.408551 -0.00339814 -0.0771945 -0.313802
0.408551 -0.00339814 -0.0771945 -0.313802
0.41018 0.00453917 -0.077507 -0.313033
0.41018 0.00453917 -0.077507 -0.313033
0.41018 0.00453917 -0.077507 -0.313033
0.411415 0.0136531 -0.0797161 -0.31358
0.411415 0.0136531 -0.0797161 -0.31358
0.411751 0.0166051 -0.07997 -0.31382
0.412395 0.0220627 -0.0805823 -0.314426
0.41235 0.0224767 -0.0805543 -0.314442
0.412591 0.0254113 -0.08077 -0.314552
0.412969 0.0313384 -0.081338 -0.315057
0.412969 0.0313384 -0.081338 -0.315057
0.413121 0.0343141 -0.081631 -0.315318
0.41298 0.0360438 -0.081995 -0.315674
0.413338 0.0403785 -0.0822369 -0.315832
0.413406 0.0434747 -0.0825495 -0.316085
0.413168 0.0488901 -0.0832156 -0.316602
0.413478 0.0498043 -0.0832045 -0.316608
0.413486 0.0530181 -0.083535 -0.316878
0.413517 0.0591287 -0.0824348 -0.317528
0.413517 0.0591287 -0.0824348 -0.317528
0.413455 0.0625208 -0.0827625 -0.317783
0.412968 0.0682445 -0.0834791 -0.318369
0.413142 0.0698517 -0.0852749 -0.318255
0.412995 0.0733426 -0.0856386 -0.318536
0.41246 0.0787737 -0.0845417 -0.319212
0.41246 0.0787737 -0.0863604 -0.319057
0.412355 0.0841354 -0.0867638 -0.319392
0.412076 0.0878223 -0.0871512 -0.319679
0.41022 0.106583 -0.0891705 -0.321242
0.41022 0.106583 -0.0891705 -0.321242
0.409101 0.112539 -0.0881816 -0.321978
0.40931 0.113896 -0.088212 -0.321966
0.408795 0.11749 -0.0904264 -0.322291
0.407708 0.122806 -0.0894731 -0.323041
0.407465 0.123362 -0.0894731 -0.323041
0.40645 0.129869 -0.0903448 -0.323794
0.40645 0.129869 -0.0903448 -0.323794
0.405656 0.13513 -0.0925861 -0.324188
0.404763 0.140349 -0.0932798 -0.324945
0.404175 0.142025 -0.0919289 -0.325337
0.403398 0.145427 -0.0939232 -0.325431
0.403398 0.145427 -0.0939232 -0.325431
0.401714 0.152225 -0.0948355 -0.326286
0.40022 0.158462 -0.0957871 -0.327167
0.399919 0.158981 -0.0957651 -0.327174
0.398995 0.162322 -0.0962362 -0.327628
0.397354 0.168456 -0.0957614 -0.328938
0.397008 0.169012 -0.0971941 -0.32855
0.395982 0.172332 -0.0976797 -0.329023
0.391715 0.183029 -0.0987483 -0.32996
0.390856 0.188157 -0.0988582 -0.331899
0.387454 0.197354 -0.101711 -0.33305
0.387454 0.197354 -0.101711 -0.33305
0.387454 0.197354 -0.101711 -0.33305
0.377706 0.22005 -0.104837 -0.337847
0.377564 0.220922 -0.104837 -0.337847
0.376354 0.22328 -0.106768 -0.338726
0.375364 0.225301 -0.107255 -0.33932
0.37379 0.228218 -0.106871 -0.340192
0.37379 0.228218 -0.107561 -0.339914
0.372438 0.231012 -0.108688 -0.34109
0.370904 0.23374 -0.108319 -0.341961
0.370904 0.23374 -0.108979 -0.341686
0.369503 0.236375 -0.109467 -0.342269
0.367889 0.239076 -0.109773 -0.343709
0.367796 0.239595 -0.111153 -0.343995
0.366421 0.241718 -0.111651 -0.344557
0.365355 0.243527 -0.112153 -0.345119
0.363631 0.246288 -0.111756 -0.345967
0.363515 0.246875 -0.113161 -0.346224
0.362039 0.249077 -0.113675 -0.346767
0.360238 0.251887 -0.113313 -0.347598
0.360238 0.251887 -0.113313 -0.347598
0.358467 0.254861 -0.115233 -0.348368
0.356588 0.257736 -0.115553 -0.348868
0.355941 0.258862 -0.116291 -0.349413
0.354655 0.260895 -0.116826 -0.349926
0.352457 0.264632 -0.117149 -0.350419
0.35196 0.265036 -0.11791 -0.350957
0.350828 0.26629 -0.118458 -0.351467
0.347107 0.272173 -0.120133 -0.353006
0.347107 0.272173 -0.120133 -0.353006
0.347107 0.272173 -0.120133 -0.353006
0.344254 0.276342 -0.120455 -0.353495
0.344254 0.276342 -0.120455 -0.353495
0.341163 0.279932 -0.122417 -0.355063
0.340585 0.281651 -0.122417 -0.355063
0.339081 0.283668 -0.122998 -0.355595
0.33599 0.287679 -0.124177 -0.356682
0.33599 0.287679 -0.124177 -0.356682
0.333508 0.29123 -0.124 -0.357501
0.332889 0.291627 -0.125377 -0.35781
0.3307 0.29427 -0.125227 -0.358662
0.3307 0.29427 -0.125227 -0.358662
0.326913 0.298436 -0.127865 -0.360205
0.326913 0.298436 -0.127865 -0.360205
0.323835 0.302049 -0.129146 -0.361483
0.323835 0.302049 -0.129146 -0.361483
0.320437 0.306347 -0.130448 -0.362815
0.31985 0.306956 -0.130894 -0.363654
0.3189 0.308027 -0.131109 -0.36353
0.317388 0.309667 -0.131773 -0.364242
0.315294 0.311819 -0.131818 -0.365233
0.314966 0.312505 -0.133128 -0.365764
0.312822 0.314375 -0.133831 -0.366543
0.312822 0.314375 -0.133831 -0.366543
0.309802 0.317355 -0.132684 -0.366951
0.309802 0.317355 -0.132684 -0.366951
0.307519 0.319915 -0.135301 -0.369266
0.302118 0.325149 -0.134444 -0.370762
0.302118 0.325149 -0.134444 -0.370762
0.298323 0.328632 -0.134908 -0.37305
0.298323 0.328632 -0.134908 -0.37305
0.298323 0.328632 -0.134908 -0.37305
0.293362 0.3328 -0.144809 -0.380456
0.293362 0.3328 -0.144809 -0.380456
0.292071 0.333895 -0.145778 -0.381328
0.291868 0.334246 -0.144676 -0.382006
0.289227 0.335986 -0.147862 -0.384863
0.289038 0.336147 -0.147656 -0.384941
0.288468 0.336353 -0.149321 -0.385553
0.287351 0.337408 -0.149419 -0.387102
0.285686 0.338381 -0.150071 -0.388345
0.285686 0.338381 -0.151836 -0.388962
0.284596 0.339291 -0.151806 -0.390691
0.283711 0.339866 -0.152612 -0.391931
0.283035 0.34011 -0.15441 -0.392556
0.282019 0.340948 -0.154234 -0.394437
0.281205 0.34145 -0.155054 -0.395746
0.279648 0.342373 -0.156712 -0.398389
0.279648 0.342373 -0.156712 -0.398389
0.27906 0.342703 -0.157695 -0.399674
0.278415 0.342897 -0.159733 -0.400285
0.277546 0.343554 -0.159239 -0.402527
0.27691 0.343892 -0.16009 -0.403942
0.276274 0.344192 -0.160948 -0.405411
0.273871 0.345373 -0.165283 -0.412754
0.273871 0.345373 -0.165283 -0.412754
0.273547 0.345538 -0.166152 -0.414256
0.272553 0.345786 -0.168765 -0.418866
0.272553 0.345786 -0.168765 -0.418866
0.272926 0.345488 -0.169241 -0.418673
0.272939 0.345486 -0.169241 -0.418673
0.272095 0.345847 -0.170503 -0.42191
0.271842 0.345813 -0.171375 -0.423526
0.271994 0.345496 -0.172859 -0.424871
0.271354 0.345653 -0.172859 -0.424871
0.271181 0.345552 -0.174001 -0.428269
0.271406 0.344911 -0.174142 -0.432684
0.271406 0.344911 -0.174142 -0.432684
0.271406 0.344911 -0.174142 -0.432684
0.272956 0.34315 -0.18029 -0.433611
0.270848 0.344043 -0.180159 -0.439722
0.271602 0.343441 -0.181158 -0.439308
0.271961 0.342765 -0.182953 -0.442563
0.271961 0.342765 -0.182953 -0.442563
0.272402 0.341259 -0.185581 -0.448795
0.272402 0.341259 -0.184864 -0.450834
0.272672 0.3409 -0.185236 -0.452413
0.273003 0.340388 -0.1857 -0.454179
0.273748 0.339236 -0.189933 -0.455867
0.273748 0.339236 -0.189933 -0.455867
0.280004 0.332334 -0.189666 -0.470751
0.280004 0.332334 -0.189666 -0.470751
0.280426 0.331711 -0.188811 -0.472415
0.281709 0.330375 -0.190223 -0.4728
0.281709 0.330375 -0.190223 -0.4728
0.2819 0.329822 -0.19033 -0.474871
0.283039 0.328562 -0.192079 -0.475376
0.283039 0.328562 -0.192079 -0.475376
0.283009 0.327945 -0.192266 -0.477511
0.284087 0.326651 -0.194006 -0.477947
0.283534 0.326782 -0.194006 -0.477947
0.283899 0.326049 -0.194061 -0.480198
0.284972 0.324704 -0.195774 -0.480637
0.28442 0.324742 -0.195114 -0.482079
0.284697 0.324085 -0.195527 -0.482967
0.285786 0.322671 -0.197144 -0.483397
0.285199 0.322692 -0.196248 -0.484856
0.285407 0.322107 -0.197484 -0.484353
0.285776 0.321254 -0.196628 -0.486581
0.286054 0.320493 -0.196563 -0.487328
0.287193 0.318911 -0.197705 -0.487546
0.287193 0.318911 -0.197705 -0.487546
0.28912 0.314706 -0.192776 -0.490927
0.28912 0.314706 -0.192776 -0.490927
0.289571 0.314039 -0.197419 -0.490674
0.290351 0.311857 -0.192734 -0.494142
0.290351 0.311857 -0.192734 -0.494142
0.290787 0.310879 -0.191521 -0.494769
0.291213 0.309878 -0.192053 -0.495565
0.291604 0.308839 -0.191693 -0.496356
0.29237 0.306691 -0.189815 -0.49785
0.29237 0.306691 -0.190751 -0.497916
0.292803 0.305611 -0.190152 -0.49862
0.293354 0.303879 -0.187988 -0.50009
0.293354 0.303879 -0.187988 -0.50009
0.294083 0.302227 -0.188182 -0.500895
0.295339 0.300249 -0.18881 -0.501114
0.295339 0.300249 -0.18881 -0.501114
0.295813 0.297444 -0.184885 -0.503759
0.296629 0.296631 -0.186272 -0.503246
0.296271 0.296217 -0.18396 -0.504427
0.297073 0.295414 -0.185318 -0.503926
0.297333 0.293106 -0.180589 -0.506289
0.297333 0.293106 -0.180585 -0.506291
0.298115 0.291158 -0.180137 -0.506965
0.29967 0.28831 -0.180507 -0.507105
0.300098 0.286985 -0.179308 -0.50756
0.29942 0.287175 -0.176716 -0.508497
0.299874 0.28583 -0.175464 -0.508945
0.303769 0.276075 -0.182401 -0.506457
0.303769 0.276075 -0.182401 -0.506457
0.310039 0.264183 -0.16186 -0.512894
0.310173 0.263847 -0.16186 -0.512894
0.31051 0.263088 -0.162479 -0.512836
0.31121 0.261779 -0.163631 -0.512431
0.310769 0.26193 -0.162964 -0.51262
0.311075 0.260805 -0.163115 -0.512517
0.311188 0.260028 -0.16323 -0.512438
0.311772 0.258613 -0.164264 -0.512055
0.311219 0.258805 -0.163256 -0.512337
0.311494 0.257558 -0.163182 -0.512311
0.311578 0.256661 -0.163017 -0.512308
0.312125 0.255997 -0.162743 -0.512338
0.311548 0.255261 -0.162441 -0.512362
0.311845 0.253687 -0.162031 -0.512418
0.312531 0.251867 -0.162725 -0.512117
0.311811 0.252123 -0.160964 -0.512587
0.31223 0.250254 -0.160337 -0.512689
0.312401 0.249012 -0.159631 -0.51279
0.313167 0.246966 -0.157981 -0.512939
0.313167 0.246966 -0.157981 -0.512939
0.313624 0.24476 -0.15707 -0.512995
0.314175 0.241945 -0.157385 -0.512657
0.313546 0.242181 -0.157385 -0.512657
0.313804 0.240714 -0.154048 -0.513113
0.314026 0.239199 -0.1529 -0.513128
0.31446 0.23552 -0.152145 -0.51283
0.314771 0.234488 -0.149575 -0.513189
0.315108 0.232905 -0.1478 -0.513018
0.315108 0.232905 -0.147791 -0.513022
0.316041 0.230521 -0.147773 -0.512584
0.316351 0.229425 -0.145678 -0.513016
0.315943 0.228033 -0.143663 -0.512728
0.31613 0.226347 -0.142187 -0.512582
0.317186 0.222638 -0.1398 -0.512454
0.317186 0.222638 -0.1398 -0.512454
0.31676 0.221208 -0.137587 -0.512064
0.31705 0.2166 -0.135487 -0.510326
0.31705 0.2166 -0.135487 -0.510326
0.318588 0.209205 -0.126874 -0.510225
0.318593 0.209202 -0.126874 -0.510225
0.318593 0.209202 -0.126874 -0.510225
0.318593 0.209202 -0.126874 -0.510225
0.319749 0.205316 -0.123858 -0.509485
0.31929 0.205535 -0.123213 -0.509242
0.319589 0.202994 -0.122057 -0.508839
0.320053 0.200685 -0.122037 -0.508071
0.320067 0.200678 -0.121091 -0.507681
0.319502 0.198286 -0.118327 -0.507363
0.319475 0.196695 -0.117932 -0.507243
0.319948 0.195925 -0.119155 -0.506956
0.320422 0.19515 -0.1204 -0.506655
0.320787 0.180457 -0.106546 -0.50159
0.320787 0.180457 -0.106546 -0.50159
0.320881 0.178594 -0.103825 -0.500794
0.320973 0.176917 -0.103099 -0.500102
0.32104 0.174993 -0.102487 -0.499567
0.32104 0.174993 -0.101784 -0.499184
0.321006 0.173819 -0.101161 -0.498602
0.320734 0.172269 -0.100673 -0.497768
0.320795 0.171433 -0.0998592 -0.497309
0.320691 0.170222 -0.0992064 -0.496668
0.320897 0.168299 -0.0995533 -0.495753
0.320953 0.167342 -0.0986054 -0.495201
0.320763 0.166062 -0.0979126 -0.49448
0.320008 0.165076 -0.096124 -0.493723
0.319806 0.163705 -0.0952259 -0.492906
0.319997 0.160466 -0.0944046 -0.491225
0.319384 0.160851 -0.0932996 -0.491232
0.319218 0.159383 -0.0923029 -0.490402
0.319411 0.155976 -0.0913204 -0.488591
0.319408 0.155978 -0.0901458 -0.488583
0.318647 0.154807 -0.0890279 -0.487662
0.318443 0.153236 -0.0878504 -0.48666
0.31856 0.149673 -0.0877634 -0.485402
0.318017 0.150036 -0.086502 -0.485375
0.317837 0.148421 -0.084154 -0.483578
0.317385 0.146434 -0.0840041 -0.48228
0.317385 0.146434 -0.0840041 -0.48228
0.31674 0.141439 -0.0801292 -0.478946
0.31674 0.141439 -0.0801292 -0.478946
0.31674 0.141439 -0.0801292 -0.478946
0.317344 0.135889 -0.0784855 -0.475063
0.315625 0.132112 -0.0713799 -0.472033
0.315476 0.130557 -0.0702567 -0.470983
0.315774 0.129832 -0.0713416 -0.470819
0.314847 0.126058 -0.0671112 -0.46753
0.314847 0.126058 -0.0671112 -0.46753
0.314864 0.123905 -0.0671747 -0.466204
0.314273 0.123162 -0.0652048 -0.465186
0.313964 0.121732 -0.0642982 -0.464007
0.313716 0.118476 -0.0633796 -0.461597
0.313221 0.118883 -0.0624825 -0.461487
0.312857 0.117462 -0.0615944 -0.460237
0.312459 0.11604 -0.0606897 -0.458901
0.312033 0.114612 -0.0616905 -0.458767
0.310986 0.11147 -0.0571436 -0.453561
0.310787 0.110326 -0.0571481 -0.453557
0.310787 0.110326 -0.0571481 -0.453557
0.31066 0.10823 -0.0572743 -0.45211
0.310445 0.107083 -0.0554103 -0.450771
0.309542 0.106072 -0.0545272 -0.449294
0.309043 0.104654 -0.0536207 -0.447745
0.306375 0.0960679 -0.0539151 -0.446033
0.306375 0.0960679 -0.0485322 -0.439337
0.306124 0.0942519 -0.0488221 -0.43803
0.305944 0.0897354 -0.0477402 -0.434012
0.305611 0.0892342 -0.047031 -0.433867
0.305009 0.0877624 -0.0457224 -0.43216
0.304461 0.0865865 -0.0463632 -0.430888
0.304254 0.0858173 -0.0453651 -0.429773
0.303833 0.0848525 -0.0451838 -0.428589
0.30312 0.083722 -0.0458003 -0.427241
0.302878 0.0828858 -0.0447215 -0.426004
0.302409 0.0818697 -0.0444468 -0.424705
0.301906 0.080832 -0.0441313 -0.423325
0.301534 0.0791609 -0.0446277 -0.421783
0.301154 0.079572 -0.0446277 -0.421783
0.300361 0.0775709 -0.042986 -0.419006
0.299813 0.0764421 -0.0425468 -0.417464
0.299036 0.0736989 -0.0415818 -0.414247
0.299036 0.0736989 -0.0415818 -0.414247
0.298111 0.0729286 -0.0410732 -0.412665
0.297274 0.070054 -0.0399897 -0.409236
0.297274 0.070054 -0.0399897 -0.409236
0.296279 0.0692709 -0.0394276 -0.407521
0.295408 0.0663449 -0.0383157 -0.404154
0.295052 0.0667731 -0.0383157 -0.404154
0.294429 0.0655186 -0.0383861 -0.40257
0.293463 0.0625917 -0.0366397 -0.398717
0.293129 0.0630074 -0.0366397 -0.398717
0.292496 0.0617496 -0.036087 -0.396916
0.291288 0.0586256 -0.0358479 -0.393106
0.291288 0.0586256 -0.0358479 -0.393106
0.289891 0.0567691 -0.0366979 -0.393024
0.289891 0.0567691 -0.0340022 -0.389694
0.289095 0.0553582 -0.0343597 -0.387982
0.289095 0.0553582 -0.0343597 -0.387982
0.287915 0.0531734 -0.0327443 -0.384287
0.286412 0.0508501 -0.0331396 -0.382244
0.286412 0.0508501 -0.0319619 -0.380297
0.285684 0.0496841 -0.0315689 -0.378365
0.284226 0.0473618 -0.031978 -0.376336
0.284226 0.0473618 -0.0308097 -0.374484
0.283523 0.0462063 -0.0304517 -0.372665
0.283619 0.0456135 -0.0312298 -0.372601
0.282057 0.0439458 -0.0308956 -0.370675
0.279183 0.0387151 -0.0307469 -0.362596
0.278055 0.0374436 -0.0285147 -0.358127
0.277547 0.0364288 -0.0284364 -0.35667
0.277017 0.0354634 -0.028417 -0.355184
0.276493 0.0345375 -0.0284437 -0.353734
0.275928 0.0336555 -0.0285131 -0.35223
0.275928 0.0336555 -0.0285131 -0.35223
0.274679 0.0319797 -0.0292878 -0.350634
0.271728 0.0277743 -0.0293095 -0.341921
0.271728 0.0277743 -0.0293095 -0.341921
0.270798 0.0261265 -0.029889 -0.340526
0.270798 0.0261265 -0.029889 -0.340526
0.270321 0.0253467 -0.0299208 -0.338252
0.269451 0.0235447 -0.0306063 -0.335661
0.269284 0.0238649 -0.0304532 -0.335599
0.268806 0.022625 -0.0313555 -0.334217
0.268806 0.022625 -0.0311344 -0.332924
0.267639 0.0217046 -0.0312578 -0.331463
0.26642 0.0202704 -0.0319899 -0.329856
0.26642 0.0202704 -0.0317744 -0.328449
0.265813 0.0195325 -0.0320099 -0.326941
0.264568 0.01803 -0.03246 -0.323847
0.264568 0.01803 -0.03246 -0.323847
0.263991 0.0167463 -0.033301 -0.322257
0.263991 0.0167463 -0.033301 -0.322257
0.262674 0.0157307 -0.0331205 -0.319132
0.262037 0.0144544 -0.0339678 -0.317426
0.262037 0.0144544 -0.0338125 -0.315923
0.260656 0.0134275 -0.0338059 -0.314174
0.259279 0.0118834 -0.0342726 -0.310815
0.259279 0.0118834 -0.0342726 -0.310815
0.256381 0.00793961 -0.0354444 -0.303661
0.256381 0.00793961 -0.0354444 -0.303661
0.255886 0.00719941 -0.0357457 -0.302435
0.255791 0.00697308 -0.0361384 -0.302266
0.254825 0.0053408 -0.0369391 -0.300904
0.254825 0.0053408 -0.0369391 -0.300904
0.25313 0.00390732 -0.03766 -0.296034
0.25313 0.00390732 -0.03766 -0.296034
0.252579 0.0032693 -0.0380678 -0.294725
0.251429 0.00202115 -0.039049 -0.29328
0.251429 0.00202115 -0.0389024 -0.29199
0.250862 0.00139346 -0.0393099 -0.29064
0.250275 0.000291264 -0.0402829 -0.289171
0.249695 0.000150441 -0.0401309 -0.289087
0.249123 -0.000476926 -0.0405447 -0.286511
0.24796 -0.00171815 -0.0414907 -0.285132
0.24796 -0.00171815 -0.0414907 -0.285132
0.247376 -0.00233633 -0.0417945 -0.282463
0.246185 -0.00355886 -0.0426701 -0.279658
0.246185 -0.00355886 -0.0426701 -0.279658
0.244566 -0.00567575 -0.0441208 -0.275742
0.244566 -0.00567575 -0.0441208 -0.275742
0.244484 -0.0054192 -0.0439583 -0.275647
0.243937 -0.00651332 -0.044915 -0.274303
0.243854 -0.00624206 -0.0447733 -0.27422
0.242832 -0.00722551 -0.0453019 -0.271781
0.24177 -0.00865851 -0.046378 -0.269202
0.24177 -0.00865851 -0.046378 -0.269202
0.240954 -0.00936034 -0.0475786 -0.266398
0.240954 -0.00936034 -0.0475786 -0.266398
0.240954 -0.00936034 -0.0475786 -0.266398
0.235214 -0.0176788 -0.0542111 -0.256004
0.235053 -0.0177001 -0.0542481 -0.255682
0.234878 -0.0181574 -0.0547849 -0.255225
0.234656 -0.0190338 -0.0558194 -0.254599
0.234493 -0.0190006 -0.0558614 -0.254142
0.234292 -0.019408 -0.0564306 -0.25359
0.234033 -0.020251 -0.0574573 -0.252854
0.233868 -0.02038 -0.0575176 -0.25227
0.233589 -0.0206089 -0.0580626 -0.251582
0.233292 -0.0214682 -0.0590696 -0.250751
0.233292 -0.0214682 -0.0590696 -0.250751
0.2328 -0.0218786 -0.0596207 -0.24939
0.232478 -0.0227657 -0.0605547 -0.248501
0.232478 -0.0227657 -0.0605568 -0.248498
0.231946 -0.0232167 -0.0611241 -0.247137
0.231576 -0.0239733 -0.0620381 -0.246231
0.231576 -0.0239733 -0.0620381 -0.246231
0.231038 -0.0245942 -0.0626038 -0.244865
0.230422 -0.025531 -0.0635006 -0.243962
0.230422 -0.025531 -0.0635744 -0.243385
0.230123 -0.0260078 -0.0640535 -0.242676
0.230072 -0.0264551 -0.0645227 -0.242554
0.22925 -0.0274421 -0.065467 -0.242298
0.22925 -0.0274421 -0.065467 -0.242298
0.228868 -0.0288127 -0.0668622 -0.239379
0.228868 -0.0288127 -0.0668661 -0.238948
0.2285 -0.0290338 -0.0668661 -0.238948
0.227749 -0.0302718 -0.0682981 -0.237322
0.227749 -0.0302718 -0.0682981 -0.237322
0.22769 -0.030714 -0.0687561 -0.237192
0.227519 -0.030729 -0.0687559 -0.237193
0.2273 -0.0311871 -0.0692376 -0.236348
0.227093 -0.0316472 -0.069701 -0.235904
0.227032 -0.0320895 -0.0701586 -0.23577
0.226714 -0.0325655 -0.070623 -0.235097
0.22654 -0.0330213 -0.0710833 -0.23473
0.226221 -0.0339239 -0.0720041 -0.234059
0.226221 -0.0339239 -0.0720041 -0.234059
0.226074 -0.0343711 -0.0724644 -0.233753
0.225946 -0.0348243 -0.0729174 -0.233488
0.225727 -0.0357239 -0.0738172 -0.233049
0.225727 -0.0357239 -0.0738172 -0.233049
0.225639 -0.0361745 -0.0742634 -0.23288
0.225515 -0.0370772 -0.0751509 -0.232662
0.225515 -0.0370772 -0.0751516 -0.232661
0.225423 -0.0384094 -0.0765012 -0.232302
0.225423 -0.0384094 -0.076478 -0.232503
0.225423 -0.0384094 -0.076478 -0.232503
0.225408 -0.0388433 -0.0769419 -0.232492
0.225315 -0.0396967 -0.0778444 -0.232309
0.225373 -0.0396235 -0.0778426 -0.232312
0.225355 -0.0399768 -0.0782481 -0.232352
0.225275 -0.0404313 -0.0787042 -0.232292
0.225322 -0.0406275 -0.0790832 -0.232191
0.225322 -0.0406275 -0.0790832 -0.232191
0.224952 -0.0420962 -0.080773 -0.231698
0.224952 -0.0420958 -0.0807669 -0.231764
0.224952 -0.0420958 -0.0807669 -0.231764
0.224839 -0.0422638 -0.0810847 -0.231592
0.225273 -0.0427237 -0.0819539 -0.231277
0.225257 -0.0428119 -0.0822482 -0.231078
0.225257 -0.0428119 -0.0822441 -0.231126
0.225167 -0.0435321 -0.083107 -0.230786
0.225153 -0.0433612 -0.0830103 -0.230736
0.225261 -0.0435467 -0.0833841 -0.230596
0.225265 -0.0437869 -0.083757 -0.230413
0.225137 -0.0446524 -0.0866767 -0.228979
0.225137 -0.0446524 -0.0866767 -0.228979
0.225253 -0.0448761 -0.0908454 -0.229726
0.225043 -0.0461036 -0.0938279 -0.229353
0.225043 -0.0461036 -0.0938279 -0.229353
0.225158 -0.0462337 -0.0969889 -0.229769
0.225128 -0.046718 -0.0989228 -0.229807
0.224882 -0.0481355 -0.101817 -0.229381
0.224882 -0.0481355 -0.101817 -0.229381
0.225013 -0.0482758 -0.104634 -0.229818
0.224724 -0.0498978 -0.107571 -0.225521
0.224724 -0.0498978 -0.107571 -0.225521
0.224855 -0.0500924 -0.109726 -0.221798
0.224854 -0.0511353 -0.111283 -0.22043
0.224598 -0.0537494 -0.114014 -0.217085
0.224598 -0.0537494 -0.114014 -0.217085
0.224765 -0.0599316 -0.118239 -0.211898
0.225184 -0.0611583 -0.118255 -0.210067
0.225184 -0.0611583 -0.118255 -0.210067
0.225139 -0.065075 -0.120643 -0.206425
0.225209 -0.0667374 -0.120643 -0.206425
0.224709 -0.0711496 -0.123112 -0.203838
0.224709 -0.0711496 -0.123112 -0.203838
0.224417 -0.0775802 -0.12538 -0.200309
0.224723 -0.0774613 -0.12538 -0.200309
0.224481 -0.0829153 -0.126301 -0.198346
0.224164 -0.0864336 -0.127459 -0.196146
0.223558 -0.0879423 -0.128612 -0.194533
0.223046 -0.0937638 -0.129712 -0.19346
0.222837 -0.0973653 -0.130867 -0.191366
0.217918 -0.120184 -0.137732 -0.182437
0.218338 -0.120391 -0.137732 -0.182437
0.217814 -0.122267 -0.138921 -0.181273
0.21583 -0.128033 -0.140325 -0.179898
0.215112 -0.132203 -0.141209 -0.178263
0.212782 -0.137882 -0.143826 -0.175716
0.213174 -0.137802 -0.143856 -0.176014
0.208307 -0.151735 -0.148263 -0.170331
0.208307 -0.151735 -0.148263 -0.170331
0.207605 -0.153961 -0.149458 -0.168984
0.206829 -0.155919 -0.150603 -0.167626
0.20524 -0.159918 -0.151867 -0.166628
0.199423 -0.171721 -0.154527 -0.163889
0.199423 -0.171721 -0.154527 -0.163889
0.196208 -0.179879 -0.155535 -0.16309
0.192559 -0.185526 -0.158239 -0.160458
0.191463 -0.187494 -0.158339 -0.161065
0.190126 -0.191559 -0.159255 -0.159596
0.187459 -0.185873 -0.161769 -0.157528
0.187459 -0.185873 -0.161769 -0.157528
0.186188 -0.18407 -0.162969 -0.156191
0.186393 -0.182361 -0.164074 -0.154723
0.183711 -0.181021 -0.165409 -0.154136
0.182498 -0.179589 -0.16665 -0.153377
0.179781 -0.1797 -0.169104 -0.150789
0.17979 -0.179809 -0.168874 -0.150773
0.178934 -0.175516 -0.170214 -0.150503
0.175116 -0.175597 -0.172631 -0.148429
0.175116 -0.175597 -0.172631 -0.148429
0.17551 -0.171743 -0.173785 -0.148303
0.173077 -0.171985 -0.176056 -0.146042
0.173077 -0.171985 -0.176056 -0.146042
0.169816 -0.169441 -0.178331 -0.144711
0.169816 -0.169441 -0.178331 -0.144711
0.170098 -0.166057 -0.179534 -0.144826
0.169062 -0.165004 -0.180693 -0.14434
0.167033 -0.162979 -0.182946 -0.143242
0.167033 -0.162979 -0.182946 -0.143242
0.166039 -0.162006 -0.184041 -0.142642
0.163148 -0.159237 -0.187335 -0.141212
0.163148 -0.159237 -0.187335 -0.141212
0.163148 -0.159237 -0.187335 -0.141212
0.162098 -0.160291 -0.18826 -0.139956
0.161292 -0.157512 -0.189478 -0.140337
0.160385 -0.156685 -0.190545 -0.139975
0.158524 -0.15685 -0.192437 -0.138332
0.158613 -0.155098 -0.19226 -0.138483
0.157747 -0.154337 -0.193633 -0.138814
0.155987 -0.154507 -0.19582 -0.138001
0.155987 -0.154507 -0.19582 -0.138001
0.155167 -0.153771 -0.196243 -0.137024
