-7.46424e-16 0 4.14681e-16 -2.45721e-15 0 1.44378e-17 0 -1.06497e-15 0
0.00267803 0 -0.00238386 2.67803e-05 0 -2.38386e-05 0 3.68367e-05 0
0.00535607 0 -0.00476773 5.35607e-05 0 -4.76773e-05 0 7.36733e-05 0
0.0080341 0 -0.00715159 8.0341e-05 0 -7.15159e-05 0 0.00011051 0
0.0107121 0 -0.00953545 0.000107121 0 -9.53545e-05 0 0.000147347 0
0.0133902 0 -0.0119193 0.000133902 0 -0.000119193 0 0.000184183 0
0.0160682 0 -0.0143032 0.000160682 0 -0.000143032 0 0.00022102 0
0.0187462 0 -0.016687 0.000187462 0 -0.00016687 0 0.000257857 0
0.0214243 0 -0.0190709 0.000214243 0 -0.000190709 0 0.000294693 0
0.0241023 0 -0.0214548 0.000241023 0 -0.000214548 0 0.00033153 0
0.0267803 0 -0.0238386 0.000267803 0 -0.000238386 0 0.000368367 0
0.029317 0 -0.02631 0.000317925 0 -0.000285136 0 0.000443897 0
0.0318421 0 -0.0287886 0.000369956 0 -0.00033376 0 0.000522594 0
0.0343672 0 -0.0312671 0.000421987 0 -0.000382384 0 0.00060129 0
0.0368923 0 -0.0337457 0.000474019 0 -0.000431008 0 0.000679987 0
0.0394173 0 -0.0362242 0.00052605 0 -0.000479632 0 0.000758684 0
0.0419424 0 -0.0387028 0.000578081 0 -0.000528256 0 0.00083738 0
0.0444675 0 -0.0411813 0.000630112 0 -0.000576881 0 0.000916077 0
0.0469926 0 -0.0436599 0.000682143 0 -0.000625505 0 0.000994773 0
0.0495177 0 -0.0461384 0.000734175 0 -0.000674129 0 0.00107347 0
0.0520428 0 -0.048617 0.000786206 0 -0.000722753 0 0.00115217 0
0.0544468 0 -0.05118 0.000858457 0 -0.000793259 0 0.00127073 0
0.0568291 0 -0.0537582 0.000934312 0 -0.000867664 0 0.0013964 0
0.0592115 0 -0.0563363 0.00101017 0 -0.00094207 0 0.00152207 0
0.0615939 0 -0.0589144 0.00108602 0 -0.00101648 0 0.00164774 0
0.0639762 0 -0.0614926 0.00116188 0 -0.00109088 0 0.00177341 0
0.0663586 0 -0.0640707 0.00123773 0 -0.00116529 0 0.00189908 0
0.068741 0 -0.0666488 0.00131359 0 -0.00123969 0 0.00202475 0
0.0711234 0 -0.069227 0.00138944 0 -0.0013141 0 0.00215042 0
0.0735057 0 -0.0718051 0.0014653 0 -0.0013885 0 0.00227609 0
0.0758881 0 -0.0743833 0.00154115 0 -0.00146291 0 0.00240176 0
0.0781664 0 -0.0770422 0.00163438 0 -0.00155805 0 0.00256783 0
0.0804142 0 -0.0797248 0.00173272 0 -0.00165928 0 0.00274576 0
0.0826619 0 -0.0824074 0.00183105 0 -0.00176052 0 0.00292368 0
0.0849097 0 -0.0850901 0.00192938 0 -0.00186175 0 0.00310161 0
0.0871574 0 -0.0877727 0.00202771 0 -0.00196298 0 0.00327953 0
0.0894052 0 -0.0904553 0.00212605 0 -0.00206421 0 0.00345745 0
0.0916529 0 -0.0931379 0.00222438 0 -0.00216544 0 0.00363538 0
0.0939007 0 -0.0958206 0.00232271 0 -0.00226668 0 0.0038133 0
0.0961485 0 -0.0985032 0.00242104 0 -0.00236791 0 0.00399123 0
0.0983962 0 -0.101186 0.00251938 0 -0.00246914 0 0.00416915 0
0.100554 0 -0.103945 0.00263249 0 -0.00258985 0 0.00438738 0
0.102673 0 -0.106737 0.00275201 0 -0.002719 0 0.00462308 0
0.104792 0 -0.109529 0.00287153 0 -0.00284815 0 0.00485879 0
0.106911 0 -0.112321 0.00299106 0 -0.00297731 0 0.00509449 0
0.10903 0 -0.115113 0.00311058 0 -0.00310646 0 0.0053302 0
0.111149 0 -0.117906 0.0032301 0 -0.00323561 0 0.00556591 0
0.113268 0 -0.120698 0.00334962 0 -0.00336476 0 0.00580161 0
0.115387 0 -0.12349 0.00346915 0 -0.00349392 0 0.00603732 0
0.117506 0 -0.126282 0.00358867 0 -0.00362307 0 0.00627302 0
0.119625 0 -0.129074 0.00370819 0 -0.00375222 0 0.00650873 0
0.12165 0 -0.131871 0.00383995 0 -0.00389879 0 0.00678152 0
0.123617 0 -0.134672 0.00397914 0 -0.00405595 0 0.00707687 0
0.125585 0 -0.137472 0.00411834 0 -0.0042131 0 0.00737222 0
0.127552 0 -0.140272 0.00425754 0 -0.00437026 0 0.00766757 0
0.129519 0 -0.143072 0.00439673 0 -0.00452741 0 0.00796291 0
0.131487 0 -0.145873 0.00453593 0 -0.00468457 0 0.00825826 0
0.133454 0 -0.148673 0.00467512 0 -0.00484173 0 0.00855361 0
0.135421 0 -0.151473 0.00481432 0 -0.00499888 0 0.00884896 0
0.137389 0 -0.154273 0.00495352 0 -0.00515604 0 0.0091443 0
0.139356 0 -0.157074 0.00509271 0 -0.00531319 0 0.00943965 0
0.141228 0 -0.159821 0.0052417 0 -0.00548511 0 0.00976655 0
0.143021 0 -0.162523 0.00539883 0 -0.00566929 0 0.0101197 0
0.144814 0 -0.165226 0.00555595 0 -0.00585348 0 0.0104728 0
0.146607 0 -0.167929 0.00571308 0 -0.00603766 0 0.0108259 0
0.1484 0 -0.170632 0.0058702 0 -0.00622184 0 0.011179 0
0.150192 0 -0.173334 0.00602733 0 -0.00640603 0 0.0115321 0
0.151985 0 -0.176037 0.00618445 0 -0.00659021 0 0.0118852 0
0.153778 0 -0.17874 0.00634157 0 -0.00677439 0 0.0122384 0
0.155571 0 -0.181442 0.0064987 0 -0.00695858 0 0.0125915 0
0.157364 0 -0.184145 0.00665582 0 -0.00714276 0 0.0129446 0
0.159077 0 -0.186805 0.00682059 0 -0.00733923 0 0.0133242 0
0.160702 0 -0.189415 0.00699396 0 -0.00754952 0 0.0137337 0
0.162326 0 -0.192026 0.00716732 0 -0.00775981 0 0.0141432 0
0.16395 0 -0.194636 0.00734069 0 -0.0079701 0 0.0145527 0
0.165574 0 -0.197247 0.00751405 0 -0.00818038 0 0.0149622 0
0.167198 0 -0.199858 0.00768742 0 -0.00839067 0 0.0153717 0
0.168822 0 -0.202468 0.00786079 0 -0.00860096 0 0.0157812 0
0.170446 0 -0.205079 0.00803415 0 -0.00881125 0 0.0161907 0
0.17207 0 -0.20769 0.00820752 0 -0.00902154 0 0.0166001 0
0.173694 0 -0.2103 0.00838088 0 -0.00923183 0 0.0170096 0
0.175189 0 -0.212844 0.00855937 0 -0.00945176 0 0.0174384 0
0.176486 0 -0.215285 0.00874571 0 -0.00968646 0 0.0178968 0
0.177784 0 -0.217727 0.00893205 0 -0.00992117 0 0.0183552 0
0.179081 0 -0.220168 0.00911839 0 -0.0101559 0 0.0188136 0
0.180378 0 -0.222609 0.00930473 0 -0.0103906 0 0.019272 0
0.181676 0 -0.225051 0.00949107 0 -0.0106253 0 0.0197304 0
0.182973 0 -0.227492 0.0096774 0 -0.01086 0 0.0201888 0
0.18427 0 -0.229933 0.00986374 0 -0.0110947 0 0.0206472 0
0.185568 0 -0.232374 0.0100501 0 -0.0113294 0 0.0211056 0
0.186865 0 -0.234816 0.0102364 0 -0.0115641 0 0.021564 0
0.188052 0 -0.237198 0.0104258 0 -0.011806 0 0.0220353 0
0.189003 0 -0.239455 0.0106217 0 -0.0120633 0 0.022534 0
0.189955 0 -0.241712 0.0108175 0 -0.0123205 0 0.0230328 0
0.190907 0 -0.243969 0.0110134 0 -0.0125778 0 0.0235316 0
0.191859 0 -0.246226 0.0112092 0 -0.0128351 0 0.0240304 0
0.19281 0 -0.248483 0.0114051 0 -0.0130924 0 0.0245291 0
0.193762 0 -0.250741 0.0116009 0 -0.0133496 0 0.0250279 0
0.194714 0 -0.252998 0.0117968 0 -0.0136069 0 0.0255267 0
0.195665 0 -0.255255 0.0119926 0 -0.0138642 0 0.0260254 0
0.196617 0 -0.257512 0.0121885 0 -0.0141215 0 0.0265242 0
0.197485 0 -0.259722 0.0123858 0 -0.0143838 0 0.0270306 0
0.198096 0 -0.261788 0.0125878 0 -0.0146617 0 0.0275609 0
0.198706 0 -0.263853 0.0127898 0 -0.0149396 0 0.0280911 0
0.199317 0 -0.265919 0.0129917 0 -0.0152175 0 0.0286213 0
0.199927 0 -0.267985 0.0131937 0 -0.0154955 0 0.0291516 0
0.200537 0 -0.27005 0.0133956 0 -0.0157734 0 0.0296818 0
0.201148 0 -0.272116 0.0135976 0 -0.0160513 0 0.030212 0
0.201758 0 -0.274182 0.0137996 0 -0.0163293 0 0.0307423 0
0.202368 0 -0.276247 0.0140015 0 -0.0166072 0 0.0312725 0
0.202979 0 -0.278313 0.0142035 0 -0.0168851 0 0.0318027 0
0.203532 0 -0.280345 0.0144059 0 -0.0171662 0 0.0323366 0
0.203805 0 -0.282209 0.0146106 0 -0.0174628 0 0.0328888 0
0.204078 0 -0.284072 0.0148153 0 -0.0177593 0 0.0334409 0
0.20435 0 -0.285936 0.0150199 0 -0.0180559 0 0.033993 0
0.204623 0 -0.2878 0.0152246 0 -0.0183525 0 0.0345451 0
0.204895 0 -0.289664 0.0154293 0 -0.018649 0 0.0350972 0
0.205168 0 -0.291528 0.015634 0 -0.0189456 0 0.0356494 0
0.205441 0 -0.293392 0.0158387 0 -0.0192422 0 0.0362015 0
0.205713 0 -0.295256 0.0160434 0 -0.0195387 0 0.0367536 0
0.205986 0 -0.29712 0.0162481 0 -0.0198353 0 0.0373057 0
0.206235 0 -0.298957 0.0164528 0 -0.0201333 0 0.0378593 0
0.206248 0 -0.30053 0.0166576 0 -0.0204456 0 0.0384268 0
0.206261 0 -0.302104 0.0168624 0 -0.0207579 0 0.0389943 0
0.206274 0 -0.303678 0.0170672 0 -0.0210702 0 0.0395618 0
0.206287 0 -0.305251 0.017272 0 -0.0213825 0 0.0401294 0
0.2063 0 -0.306825 0.0174768 0 -0.0216948 0 0.0406969 0
0.206313 0 -0.308399 0.0176817 0 -0.0220072 0 0.0412644 0
0.206326 0 -0.309972 0.0178865 0 -0.0223195 0 0.0418319 0
0.206339 0 -0.311546 0.0180913 0 -0.0226318 0 0.0423994 0
0.206352 0 -0.31312 0.0182961 0 -0.0229441 0 0.0429669 0
0.206362 0 -0.314687 0.0185009 0 -0.0232566 0 0.0435346 0
0.206168 0 -0.315914 0.0187038 0 -0.0235811 0 0.0441125 0
0.205974 0 -0.31714 0.0189066 0 -0.0239057 0 0.0446903 0
0.205779 0 -0.318366 0.0191095 0 -0.0242303 0 0.0452681 0
0.205585 0 -0.319592 0.0193124 0 -0.0245548 0 0.045846 0
0.205391 0 -0.320818 0.0195153 0 -0.0248794 0 0.0464238 0
0.205197 0 -0.322044 0.0197181 0 -0.025204 0 0.0470017 0
0.205003 0 -0.32327 0.019921 0 -0.0255285 0 0.0475795 0
0.204809 0 -0.324496 0.0201239 0 -0.0258531 0 0.0481573 0
0.204615 0 -0.325722 0.0203268 0 -0.0261777 0 0.0487352 0
0.20442 0 -0.326948 0.0205296 0 -0.0265022 0 0.049313 0
0.20404 0 -0.327837 0.0207288 0 -0.026835 0 0.0498947 0
0.203648 0 -0.328704 0.0209278 0 -0.0271682 0 0.0504766 0
0.203256 0 -0.329572 0.0211267 0 -0.0275014 0 0.0510586 0
0.202864 0 -0.33044 0.0213257 0 -0.0278347 0 0.0516405 0
0.202472 0 -0.331307 0.0215246 0 -0.0281679 0 0.0522224 0
0.20208 0 -0.332175 0.0217236 0 -0.0285012 0 0.0528044 0
0.201689 0 -0.333043 0.0219225 0 -0.0288344 0 0.0533863 0
0.201297 0 -0.33391 0.0221215 0 -0.0291677 0 0.0539683 0
0.200905 0 -0.334778 0.0223205 0 -0.0295009 0 0.0545502 0
0.200513 0 -0.335646 0.0225194 0 -0.0298341 0 0.0551321 0
0.19996 0 -0.336194 0.0227134 0 -0.0301717 0 0.0557111 0
0.199382 0 -0.336693 0.0229065 0 -0.0305099 0 0.0562896 0
0.198804 0 -0.337191 0.0230997 0 -0.0308482 0 0.0568681 0
0.198227 0 -0.33769 0.0232929 0 -0.0311864 0 0.0574466 0
0.197649 0 -0.338189 0.0234861 0 -0.0315246 0 0.0580251 0
0.197071 0 -0.338687 0.0236793 0 -0.0318628 0 0.0586036 0
0.196493 0 -0.339186 0.0238724 0 -0.0322011 0 0.0591821 0
0.195915 0 -0.339685 0.0240656 0 -0.0325393 0 0.0597606 0
0.195338 0 -0.340184 0.0242588 0 -0.0328775 0 0.0603391 0
0.19476 0 -0.340682 0.024452 0 -0.0332158 0 0.0609176 0
0.194047 0 -0.340883 0.0246392 0 -0.0335549 0 0.0614863 0
0.193299 0 -0.341003 0.0248249 0 -0.0338944 0 0.0620524 0
0.192551 0 -0.341124 0.0250106 0 -0.0342338 0 0.0626185 0
0.191803 0 -0.341245 0.0251963 0 -0.0345733 0 0.0631846 0
0.191055 0 -0.341366 0.025382 0 -0.0349127 0 0.0637507 0
0.190306 0 -0.341487 0.0255677 0 -0.0352521 0 0.0643168 0
0.189558 0 -0.341608 0.0257534 0 -0.0355916 0 0.0648829 0
0.18881 0 -0.341729 0.0259391 0 -0.035931 0 0.065449 0
0.188062 0 -0.34185 0.0261248 0 -0.0362704 0 0.0660151 0
0.187313 0 -0.341971 0.0263105 0 -0.0366099 0 0.0665812 0
0.186458 0 -0.341818 0.0264898 0 -0.0369475 0 0.067131 0
0.185559 0 -0.341556 0.0266665 0 -0.0372843 0 0.0676743 0
0.18466 0 -0.341294 0.0268432 0 -0.0376211 0 0.0682176 0
0.183761 0 -0.341032 0.0270199 0 -0.0379579 0 0.0687609 0
0.182862 0 -0.34077 0.0271966 0 -0.0382947 0 0.0693042 0
0.181963 0 -0.340508 0.0273733 0 -0.0386315 0 0.0698475 0
0.181064 0 -0.340246 0.02755 0 -0.0389684 0 0.0703908 0
0.180166 0 -0.339984 0.0277267 0 -0.0393052 0 0.0709341 0
0.179267 0 -0.339722 0.0279034 0 -0.039642 0 0.0714774 0
0.178368 0 -0.339459 0.0280801 0 -0.0399788 0 0.0720207 0
0.177389 0 -0.338953 0.0282503 0 -0.0403115 0 0.0725419 0
0.176364 0 -0.338308 0.0284167 0 -0.0406419 0 0.0730507 0
0.175339 0 -0.337663 0.0285832 0 -0.0409722 0 0.0735594 0
0.174314 0 -0.337018 0.0287497 0 -0.0413026 0 0.0740682 0
0.17329 0 -0.336373 0.0289161 0 -0.041633 0 0.0745769 0
0.172265 0 -0.335728 0.0290826 0 -0.0419633 0 0.0750857 0
0.17124 0 -0.335083 0.029249 0 -0.0422937 0 0.0755944 0
0.170215 0 -0.334438 0.0294155 0 -0.0426241 0 0.0761032 0
0.16919 0 -0.333793 0.029582 0 -0.0429544 0 0.0766119 0
0.168166 0 -0.333148 0.0297484 0 -0.0432848 0 0.0771207 0
0.167086 0 -0.332291 0.0299086 0 -0.0436094 0 0.0776027 0
0.165965 0 -0.33127 0.0300638 0 -0.0439296 0 0.0780641 0
0.164844 0 -0.330249 0.0302191 0 -0.0442497 0 0.0785254 0
0.163722 0 -0.329228 0.0303743 0 -0.0445699 0 0.0789867 0
0.162601 0 -0.328207 0.0305295 0 -0.0448901 0 0.079448 0
0.161479 0 -0.327186 0.0306848 0 -0.0452102 0 0.0799094 0
0.160358 0 -0.326165 0.03084 0 -0.0455304 0 0.0803707 0
0.159237 0 -0.325145 0.0309953 0 -0.0458505 0 0.080832 0
0.158115 0 -0.324124 0.0311505 0 -0.0461707 0 0.0812934 0
0.156994 0 -0.323103 0.0313058 0 -0.0464909 0 0.0817547 0
0.155841 0 -0.321906 0.0314552 0 -0.0468043 0 0.0821863 0
0.154656 0 -0.320523 0.0315986 0 -0.0471106 0 0.0825866 0
0.153471 0 -0.319141 0.031742 0 -0.0474169 0 0.0829869 0
0.152285 0 -0.317759 0.0318854 0 -0.0477233 0 0.0833872 0
0.1511 0 -0.316377 0.0320288 0 -0.0480296 0 0.0837875 0
0.149914 0 -0.314995 0.0321722 0 -0.048336 0 0.0841878 0
0.148729 0 -0.313612 0.0323156 0 -0.0486423 0 0.084588 0
0.147544 0 -0.31223 0.032459 0 -0.0489486 0 0.0849883 0
0.146358 0 -0.310848 0.0326024 0 -0.049255 0 0.0853886 0
0.145173 0 -0.309466 0.0327458 0 -0.0495613 0 0.0857889 0
0.143975 0 -0.307944 0.0328841 0 -0.0498605 0 0.0861584 0
0.14276 0 -0.306222 0.0330154 0 -0.0501497 0 0.0864837 0
0.141544 0 -0.304501 0.0331466 0 -0.0504388 0 0.0868091 0
0.140329 0 -0.302779 0.0332778 0 -0.0507279 0 0.0871344 0
0.139113 0 -0.301057 0.0334091 0 -0.051017 0 0.0874598 0
0.137898 0 -0.299336 0.0335403 0 -0.0513061 0 0.0877851 0
0.136682 0 -0.297614 0.0336716 0 -0.0515953 0 0.0881105 0
0.135467 0 -0.295892 0.0338028 0 -0.0518844 0 0.0884358 0
0.134251 0 -0.294171 0.033934 0 -0.0521735 0 0.0887612 0
0.133036 0 -0.292449 0.0340653 0 -0.0524626 0 0.0890865 0
0.131821 0 -0.290623 0.0341924 0 -0.0527449 0 0.0893821 0
0.130607 0 -0.288589 0.0343115 0 -0.0530137 0 0.0896188 0
0.129393 0 -0.286555 0.0344306 0 -0.0532825 0 0.0898555 0
0.128179 0 -0.284521 0.0345497 0 -0.0535513 0 0.0900922 0
0.126965 0 -0.282488 0.0346688 0 -0.05382 0 0.0903289 0
0.125751 0 -0.280454 0.0347879 0 -0.0540888 0 0.0905656 0
0.124538 0 -0.27842 0.034907 0 -0.0543576 0 0.0908023 0
0.123324 0 -0.276387 0.0350261 0 -0.0546264 0 0.091039 0
0.12211 0 -0.274353 0.0351452 0 -0.0548952 0 0.0912757 0
0.120896 0 -0.272319 0.0352643 0 -0.0551639 0 0.0915124 0
0.11969 0 -0.270212 0.0353803 0 -0.0554267 0 0.0917227 0
0.118504 0 -0.267896 0.0354876 0 -0.0556723 0 0.0918577 0
0.117318 0 -0.26558 0.0355948 0 -0.0559179 0 0.0919927 0
0.116132 0 -0.263265 0.035702 0 -0.0561636 0 0.0921277 0
0.114946 0 -0.260949 0.0358093 0 -0.0564092 0 0.0922627 0
0.11376 0 -0.258633 0.0359165 0 -0.0566548 0 0.0923977 0
0.112575 0 -0.256317 0.0360237 0 -0.0569004 0 0.0925327 0
0.111389 0 -0.254002 0.036131 0 -0.0571461 0 0.0926677 0
0.110203 0 -0.251686 0.0362382 0 -0.0573917 0 0.0928027 0
0.109017 0 -0.24937 0.0363455 0 -0.0576373 0 0.0929377 0
0.10784 0 -0.247007 0.0364506 0 -0.0578782 0 0.0930517 0
0.1067 0 -0.244439 0.0365464 0 -0.0580981 0 0.093073 0
0.10556 0 -0.24187 0.0366423 0 -0.0583181 0 0.0930942 0
0.10442 0 -0.239302 0.0367381 0 -0.058538 0 0.0931155 0
0.103279 0 -0.236733 0.036834 0 -0.058758 0 0.0931368 0
0.102139 0 -0.234165 0.0369298 0 -0.0589779 0 0.093158 0
0.100999 0 -0.231596 0.0370256 0 -0.0591978 0 0.0931793 0
0.0998592 0 -0.229028 0.0371215 0 -0.0594178 0 0.0932006 0
0.0987192 0 -0.226459 0.0372173 0 -0.0596377 0 0.0932219 0
0.0975791 0 -0.223891 0.0373131 0 -0.0598576 0 0.0932431 0
0.0964447 0 -0.221297 0.0374078 0 -0.0600745 0 0.0932508 0
0.0953571 0 -0.218502 0.0374928 0 -0.0602665 0 0.0931475 0
0.0942695 0 -0.215706 0.0375777 0 -0.0604585 0 0.0930442 0
0.0931819 0 -0.21291 0.0376627 0 -0.0606505 0 0.0929409 0
0.0920942 0 -0.210114 0.0377476 0 -0.0608425 0 0.0928377 0
0.0910066 0 -0.207319 0.0378326 0 -0.0610344 0 0.0927344 0
0.089919 0 -0.204523 0.0379176 0 -0.0612264 0 0.0926311 0
0.0888313 0 -0.201727 0.0380025 0 -0.0614184 0 0.0925278 0
0.0877437 0 -0.198931 0.0380875 0 -0.0616104 0 0.0924245 0
0.0866561 0 -0.196135 0.0381725 0 -0.0618024 0 0.0923212 0
0.08557 0 -0.193333 0.0382571 0 -0.0619933 0 0.0922135 0
0.0845295 0 -0.190329 0.0383316 0 -0.0621553 0 0.0919761 0
0.0834889 0 -0.187325 0.0384062 0 -0.0623172 0 0.0917387 0
0.0824483 0 -0.184321 0.0384807 0 -0.0624792 0 0.0915014 0
0.0814077 0 -0.181317 0.0385553 0 -0.0626411 0 0.091264 0
0.0803672 0 -0.178314 0.0386299 0 -0.0628031 0 0.0910267 0
0.0793266 0 -0.17531 0.0387044 0 -0.062965 0 0.0907893 0
0.078286 0 -0.172306 0.038779 0 -0.0631269 0 0.0905519 0
0.0772454 0 -0.169302 0.0388535 0 -0.0632889 0 0.0903146 0
0.0762049 0 -0.166299 0.0389281 0 -0.0634508 0 0.0900772 0
0.0751643 0 -0.163295 0.0390026 0 -0.0636128 0 0.0898398 0
0.0741522 0 -0.160103 0.0390675 0 -0.0637441 0 0.0894661 0
0.0731413 0 -0.156904 0.039132 0 -0.063874 0 0.0890864 0
0.0721304 0 -0.153704 0.0391964 0 -0.064004 0 0.0887067 0
0.0711195 0 -0.150504 0.0392609 0 -0.0641339 0 0.088327 0
0.0701086 0 -0.147305 0.0393253 0 -0.0642639 0 0.0879473 0
0.0690977 0 -0.144105 0.0393898 0 -0.0643938 0 0.0875676 0
0.0680868 0 -0.140906 0.0394542 0 -0.0645238 0 0.0871879 0
0.0670759 0 -0.137706 0.0395186 0 -0.0646537 0 0.0868082 0
0.066065 0 -0.134506 0.0395831 0 -0.0647836 0 0.0864284 0
0.0650542 0 -0.131307 0.0396475 0 -0.0649136 0 0.0860487 0
0.0640447 0 -0.127939 0.0397031 0 -0.0650136 0 0.0855372 0
0.0630355 0 -0.124549 0.0397574 0 -0.0651097 0 0.085008 0
0.0620262 0 -0.121158 0.0398118 0 -0.0652057 0 0.0844788 0
0.0610169 0 -0.117768 0.0398662 0 -0.0653018 0 0.0839497 0
0.0600077 0 -0.114378 0.0399205 0 -0.0653978 0 0.0834205 0
0.0589984 0 -0.110988 0.0399749 0 -0.0654939 0 0.0828914 0
0.0579892 0 -0.107597 0.0400292 0 -0.0655899 0 0.0823622 0
0.0569799 0 -0.104207 0.0400836 0 -0.0656859 0 0.081833 0
0.0559707 0 -0.100817 0.0401379 0 -0.065782 0 0.0813039 0
0.0549614 0 -0.0974267 0.0401923 0 -0.065878 0 0.0807747 0
0.0539645 0 -0.0937201 0.0402386 0 -0.0659436 0 0.080102 0
0.0529706 0 -0.0899377 0.040283 0 -0.0660018 0 0.0793949 0
0.0519766 0 -0.0861553 0.0403275 0 -0.06606 0 0.0786878 0
0.0509827 0 -0.0823729 0.0403719 0 -0.0661182 0 0.0779807 0
0.0499887 0 -0.0785905 0.0404163 0 -0.0661765 0 0.0772735 0
0.0489948 0 -0.0748081 0.0404607 0 -0.0662347 0 0.0765664 0
0.0480009 0 -0.0710258 0.0405051 0 -0.0662929 0 0.0758593 0
0.0470069 0 -0.0672434 0.0405495 0 -0.0663511 0 0.0751522 0
0.046013 0 -0.063461 0.0405939 0 -0.0664093 0 0.0744451 0
0.045019 0 -0.0596786 0.0406384 0 -0.0664676 0 0.0737379 0
0.0439983 0 -0.0556068 0.0406752 0 -0.0664952 0 0.0728808 0
0.0429677 0 -0.0514286 0.0407094 0 -0.0665117 0 0.0719684 0
0.0419371 0 -0.0472504 0.0407435 0 -0.0665281 0 0.0710561 0
0.0409065 0 -0.0430721 0.0407776 0 -0.0665445 0 0.0701437 0
0.0398759 0 -0.0388939 0.0408117 0 -0.066561 0 0.0692313 0
0.0388453 0 -0.0347157 0.0408458 0 -0.0665774 0 0.068319 0
0.0378147 0 -0.0305374 0.0408799 0 -0.0665939 0 0.0674066 0
0.0367841 0 -0.0263592 0.040914 0 -0.0666103 0 0.0664942 0
0.0357535 0 -0.022181 0.0409481 0 -0.0666267 0 0.0655819 0
0.0347229 0 -0.0180028 0.0409822 0 -0.0666432 0 0.0646695 0
0.0336244 0 -0.0135583 0.0410089 0 -0.0666296 0 0.0636055 0
0.0324904 0 -0.00897395 0.0410317 0 -0.0666002 0 0.0624618 0
0.0313563 0 -0.00438957 0.0410544 0 -0.0665708 0 0.061318 0
0.0302222 0 0.000194798 0.0410772 0 -0.0665414 0 0.0601743 0
0.0290882 0 0.00477917 0.0411 0 -0.066512 0 0.0590305 0
0.0279541 0 0.00936354 0.0411228 0 -0.0664825 0 0.0578868 0
0.02682 0 0.0139479 0.0411455 0 -0.0664531 0 0.056743 0
0.0256859 0 0.0185323 0.0411683 0 -0.0664237 0 0.0555993 0
0.0245519 0 0.0231167 0.0411911 0 -0.0663943 0 0.0544555 0
0.0234178 0 0.027701 0.0412138 0 -0.0663649 0 0.0533118 0
0.0221794 0 0.032527 0.041229 0 -0.0663065 0 0.0520195 0
0.0208653 0 0.0375281 0.0412386 0 -0.0662271 0 0.0506195 0
0.0195513 0 0.0425292 0.0412482 0 -0.0661477 0 0.0492195 0
0.0182372 0 0.0475303 0.0412579 0 -0.0660683 0 0.0478196 0
0.0169232 0 0.0525314 0.0412675 0 -0.0659889 0 0.0464196 0
0.0156091 0 0.0575325 0.0412771 0 -0.0659094 0 0.0450196 0
0.0142951 0 0.0625336 0.0412868 0 -0.06583 0 0.0436197 0
0.012981 0 0.0675347 0.0412964 0 -0.0657506 0 0.0422197 0
0.011667 0 0.0725358 0.041306 0 -0.0656712 0 0.0408197 0
0.0103529 0 0.0775369 0.0413156 0 -0.0655918 0 0.0394197 0
0.00890849 0 0.0827493 0.0413173 0 -0.065485 0 0.0378789 0
0.00733591 0 0.0881693 0.0413112 0 -0.0653514 0 0.0361996 0
0.00576332 0 0.0935893 0.0413051 0 -0.0652178 0 0.0345203 0
0.00419073 0 0.0990094 0.041299 0 -0.0650842 0 0.032841 0
0.00261814 0 0.104429 0.0412929 0 -0.0649506 0 0.0311617 0
0.00104555 0 0.109849 0.0412868 0 -0.064817 0 0.0294824 0
-0.000527044 0 0.115269 0.0412808 0 -0.0646833 0 0.0278031 0
-0.00209963 0 0.12069 0.0412747 0 -0.0645497 0 0.0261238 0
-0.00367222 0 0.12611 0.0412686 0 -0.0644161 0 0.0244444 0
-0.00524481 0 0.13153 0.0412625 0 -0.0642825 0 0.0227651 0
-0.00695849 0 0.137122 0.0412482 0 -0.0641239 0 0.0209573 0
-0.0088603 0 0.142945 0.0412231 0 -0.0639321 0 0.018978 0
-0.0107621 0 0.148768 0.041198 0 -0.0637402 0 0.0169987 0
-0.0126639 0 0.154591 0.0411729 0 -0.0635484 0 0.0150194 0
-0.0145657 0 0.160414 0.0411478 0 -0.0633565 0 0.0130401 0
-0.0164675 0 0.166237 0.0411226 0 -0.0631647 0 0.0110608 0
-0.0183693 0 0.17206 0.0410975 0 -0.0629728 0 0.00908155 0
-0.0202711 0 0.177883 0.0410724 0 -0.062781 0 0.00710226 0
-0.0221729 0 0.183706 0.0410473 0 -0.0625892 0 0.00512297 0
-0.0240747 0 0.189529 0.0410222 0 -0.0623973 0 0.00314369 0
-0.0261111 0 0.195479 0.040989 0 -0.0621836 0 0.00105244 0
-0.0283941 0 0.201663 0.0409411 0 -0.06193 0 -0.00124406 0
-0.0306771 0 0.207846 0.0408931 0 -0.0616763 0 -0.00354057 0
-0.0329601 0 0.214029 0.0408452 0 -0.0614226 0 -0.00583707 0
-0.0352431 0 0.220212 0.0407972 0 -0.0611689 0 -0.00813358 0
-0.0375261 0 0.226395 0.0407493 0 -0.0609152 0 -0.0104301 0
-0.0398091 0 0.232579 0.0407013 0 -0.0606616 0 -0.0127266 0
-0.0420921 0 0.238762 0.0406534 0 -0.0604079 0 -0.0150231 0
-0.0443751 0 0.244945 0.0406054 0 -0.0601542 0 -0.0173196 0
-0.0466581 0 0.251128 0.0405575 0 -0.0599005 0 -0.0196161 0
-0.0490536 0 0.257391 0.0405021 0 -0.0596289 0 -0.0220042 0
-0.0517421 0 0.263861 0.0404273 0 -0.0593105 0 -0.0246309 0
-0.0544305 0 0.270331 0.0403524 0 -0.0589922 0 -0.0272576 0
-0.057119 0 0.276801 0.0402776 0 -0.0586738 0 -0.0298844 0
-0.0598075 0 0.283271 0.0402028 0 -0.0583554 0 -0.0325111 0
-0.062496 0 0.289741 0.0401279 0 -0.058037 0 -0.0351378 0
-0.0651845 0 0.296211 0.0400531 0 -0.0577186 0 -0.0377645 0
-0.0678729 0 0.302681 0.0399783 0 -0.0574003 0 -0.0403913 0
-0.0705614 0 0.309151 0.0399034 0 -0.0570819 0 -0.043018 0
-0.0732499 0 0.315621 0.0398286 0 -0.0567635 0 -0.0456447 0
-0.0760187 0 0.322128 0.0397476 0 -0.0564317 0 -0.0483397 0
-0.0791055 0 0.328785 0.0396419 0 -0.0560468 0 -0.051305 0
-0.0821923 0 0.335441 0.0395362 0 -0.0556618 0 -0.0542702 0
-0.085279 0 0.342097 0.0394305 0 -0.0552769 0 -0.0572354 0
-0.0883658 0 0.348754 0.0393248 0 -0.0548919 0 -0.0602007 0
-0.0914526 0 0.35541 0.0392191 0 -0.054507 0 -0.0631659 0
-0.0945394 0 0.362067 0.0391134 0 -0.0541221 0 -0.0661311 0
-0.0976262 0 0.368723 0.0390077 0 -0.0537371 0 -0.0690964 0
-0.100713 0 0.375379 0.038902 0 -0.0533522 0 -0.0720616 0
-0.1038 0 0.382036 0.0387963 0 -0.0529672 0 -0.0750269 0
-0.106932 0 0.388701 0.0386862 0 -0.0525738 0 -0.0780352 0
-0.110383 0 0.395429 0.038546 0 -0.0521216 0 -0.0813427 0
-0.113833 0 0.402157 0.0384058 0 -0.0516694 0 -0.0846502 0
-0.117284 0 0.408885 0.0382656 0 -0.0512171 0 -0.0879577 0
-0.120734 0 0.415613 0.0381254 0 -0.0507649 0 -0.0912652 0
-0.124185 0 0.422341 0.0379852 0 -0.0503127 0 -0.0945727 0
-0.127636 0 0.429069 0.037845 0 -0.0498605 0 -0.0978802 0
-0.131086 0 0.435796 0.0377048 0 -0.0494083 0 -0.101188 0
-0.134537 0 0.442524 0.0375646 0 -0.048956 0 -0.104495 0
-0.137987 0 0.449252 0.0374244 0 -0.0485038 0 -0.107803 0
-0.141454 0 0.455978 0.0372823 0 -0.0480482 0 -0.111127 0
-0.145217 0 0.462666 0.0371045 0 -0.0475291 0 -0.114777 0
-0.148981 0 0.469353 0.0369266 0 -0.04701 0 -0.118427 0
-0.152745 0 0.476041 0.0367488 0 -0.0464909 0 -0.122077 0
-0.156509 0 0.482729 0.0365709 0 -0.0459718 0 -0.125727 0
-0.160272 0 0.489416 0.0363931 0 -0.0454527 0 -0.129377 0
-0.164036 0 0.496104 0.0362153 0 -0.0449336 0 -0.133026 0
-0.1678 0 0.502792 0.0360374 0 -0.0444145 0 -0.136676 0
-0.171564 0 0.509479 0.0358596 0 -0.0438955 0 -0.140326 0
-0.175328 0 0.516167 0.0356817 0 -0.0433764 0 -0.143976 0
-0.179091 0 0.522855 0.0355039 0 -0.0428573 0 -0.147626 0
-0.18311 0 0.529414 0.0352868 0 -0.0422743 0 -0.151607 0
-0.187135 0 0.53597 0.0350687 0 -0.0416896 0 -0.155597 0
-0.19116 0 0.542525 0.0348506 0 -0.0411049 0 -0.159587 0
-0.195185 0 0.549081 0.0346325 0 -0.0405203 0 -0.163576 0
-0.19921 0 0.555637 0.0344144 0 -0.0399356 0 -0.167566 0
-0.203235 0 0.562192 0.0341964 0 -0.039351 0 -0.171556 0
-0.20726 0 0.568748 0.0339783 0 -0.0387663 0 -0.175546 0
-0.211285 0 0.575304 0.0337602 0 -0.0381817 0 -0.179536 0
-0.215311 0 0.581859 0.0335421 0 -0.037597 0 -0.183526 0
-0.219336 0 0.588415 0.033324 0 -0.0370124 0 -0.187515 0
-0.223558 0 0.594796 0.0330677 0 -0.0363705 0 -0.191808 0
-0.227803 0 0.601158 0.0328072 0 -0.0357222 0 -0.196135 0
-0.232048 0 0.60752 0.0325466 0 -0.035074 0 -0.200461 0
-0.236293 0 0.613881 0.0322861 0 -0.0344257 0 -0.204788 0
-0.240538 0 0.620243 0.0320256 0 -0.0337774 0 -0.209115 0
-0.244783 0 0.626604 0.031765 0 -0.0331292 0 -0.213441 0
-0.249027 0 0.632966 0.0315045 0 -0.0324809 0 -0.217768 0
-0.253272 0 0.639328 0.0312439 0 -0.0318326 0 -0.222095 0
-0.257517 0 0.645689 0.0309834 0 -0.0311843 0 -0.226421 0
-0.261762 0 0.652051 0.0307229 0 -0.0305361 0 -0.230748 0
-0.266166 0 0.658226 0.0304258 0 -0.0298373 0 -0.23535 0
-0.270605 0 0.664361 0.0301208 0 -0.0291277 0 -0.24001 0
-0.275044 0 0.670496 0.0298159 0 -0.028418 0 -0.244671 0
-0.279483 0 0.676631 0.029511 0 -0.0277084 0 -0.249332 0
-0.283921 0 0.682766 0.0292061 0 -0.0269988 0 -0.253992 0
-0.28836 0 0.688901 0.0289011 0 -0.0262892 0 -0.258653 0
-0.292799 0 0.695036 0.0285962 0 -0.0255796 0 -0.263314 0
-0.297237 0 0.701171 0.0282913 0 -0.0248699 0 -0.267974 0
-0.301676 0 0.707306 0.0279863 0 -0.0241603 0 -0.272635 0
-0.306115 0 0.713441 0.0276814 0 -0.0234507 0 -0.277296 0
-0.310689 0 0.719398 0.0273419 0 -0.022697 0 -0.282205 0
-0.315309 0 0.725295 0.0269908 0 -0.0219284 0 -0.287198 0
-0.319929 0 0.731191 0.0266397 0 -0.0211598 0 -0.292191 0
-0.324549 0 0.737088 0.0262886 0 -0.0203912 0 -0.297183 0
-0.329168 0 0.742985 0.0259374 0 -0.0196226 0 -0.302176 0
-0.333788 0 0.748881 0.0255863 0 -0.018854 0 -0.307169 0
-0.338408 0 0.754778 0.0252352 0 -0.0180854 0 -0.312162 0
-0.343028 0 0.760675 0.0248841 0 -0.0173169 0 -0.317155 0
-0.347648 0 0.766571 0.0245329 0 -0.0165483 0 -0.322148 0
-0.352268 0 0.772468 0.0241818 0 -0.0157797 0 -0.327141 0
-0.357004 0 0.778201 0.0237984 0 -0.0149731 0 -0.332357 0
-0.361798 0 0.783854 0.0233994 0 -0.014148 0 -0.337682 0
-0.366591 0 0.789506 0.0230003 0 -0.0133229 0 -0.343007 0
-0.371384 0 0.795159 0.0226013 0 -0.0124977 0 -0.348332 0
-0.376177 0 0.800812 0.0222022 0 -0.0116726 0 -0.353657 0
-0.380971 0 0.806465 0.0218032 0 -0.0108475 0 -0.358982 0
-0.385764 0 0.812117 0.0214041 0 -0.0100224 0 -0.364307 0
-0.390557 0 0.81777 0.021005 0 -0.00919728 0 -0.369632 0
-0.39535 0 0.823423 0.020606 0 -0.00837217 0 -0.374957 0
-0.400144 0 0.829076 0.0202069 0 -0.00754705 0 -0.380282 0
-0.405031 0 0.834572 0.0197783 0 -0.00668978 0 -0.385805 0
-0.409982 0 0.839962 0.0193298 0 -0.00581076 0 -0.391463 0
-0.414933 0 0.845352 0.0188812 0 -0.00493174 0 -0.397121 0
-0.419884 0 0.850742 0.0184326 0 -0.00405273 0 -0.402779 0
-0.424835 0 0.856132 0.017984 0 -0.00317371 0 -0.408437 0
-0.429785 0 0.861522 0.0175355 0 -0.00229469 0 -0.414095 0
-0.434736 0 0.866912 0.0170869 0 -0.00141568 0 -0.419753 0
-0.439687 0 0.872302 0.0166383 0 -0.000536662 0 -0.425411 0
-0.444638 0 0.877692 0.0161898 0 0.000342354 0 -0.431069 0
-0.449589 0 0.883082 0.0157412 0 0.00122137 0 -0.436727 0
-0.454601 0 0.888306 0.0152662 0 0.0021268 0 -0.442559 0
-0.459669 0 0.893376 0.014767 0 0.00305652 0 -0.448551 0
-0.464737 0 0.898446 0.0142677 0 0.00398623 0 -0.454543 0
-0.469805 0 0.903516 0.0137685 0 0.00491595 0 -0.460535 0
-0.474873 0 0.908585 0.0132692 0 0.00584566 0 -0.466528 0
-0.479941 0 0.913655 0.01277 0 0.00677538 0 -0.47252 0
-0.485009 0 0.918725 0.0122708 0 0.0077051 0 -0.478512 0
-0.490077 0 0.923795 0.0117715 0 0.00863481 0 -0.484504 0
-0.495145 0 0.928865 0.0112723 0 0.00956453 0 -0.490496 0
-0.500213 0 0.933935 0.010773 0 0.0104942 0 -0.496488 0
-0.505293 0 0.938802 0.0102511 0 0.0114445 0 -0.502629 0
-0.510387 0 0.943417 0.00970087 0 0.0124204 0 -0.508955 0
-0.515482 0 0.948032 0.00915068 0 0.0133962 0 -0.51528 0
-0.520577 0 0.952647 0.00860048 0 0.0143721 0 -0.521606 0
-0.525672 0 0.957261 0.00805028 0 0.015348 0 -0.527931 0
-0.530767 0 0.961876 0.00750009 0 0.0163238 0 -0.534257 0
-0.535862 0 0.966491 0.00694989 0 0.0172997 0 -0.540582 0
-0.540957 0 0.971106 0.00639969 0 0.0182756 0 -0.546908 0
-0.546052 0 0.97572 0.0058495 0 0.0192514 0 -0.553234 0
-0.551147 0 0.980335 0.0052993 0 0.0202273 0 -0.559559 0
-0.556184 0 0.984669 0.00473084 0 0.0212174 0 -0.566003 0
-0.561125 0 0.988523 0.00413123 0 0.0222318 0 -0.572648 0
-0.566066 0 0.992377 0.00353163 0 0.0232462 0 -0.579293 0
-0.571007 0 0.996232 0.00293202 0 0.0242606 0 -0.585937 0
-0.575948 0 1.00009 0.00233242 0 0.025275 0 -0.592582 0
-0.580888 0 1.00394 0.00173282 0 0.0262894 0 -0.599227 0
-0.585829 0 1.0078 0.00113321 0 0.0273038 0 -0.605872 0
-0.59077 0 1.01165 0.000533607 0 0.0283182 0 -0.612517 0
-0.595711 0 1.0155 -6.59974e-05 0 0.0293326 0 -0.619162 0
-0.600651 0 1.01936 -0.000665602 0 0.0303471 0 -0.625807 0
-0.603626 0 1.01967 -0.00126008 0 0.0313374 0 -0.632348 0
-0.601882 0 1.01149 -0.00184224 0 0.03227 0 -0.638639 0
-0.600137 0 1.00331 -0.00242439 0 0.0332026 0 -0.64493 0
-0.598393 0 0.995127 -0.00300655 0 0.0341352 0 -0.651222 0
-0.596648 0 0.986945 -0.00358871 0 0.0350677 0 -0.657513 0
-0.594904 0 0.978763 -0.00417087 0 0.0360003 0 -0.663804 0
-0.593159 0 0.970581 -0.00475303 0 0.0369329 0 -0.670096 0
-0.591415 0 0.962399 -0.00533519 0 0.0378655 0 -0.676387 0
-0.589671 0 0.954217 -0.00591735 0 0.0387981 0 -0.682678 0
-0.587926 0 0.946035 -0.00649951 0 0.0397307 0 -0.68897 0
-0.586133 0 0.937957 -0.00707738 0 0.0406464 0 -0.695192 0
-0.584166 0 0.930254 -0.00763987 0 0.041502 0 -0.701168 0
-0.582199 0 0.922551 -0.00820236 0 0.0423575 0 -0.707143 0
-0.580232 0 0.914848 -0.00876485 0 0.0432131 0 -0.713119 0
-0.578265 0 0.907144 -0.00932734 0 0.0440687 0 -0.719094 0
-0.576298 0 0.899441 -0.00988983 0 0.0449242 0 -0.72507 0
-0.574332 0 0.891738 -0.0104523 0 0.0457798 0 -0.731046 0
-0.572365 0 0.884034 -0.0110148 0 0.0466353 0 -0.737021 0
-0.570398 0 0.876331 -0.0115773 0 0.0474909 0 -0.742997 0
-0.568431 0 0.868628 -0.0121398 0 0.0483464 0 -0.748972 0
-0.566448 0 0.860983 -0.0126993 0 0.0491916 0 -0.754908 0
-0.564371 0 0.853684 -0.013241 0 0.0499741 0 -0.760601 0
-0.562293 0 0.846386 -0.0137827 0 0.0507567 0 -0.766295 0
-0.560216 0 0.839087 -0.0143245 0 0.0515393 0 -0.771989 0
-0.558138 0 0.831789 -0.0148662 0 0.0523218 0 -0.777683 0
-0.55606 0 0.82449 -0.0154079 0 0.0531044 0 -0.783377 0
-0.553983 0 0.817192 -0.0159496 0 0.053887 0 -0.78907 0
-0.551905 0 0.809894 -0.0164913 0 0.0546696 0 -0.794764 0
-0.549828 0 0.802595 -0.017033 0 0.0554521 0 -0.800458 0
-0.54775 0 0.795297 -0.0175748 0 0.0562347 0 -0.806152 0
-0.54567 0 0.788021 -0.0181151 0 0.0570126 0 -0.811829 0
-0.543557 0 0.781052 -0.0186356 0 0.0577255 0 -0.817271 0
-0.541444 0 0.774084 -0.0191562 0 0.0584384 0 -0.822713 0
-0.53933 0 0.767115 -0.0196768 0 0.0591512 0 -0.828155 0
-0.537217 0 0.760147 -0.0201974 0 0.0598641 0 -0.833597 0
-0.535103 0 0.753178 -0.020718 0 0.060577 0 -0.839039 0
-0.53299 0 0.74621 -0.0212385 0 0.0612899 0 -0.844482 0
-0.530876 0 0.739242 -0.0217591 0 0.0620028 0 -0.849924 0
-0.528763 0 0.732273 -0.0222797 0 0.0627157 0 -0.855366 0
-0.526649 0 0.725305 -0.0228003 0 0.0634286 0 -0.860808 0
-0.524536 0 0.718336 -0.0233209 0 0.0641414 0 -0.86625 0
-0.522217 0 0.712017 -0.0238184 0 0.0647917 0 -0.871446 0
-0.519896 0 0.705703 -0.0243158 0 0.0654415 0 -0.876639 0
-0.517576 0 0.699389 -0.0248132 0 0.0660912 0 -0.881832 0
-0.515255 0 0.693076 -0.0253106 0 0.066741 0 -0.887025 0
-0.512934 0 0.686762 -0.0258079 0 0.0673907 0 -0.892218 0
-0.510614 0 0.680448 -0.0263053 0 0.0680405 0 -0.897411 0
-0.508293 0 0.674134 -0.0268027 0 0.0686902 0 -0.902604 0
-0.505973 0 0.66782 -0.0273001 0 0.06934 0 -0.907798 0
-0.503652 0 0.661507 -0.0277974 0 0.0699897 0 -0.912991 0
-0.501331 0 0.655193 -0.0282948 0 0.0706395 0 -0.918184 0
-0.498683 0 0.64975 -0.0287676 0 0.0712401 0 -0.923135 0
-0.496006 0 0.644388 -0.0292382 0 0.0718362 0 -0.928064 0
-0.493328 0 0.639025 -0.0297088 0 0.0724323 0 -0.932993 0
-0.49065 0 0.633663 -0.0301794 0 0.0730285 0 -0.937923 0
-0.487972 0 0.6283 -0.03065 0 0.0736246 0 -0.942852 0
-0.485294 0 0.622937 -0.0311206 0 0.0742207 0 -0.947781 0
-0.482616 0 0.617575 -0.0315912 0 0.0748168 0 -0.95271 0
-0.479938 0 0.612212 -0.0320618 0 0.0754129 0 -0.957639 0
-0.47726 0 0.60685 -0.0325324 0 0.0760091 0 -0.962569 0
-0.474582 0 0.601487 -0.033003 0 0.0766052 0 -0.967498 0
-0.471604 0 0.596948 -0.0334481 0 0.0771645 0 -0.972194 0
-0.468569 0 0.592566 -0.0338883 0 0.0777168 0 -0.976847 0
-0.465533 0 0.588183 -0.0343286 0 0.0782691 0 -0.981499 0
-0.462498 0 0.583801 -0.0347688 0 0.0788214 0 -0.986151 0
-0.459462 0 0.579419 -0.0352091 0 0.0793737 0 -0.990804 0
-0.456427 0 0.575036 -0.0356493 0 0.079926 0 -0.995456 0
-0.453391 0 0.570654 -0.0360895 0 0.0804783 0 -1.00011 0
-0.450356 0 0.566272 -0.0365298 0 0.0810306 0 -1.00476 0
-0.44732 0 0.561889 -0.03697 0 0.0815829 0 -1.00941 0
-0.444285 0 0.557507 -0.0374103 0 0.0821352 0 -1.01407 0
-0.440976 0 0.55389 -0.0378246 0 0.0826616 0 -1.0185 0
-0.437584 0 0.55051 -0.0382309 0 0.0831801 0 -1.02286 0
-0.434191 0 0.547129 -0.0386372 0 0.0836986 0 -1.02723 0
-0.430799 0 0.543748 -0.0390435 0 0.0842171 0 -1.0316 0
-0.427406 0 0.540367 -0.0394498 0 0.0847356 0 -1.03596 0
-0.424014 0 0.536986 -0.0398561 0 0.0852541 0 -1.04033 0
-0.420621 0 0.533606 -0.0402625 0 0.0857726 0 -1.04469 0
-0.417229 0 0.530225 -0.0406688 0 0.086291 0 -1.04906 0
-0.413836 0 0.526844 -0.0410751 0 0.0868095 0 -1.05342 0
-0.410444 0 0.523463 -0.0414814 0 0.087328 0 -1.05779 0
-0.406809 0 0.520778 -0.0418619 0 0.0878302 0 -1.06195 0
-0.403065 0 0.518405 -0.0422308 0 0.0883249 0 -1.06602 0
-0.399321 0 0.516033 -0.0425997 0 0.0888197 0 -1.0701 0
-0.395577 0 0.513661 -0.0429685 0 0.0893145 0 -1.07417 0
-0.391833 0 0.511289 -0.0433374 0 0.0898093 0 -1.07824 0
-0.388089 0 0.508917 -0.0437063 0 0.090304 0 -1.08231 0
-0.384345 0 0.506545 -0.0440752 0 0.0907988 0 -1.08639 0
-0.380601 0 0.504172 -0.0444441 0 0.0912936 0 -1.09046 0
-0.376857 0 0.5018 -0.0448129 0 0.0917883 0 -1.09453 0
-0.373113 0 0.499428 -0.0451818 0 0.0922831 0 -1.0986 0
-0.369161 0 0.497667 -0.0455256 0 0.0927694 0 -1.10249 0
-0.365077 0 0.496292 -0.0458537 0 0.0932504 0 -1.10627 0
-0.360994 0 0.494917 -0.0461817 0 0.0937315 0 -1.11005 0
-0.356911 0 0.493541 -0.0465098 0 0.0942125 0 -1.11382 0
-0.352828 0 0.492166 -0.0468378 0 0.0946935 0 -1.1176 0
-0.348745 0 0.490791 -0.0471659 0 0.0951745 0 -1.12137 0
-0.344662 0 0.489415 -0.0474939 0 0.0956555 0 -1.12515 0
-0.340579 0 0.48804 -0.0478219 0 0.0961365 0 -1.12893 0
-0.336495 0 0.486664 -0.04815 0 0.0966176 0 -1.1327 0
-0.332412 0 0.485289 -0.048478 0 0.0970986 0 -1.13648 0
-0.328157 0 0.484432 -0.0487824 0 0.0975774 0 -1.1401 0
-0.323755 0 0.484021 -0.0490664 0 0.0980543 0 -1.14358 0
-0.319353 0 0.48361 -0.0493504 0 0.0985312 0 -1.14706 0
-0.31495 0 0.483199 -0.0496345 0 0.0990081 0 -1.15054 0
-0.310548 0 0.482788 -0.0499185 0 0.099485 0 -1.15402 0
-0.306145 0 0.482377 -0.0502025 0 0.0999619 0 -1.1575 0
-0.301743 0 0.481966 -0.0504865 0 0.100439 0 -1.16098 0
-0.29734 0 0.481555 -0.0507705 0 0.100916 0 -1.16446 0
-0.292938 0 0.481144 -0.0510546 0 0.101393 0 -1.16795 0
-0.288536 0 0.480733 -0.0513386 0 0.10187 0 -1.17143 0
-0.283998 0 0.480744 -0.0516009 0 0.102349 0 -1.17477 0
-0.279302 0 0.481246 -0.051838 0 0.102831 0 -1.17797 0
-0.274607 0 0.481747 -0.052075 0 0.103313 0 -1.18116 0
-0.269911 0 0.482249 -0.0523121 0 0.103795 0 -1.18435 0
-0.265216 0 0.482751 -0.0525492 0 0.104276 0 -1.18754 0
-0.26052 0 0.483252 -0.0527862 0 0.104758 0 -1.19073 0
-0.255825 0 0.483754 -0.0530233 0 0.10524 0 -1.19392 0
-0.251129 0 0.484255 -0.0532603 0 0.105722 0 -1.19712 0
-0.246434 0 0.484757 -0.0534974 0 0.106204 0 -1.20031 0
-0.241739 0 0.485259 -0.0537345 0 0.106686 0 -1.2035 0
-0.236942 0 0.48608 -0.0539524 0 0.107173 0 -1.20658 0
-0.231986 0 0.487409 -0.0541399 0 0.107668 0 -1.20949 0
-0.22703 0 0.488738 -0.0543274 0 0.108164 0 -1.2124 0
-0.222074 0 0.490067 -0.0545149 0 0.108659 0 -1.21531 0
-0.217118 0 0.491396 -0.0547024 0 0.109154 0 -1.21822 0
-0.212162 0 0.492725 -0.0548899 0 0.109649 0 -1.22113 0
-0.207206 0 0.494054 -0.0550774 0 0.110144 0 -1.22404 0
-0.20225 0 0.495383 -0.0552649 0 0.11064 0 -1.22694 0
-0.197294 0 0.496712 -0.0554524 0 0.111135 0 -1.22985 0
-0.192338 0 0.498041 -0.0556399 0 0.11163 0 -1.23276 0
-0.18731 0 0.499604 -0.0558113 0 0.112132 0 -1.23559 0
-0.182124 0 0.501685 -0.055947 0 0.112648 0 -1.23822 0
-0.176938 0 0.503766 -0.0560826 0 0.113164 0 -1.24086 0
-0.171752 0 0.505847 -0.0562182 0 0.11368 0 -1.24349 0
-0.166566 0 0.507928 -0.0563539 0 0.114196 0 -1.24613 0
-0.16138 0 0.510009 -0.0564895 0 0.114712 0 -1.24876 0
-0.156194 0 0.51209 -0.0566252 0 0.115228 0 -1.2514 0
-0.151008 0 0.514171 -0.0567608 0 0.115744 0 -1.25403 0
-0.145822 0 0.516252 -0.0568965 0 0.11626 0 -1.25667 0
-0.140637 0 0.518333 -0.0570321 0 0.116776 0 -1.2593 0
-0.135404 0 0.520572 -0.0571551 0 0.117298 0 -1.26188 0
-0.130018 0 0.523326 -0.0572369 0 0.117842 0 -1.26425 0
-0.124632 0 0.526079 -0.0573187 0 0.118385 0 -1.26662 0
-0.119247 0 0.528833 -0.0574004 0 0.118929 0 -1.269 0
-0.113861 0 0.531586 -0.0574822 0 0.119473 0 -1.27137 0
-0.108475 0 0.53434 -0.057564 0 0.120016 0 -1.27374 0
-0.103089 0 0.537094 -0.0576458 0 0.12056 0 -1.27611 0
-0.0977037 0 0.539847 -0.0577276 0 0.121103 0 -1.27849 0
-0.092318 0 0.542601 -0.0578094 0 0.121647 0 -1.28086 0
-0.0869323 0 0.545354 -0.0578912 0 0.12219 0 -1.28323 0
-0.0815191 0 0.548203 -0.0579641 0 0.122739 0 -1.28557 0
-0.0759609 0 0.551552 -0.0579903 0 0.123316 0 -1.28769 0
-0.0704027 0 0.5549 -0.0580165 0 0.123893 0 -1.28981 0
-0.0648445 0 0.558249 -0.0580427 0 0.12447 0 -1.29193 0
-0.0592864 0 0.561597 -0.0580689 0 0.125047 0 -1.29406 0
-0.0537282 0 0.564946 -0.0580951 0 0.125625 0 -1.29618 0
-0.04817 0 0.568295 -0.0581213 0 0.126202 0 -1.2983 0
-0.0426118 0 0.571643 -0.0581475 0 0.126779 0 -1.30042 0
-0.0370537 0 0.574992 -0.0581737 0 0.127356 0 -1.30255 0
-0.0314955 0 0.578341 -0.0581999 0 0.127933 0 -1.30467 0
-0.0259247 0 0.581733 -0.0582214 0 0.128513 0 -1.30677 0
-0.0202168 0 0.585607 -0.0581905 0 0.129129 0 -1.30865 0
-0.0145088 0 0.589481 -0.0581596 0 0.129745 0 -1.31054 0
-0.00880085 0 0.593354 -0.0581287 0 0.13036 0 -1.31242 0
-0.00309289 0 0.597228 -0.0580979 0 0.130976 0 -1.3143 0
0.00261507 0 0.601101 -0.058067 0 0.131592 0 -1.31619 0
0.00832302 0 0.604975 -0.0580361 0 0.132208 0 -1.31807 0
0.014031 0 0.608848 -0.0580052 0 0.132823 0 -1.31996 0
0.0197389 0 0.612722 -0.0579744 0 0.133439 0 -1.32184 0
0.0254469 0 0.616596 -0.0579435 0 0.134055 0 -1.32372 0
0.031156 0 0.620473 -0.0579121 0 0.134671 0 -1.3256 0
0.0369966 0 0.624813 -0.0578228 0 0.13533 0 -1.32726 0
0.0428373 0 0.629153 -0.0577336 0 0.13599 0 -1.32891 0
0.0486779 0 0.633492 -0.0576443 0 0.136649 0 -1.33057 0
0.0545186 0 0.637832 -0.057555 0 0.137308 0 -1.33223 0
0.0603592 0 0.642172 -0.0574657 0 0.137967 0 -1.33388 0
0.0661999 0 0.646512 -0.0573764 0 0.138626 0 -1.33554 0
0.0720405 0 0.650852 -0.0572872 0 0.139285 0 -1.33719 0
0.0778812 0 0.655191 -0.0571979 0 0.139945 0 -1.33885 0
0.0837218 0 0.659531 -0.0571086 0 0.140604 0 -1.3405 0
0.0895625 0 0.663871 -0.0570193 0 0.141263 0 -1.34216 0
0.0955069 0 0.668603 -0.0568745 0 0.141967 0 -1.3436 0
0.101459 0 0.673364 -0.0567257 0 0.142673 0 -1.34504 0
0.107411 0 0.678125 -0.0565769 0 0.14338 0 -1.34647 0
0.113363 0 0.682886 -0.0564281 0 0.144087 0 -1.3479 0
0.119315 0 0.687646 -0.0562793 0 0.144794 0 -1.34934 0
0.125266 0 0.692407 -0.0561305 0 0.1455 0 -1.35077 0
0.131218 0 0.697168 -0.0559817 0 0.146207 0 -1.3522 0
0.13717 0 0.701928 -0.0558329 0 0.146914 0 -1.35363 0
0.143122 0 0.706689 -0.0556841 0 0.147621 0 -1.35507 0
0.149074 0 0.71145 -0.0555353 0 0.148328 0 -1.3565 0
0.154967 0 0.716548 -0.0553361 0 0.149079 0 -1.3577 0
0.16085 0 0.721702 -0.0551285 0 0.149837 0 -1.35887 0
0.166732 0 0.726856 -0.0549209 0 0.150595 0 -1.36004 0
0.172615 0 0.73201 -0.0547132 0 0.151354 0 -1.3612 0
0.178498 0 0.737164 -0.0545056 0 0.152112 0 -1.36237 0
0.184381 0 0.742318 -0.054298 0 0.15287 0 -1.36354 0
0.190263 0 0.747472 -0.0540904 0 0.153628 0 -1.3647 0
0.196146 0 0.752626 -0.0538827 0 0.154387 0 -1.36587 0
0.202029 0 0.75778 -0.0536751 0 0.155145 0 -1.36704 0
0.207912 0 0.762934 -0.0534675 0 0.155903 0 -1.3682 0
0.213754 0 0.768395 -0.0532143 0 0.156705 0 -1.36913 0
0.219585 0 0.773943 -0.0529483 0 0.157519 0 -1.36998 0
0.225415 0 0.779491 -0.0526824 0 0.158333 0 -1.37084 0
0.231246 0 0.785038 -0.0524165 0 0.159147 0 -1.37169 0
0.237077 0 0.790586 -0.0521505 0 0.15996 0 -1.37255 0
0.242908 0 0.796134 -0.0518846 0 0.160774 0 -1.37341 0
0.248739 0 0.801681 -0.0516187 0 0.161588 0 -1.37426 0
0.254569 0 0.807229 -0.0513527 0 0.162402 0 -1.37512 0
0.2604 0 0.812777 -0.0510868 0 0.163216 0 -1.37597 0
0.266231 0 0.818324 -0.0508209 0 0.164029 0 -1.37683 0
0.272035 0 0.824147 -0.050514 0 0.164885 0 -1.37743 0
0.277827 0 0.830085 -0.0501902 0 0.165758 0 -1.37793 0
0.28362 0 0.836022 -0.0498663 0 0.166631 0 -1.37843 0
0.289412 0 0.84196 -0.0495425 0 0.167505 0 -1.37893 0
0.295205 0 0.847898 -0.0492186 0 0.168378 0 -1.37943 0
0.300998 0 0.853835 -0.0488947 0 0.169251 0 -1.37993 0
0.30679 0 0.859773 -0.0485709 0 0.170124 0 -1.38042 0
0.312583 0 0.86571 -0.048247 0 0.170997 0 -1.38092 0
0.318375 0 0.871648 -0.0479232 0 0.17187 0 -1.38142 0
0.324168 0 0.877586 -0.0475993 0 0.172744 0 -1.38192 0
0.329942 0 0.883764 -0.0472391 0 0.173657 0 -1.38216 0
0.335706 0 0.890084 -0.0468576 0 0.174593 0 -1.38226 0
0.34147 0 0.896404 -0.0464761 0 0.175529 0 -1.38235 0
0.347234 0 0.902723 -0.0460946 0 0.176466 0 -1.38244 0
0.352998 0 0.909043 -0.0457131 0 0.177402 0 -1.38254 0
0.358762 0 0.915363 -0.0453316 0 0.178339 0 -1.38263 0
0.364526 0 0.921683 -0.0449501 0 0.179275 0 -1.38272 0
0.37029 0 0.928002 -0.0445686 0 0.180211 0 -1.38282 0
0.376054 0 0.934322 -0.0441871 0 0.181148 0 -1.38291 0
0.381818 0 0.940642 -0.0438056 0 0.182084 0 -1.383 0
0.387568 0 0.947166 -0.0433923 0 0.183058 0 -1.38284 0
0.393308 0 0.953855 -0.0429534 0 0.184061 0 -1.38248 0
0.399047 0 0.960545 -0.0425145 0 0.185064 0 -1.38212 0
0.404787 0 0.967234 -0.0420756 0 0.186067 0 -1.38175 0
0.410527 0 0.973923 -0.0416367 0 0.187071 0 -1.38139 0
0.416266 0 0.980612 -0.0411978 0 0.188074 0 -1.38103 0
0.422006 0 0.987301 -0.0407589 0 0.189077 0 -1.38066 0
0.427746 0 0.99399 -0.04032 0 0.19008 0 -1.3803 0
0.433485 0 1.00068 -0.0398811 0 0.191084 0 -1.37994 0
0.439225 0 1.00737 -0.0394422 0 0.192087 0 -1.37957 0
0.444952 0 1.01422 -0.038976 0 0.193124 0 -1.37896 0
0.450664 0 1.02126 -0.0384799 0 0.194198 0 -1.37809 0
0.456377 0 1.0283 -0.0379839 0 0.195271 0 -1.37721 0
0.462089 0 1.03534 -0.0374879 0 0.196345 0 -1.37634 0
0.467802 0 1.04238 -0.0369919 0 0.197418 0 -1.37546 0
0.473514 0 1.04942 -0.0364959 0 0.198492 0 -1.37459 0
0.479227 0 1.05645 -0.0359998 0 0.199566 0 -1.37371 0
0.484939 0 1.06349 -0.0355038 0 0.200639 0 -1.37284 0
0.490652 0 1.07053 -0.0350078 0 0.201713 0 -1.37196 0
0.496364 0 1.07757 -0.0345118 0 0.202787 0 -1.37109 0
0.50206 0 1.08473 -0.0339929 0 0.20389 0 -1.36998 0
0.507732 0 1.09209 -0.0334401 0 0.205037 0 -1.36854 0
0.513404 0 1.09944 -0.0328874 0 0.206184 0 -1.36709 0
0.519076 0 1.1068 -0.0323347 0 0.207332 0 -1.36564 0
0.524748 0 1.11415 -0.0317819 0 0.208479 0 -1.36419 0
0.530419 0 1.12151 -0.0312292 0 0.209626 0 -1.36275 0
0.536091 0 1.12886 -0.0306764 0 0.210773 0 -1.3613 0
0.541763 0 1.13622 -0.0301237 0 0.21192 0 -1.35985 0
0.547435 0 1.14357 -0.029571 0 0.213068 0 -1.3584 0
0.553106 0 1.15092 -0.0290182 0 0.214215 0 -1.35695 0
0.558755 0 1.15836 -0.0284471 0 0.215387 0 -1.3553 0
0.564356 0 1.16598 -0.0278384 0 0.21661 0 -1.35321 0
0.569957 0 1.1736 -0.0272296 0 0.217834 0 -1.35112 0
0.575559 0 1.18121 -0.0266209 0 0.219057 0 -1.34903 0
0.58116 0 1.18883 -0.0260121 0 0.22028 0 -1.34695 0
0.586761 0 1.19644 -0.0254034 0 0.221504 0 -1.34486 0
0.592362 0 1.20406 -0.0247946 0 0.222727 0 -1.34277 0
0.597964 0 1.21167 -0.0241859 0 0.22395 0 -1.34068 0
0.603565 0 1.21929 -0.0235771 0 0.225174 0 -1.33859 0
0.609166 0 1.2269 -0.0229684 0 0.226397 0 -1.33651 0
0.614736 0 1.23456 -0.0223458 0 0.22764 0 -1.33424 0
0.620212 0 1.24234 -0.0216823 0 0.228941 0 -1.33143 0
0.625688 0 1.25012 -0.0210188 0 0.230242 0 -1.32863 0
0.631164 0 1.2579 -0.0203553 0 0.231543 0 -1.32583 0
0.63664 0 1.26568 -0.0196918 0 0.232845 0 -1.32302 0
0.642116 0 1.27346 -0.0190283 0 0.234146 0 -1.32022 0
0.647591 0 1.28125 -0.0183647 0 0.235447 0 -1.31741 0
0.653067 0 1.28903 -0.0177012 0 0.236748 0 -1.31461 0
0.658543 0 1.29681 -0.0170377 0 0.238049 0 -1.3118 0
0.664019 0 1.30459 -0.0163742 0 0.23935 0 -1.309 0
0.669457 0 1.31237 -0.0157014 0 0.240665 0 -1.30605 0
0.674713 0 1.32015 -0.0149854 0 0.242044 0 -1.30245 0
0.67997 0 1.32793 -0.0142693 0 0.243423 0 -1.29884 0
0.685227 0 1.33571 -0.0135532 0 0.244802 0 -1.29524 0
0.690483 0 1.34349 -0.0128371 0 0.246181 0 -1.29163 0
0.69574 0 1.35126 -0.012121 0 0.24756 0 -1.28802 0
0.700996 0 1.35904 -0.011405 0 0.248939 0 -1.28442 0
0.706253 0 1.36682 -0.0106889 0 0.250318 0 -1.28081 0
0.71151 0 1.3746 -0.00997281 0 0.251697 0 -1.2772 0
0.716766 0 1.38238 -0.00925673 0 0.253076 0 -1.2736 0
0.721985 0 1.39013 -0.00853574 0 0.254462 0 -1.2699 0
0.726865 0 1.39761 -0.00777086 0 0.255916 0 -1.2654 0
0.731745 0 1.4051 -0.00700598 0 0.25737 0 -1.26089 0
0.736626 0 1.41258 -0.0062411 0 0.258824 0 -1.25639 0
0.741506 0 1.42007 -0.00547622 0 0.260277 0 -1.25188 0
0.746386 0 1.42755 -0.00471134 0 0.261731 0 -1.24738 0
0.751266 0 1.43503 -0.00394646 0 0.263185 0 -1.24288 0
0.756147 0 1.44252 -0.00318158 0 0.264639 0 -1.23837 0
0.761027 0 1.45 -0.0024167 0 0.266093 0 -1.23387 0
0.765907 0 1.45749 -0.00165182 0 0.267546 0 -1.22937 0
0.770641 0 1.46449 -0.000887171 0 0.268997 0 -1.22486 0
0.769731 0 1.45301 -0.000131391 0 0.270336 0 -1.22041 0
0.768821 0 1.44152 0.00062439 0 0.271675 0 -1.21596 0
0.767912 0 1.43004 0.00138017 0 0.273014 0 -1.2115 0
0.767002 0 1.41855 0.00213595 0 0.274353 0 -1.20705 0
0.766092 0 1.40707 0.00289173 0 0.275692 0 -1.2026 0
0.765182 0 1.39558 0.00364751 0 0.277031 0 -1.19814 0
0.764272 0 1.3841 0.00440329 0 0.27837 0 -1.19369 0
0.763362 0 1.37261 0.00515907 0 0.279709 0 -1.18924 0
0.762452 0 1.36113 0.00591485 0 0.281048 0 -1.18478 0
0.761542 0 1.34964 0.00667063 0 0.282387 0 -1.18033 0
0.760839 0 1.33832 0.00741983 0 0.283618 0 -1.17594 0
0.760146 0 1.327 0.00816869 0 0.284844 0 -1.17156 0
0.759453 0 1.31568 0.00891754 0 0.28607 0 -1.16717 0
0.758761 0 1.30436 0.0096664 0 0.287295 0 -1.16279 0
0.758068 0 1.29304 0.0104153 0 0.288521 0 -1.1584 0
0.757376 0 1.28172 0.0111641 0 0.289747 0 -1.15402 0
0.756683 0 1.2704 0.011913 0 0.290973 0 -1.14963 0
0.755991 0 1.25908 0.0126618 0 0.292198 0 -1.14525 0
0.755298 0 1.24776 0.0134107 0 0.293424 0 -1.14087 0
0.754605 0 1.23644 0.0141595 0 0.29465 0 -1.13648 0
0.754064 0 1.22526 0.0149038 0 0.295778 0 -1.13217 0
0.753544 0 1.2141 0.0156475 0 0.296892 0 -1.12786 0
0.753024 0 1.20294 0.0163912 0 0.298006 0 -1.12356 0
0.752505 0 1.19178 0.0171348 0 0.29912 0 -1.11926 0
0.751985 0 1.18062 0.0178785 0 0.300235 0 -1.11495 0
0.751465 0 1.16946 0.0186221 0 0.301349 0 -1.11065 0
0.750946 0 1.1583 0.0193658 0 0.302463 0 -1.10635 0
0.750426 0 1.14714 0.0201094 0 0.303577 0 -1.10204 0
0.749906 0 1.13598 0.0208531 0 0.304691 0 -1.09774 0
0.749386 0 1.12482 0.0215968 0 0.305805 0 -1.09344 0
0.748976 0 1.11378 0.0223374 0 0.306832 0 -1.08921 0
0.748594 0 1.10276 0.0230772 0 0.307836 0 -1.08499 0
0.748211 0 1.09175 0.023817 0 0.30884 0 -1.08078 0
0.747828 0 1.08074 0.0245569 0 0.309844 0 -1.07657 0
0.747446 0 1.06972 0.0252967 0 0.310848 0 -1.07235 0
0.747063 0 1.05871 0.0260365 0 0.311852 0 -1.06814 0
0.746681 0 1.0477 0.0267763 0 0.312856 0 -1.06393 0
0.746298 0 1.03668 0.0275162 0 0.31386 0 -1.05971 0
0.745916 0 1.02567 0.028256 0 0.314864 0 -1.0555 0
0.745533 0 1.01466 0.0289958 0 0.315868 0 -1.05129 0
0.745229 0 1.00374 0.0297337 0 0.316793 0 -1.04714 0
0.744955 0 0.992859 0.0304708 0 0.317688 0 -1.04303 0
0.744681 0 0.981978 0.0312079 0 0.318583 0 -1.03891 0
0.744408 0 0.971098 0.031945 0 0.319479 0 -1.03479 0
0.744134 0 0.960218 0.0326821 0 0.320374 0 -1.03068 0
0.74386 0 0.949337 0.0334192 0 0.321269 0 -1.02656 0
0.743586 0 0.938457 0.0341563 0 0.322164 0 -1.02244 0
0.743312 0 0.927576 0.0348933 0 0.323059 0 -1.01832 0
0.743039 0 0.916696 0.0356304 0 0.323955 0 -1.01421 0
0.742765 0 0.905815 0.0363675 0 0.32485 0 -1.01009 0
0.742547 0 0.895012 0.0371034 0 0.325675 0 -1.00604 0
0.74236 0 0.88425 0.0378386 0 0.326463 0 -1.00202 0
0.742173 0 0.873489 0.0385739 0 0.327251 0 -0.997999 0
0.741985 0 0.862728 0.0393091 0 0.328038 0 -0.993981 0
0.741798 0 0.851966 0.0400443 0 0.328826 0 -0.989963 0
0.741611 0 0.841205 0.0407795 0 0.329613 0 -0.985945 0
0.741424 0 0.830443 0.0415147 0 0.330401 0 -0.981928 0
0.741237 0 0.819682 0.04225 0 0.331189 0 -0.97791 0
0.741049 0 0.808921 0.0429852 0 0.331976 0 -0.973892 0
0.740862 0 0.798159 0.0437204 0 0.332764 0 -0.969874 0
0.740715 0 0.787459 0.044455 0 0.33349 0 -0.965914 0
0.740597 0 0.776803 0.045189 0 0.334171 0 -0.961997 0
0.740479 0 0.766148 0.045923 0 0.334853 0 -0.958081 0
0.740362 0 0.755493 0.0466571 0 0.335534 0 -0.954164 0
0.740244 0 0.744838 0.0473911 0 0.336215 0 -0.950248 0
0.740126 0 0.734183 0.0481252 0 0.336896 0 -0.946332 0
0.740008 0 0.723528 0.0488592 0 0.337577 0 -0.942415 0
0.73989 0 0.712872 0.0495933 0 0.338258 0 -0.938499 0
0.739773 0 0.702217 0.0503273 0 0.338939 0 -0.934582 0
0.739655 0 0.691562 0.0510614 0 0.33962 0 -0.930666 0
0.739565 0 0.680954 0.0517951 0 0.340248 0 -0.9268 0
0.739504 0 0.670393 0.0525285 0 0.340824 0 -0.922986 0
0.739442 0 0.659833 0.053262 0 0.341399 0 -0.919172 0
0.739381 0 0.649272 0.0539954 0 0.341975 0 -0.915358 0
0.739319 0 0.638712 0.0547288 0 0.34255 0 -0.911545 0
0.739258 0 0.628151 0.0554622 0 0.343126 0 -0.907731 0
0.739196 0 0.617591 0.0561957 0 0.343701 0 -0.903917 0
0.739135 0 0.607031 0.0569291 0 0.344276 0 -0.900103 0
0.739073 0 0.59647 0.0576625 0 0.344852 0 -0.896289 0
0.739012 0 0.58591 0.058396 0 0.345427 0 -0.892475 0
0.73897 0 0.575385 0.0591293 0 0.345959 0 -0.888704 0
0.738955 0 0.564909 0.0598626 0 0.346429 0 -0.884993 0
0.738939 0 0.554434 0.0605959 0 0.3469 0 -0.881282 0
0.738924 0 0.543958 0.0613292 0 0.347371 0 -0.877571 0
0.738909 0 0.533483 0.0620624 0 0.347841 0 -0.873859 0
0.738894 0 0.523007 0.0627957 0 0.348312 0 -0.870148 0
0.738879 0 0.512532 0.063529 0 0.348783 0 -0.866437 0
0.738863 0 0.502056 0.0642623 0 0.349254 0 -0.862726 0
0.738848 0 0.491581 0.0649955 0 0.349724 0 -0.859015 0
0.738833 0 0.481105 0.0657288 0 0.350195 0 -0.855303 0
0.738831 0 0.470656 0.0664622 0 0.35063 0 -0.851627 0
0.738854 0 0.460258 0.0671957 0 0.350996 0 -0.848018 0
0.738878 0 0.449859 0.0679292 0 0.351363 0 -0.844409 0
0.738901 0 0.439461 0.0686627 0 0.35173 0 -0.8408 0
0.738924 0 0.429062 0.0693962 0 0.352097 0 -0.837192 0
0.738948 0 0.418664 0.0701297 0 0.352463 0 -0.833583 0
0.738971 0 0.408265 0.0708632 0 0.35283 0 -0.829974 0
0.738995 0 0.397866 0.0715968 0 0.353197 0 -0.826365 0
0.739018 0 0.387468 0.0723303 0 0.353563 0 -0.822756 0
0.739041 0 0.377069 0.0730638 0 0.35393 0 -0.819147 0
0.739073 0 0.36669 0.0737974 0 0.354269 0 -0.815565 0
0.739129 0 0.356361 0.0745315 0 0.354532 0 -0.812057 0
0.739185 0 0.346033 0.0752656 0 0.354796 0 -0.808549 0
0.739241 0 0.335705 0.0759996 0 0.355059 0 -0.805042 0
0.739297 0 0.325377 0.0767337 0 0.355323 0 -0.801534 0
0.739353 0 0.315049 0.0774678 0 0.355586 0 -0.798026 0
0.739409 0 0.304721 0.0782019 0 0.355849 0 -0.794518 0
0.739465 0 0.294392 0.0789359 0 0.356113 0 -0.79101 0
0.739521 0 0.284064 0.07967 0 0.356376 0 -0.787503 0
0.739577 0 0.273736 0.0804041 0 0.35664 0 -0.783995 0
0.739639 0 0.26342 0.0811383 0 0.356883 0 -0.780506 0
0.739723 0 0.253157 0.0818732 0 0.357044 0 -0.777098 0
0.739807 0 0.242894 0.0826081 0 0.357205 0 -0.77369 0
0.739891 0 0.232631 0.083343 0 0.357366 0 -0.770281 0
0.739974 0 0.222368 0.0840779 0 0.357526 0 -0.766873 0
0.740058 0 0.212105 0.0848129 0 0.357687 0 -0.763465 0
0.740142 0 0.201842 0.0855478 0 0.357848 0 -0.760057 0
0.740226 0 0.191579 0.0862827 0 0.358009 0 -0.756648 0
0.74031 0 0.181316 0.0870176 0 0.358169 0 -0.75324 0
0.740394 0 0.171054 0.0877525 0 0.35833 0 -0.749832 0
0.74048 0 0.160798 0.0884875 0 0.358479 0 -0.746435 0
0.740588 0 0.150596 0.0892235 0 0.358538 0 -0.743124 0
0.740696 0 0.140394 0.0899595 0 0.358597 0 -0.739813 0
0.740804 0 0.130192 0.0906955 0 0.358655 0 -0.736502 0
0.740911 0 0.11999 0.0914315 0 0.358714 0 -0.733191 0
0.741019 0 0.109788 0.0921675 0 0.358773 0 -0.72988 0
0.741127 0 0.0995857 0.0929035 0 0.358832 0 -0.72657 0
0.741235 0 0.0893837 0.0936394 0 0.35889 0 -0.723259 0
0.741342 0 0.0791818 0.0943754 0 0.358949 0 -0.719948 0
0.74145 0 0.0689798 0.0951114 0 0.359008 0 -0.716637 0
0.741559 0 0.0587802 0.0958475 0 0.359062 0 -0.71333 0
0.741687 0 0.0486358 0.0965847 0 0.35902 0 -0.710113 0
0.741815 0 0.0384914 0.097322 0 0.358977 0 -0.706897 0
0.741943 0 0.028347 0.0980593 0 0.358934 0 -0.70368 0
0.742071 0 0.0182025 0.0987965 0 0.358892 0 -0.700464 0
0.742199 0 0.00805813 0.0995338 0 0.358849 0 -0.697248 0
0.742327 0 -0.00208628 0.100271 0 0.358806 0 -0.694031 0
0.742454 0 -0.0122307 0.101008 0 0.358764 0 -0.690815 0
0.742582 0 -0.0223751 0.101746 0 0.358721 0 -0.687598 0
0.74271 0 -0.0325195 0.102483 0 0.358678 0 -0.684382 0
0.742838 0 -0.0426639 0.10322 0 0.358636 0 -0.681165 0
0.742983 0 -0.0527555 0.103959 0 0.358495 0 -0.678037 0
0.743127 0 -0.0628453 0.104697 0 0.358352 0 -0.674911 0
0.743272 0 -0.0729351 0.105436 0 0.358208 0 -0.671786 0
0.743417 0 -0.0830248 0.106175 0 0.358065 0 -0.66866 0
0.743561 0 -0.0931146 0.106914 0 0.357921 0 -0.665535 0
0.743706 0 -0.103204 0.107652 0 0.357777 0 -0.66241 0
0.743851 0 -0.113294 0.108391 0 0.357634 0 -0.659284 0
0.743996 0 -0.123384 0.10913 0 0.35749 0 -0.656159 0
0.74414 0 -0.133474 0.109868 0 0.357347 0 -0.653033 0
0.744285 0 -0.143563 0.110607 0 0.357203 0 -0.649908 0
0.744442 0 -0.153607 0.111347 0 0.35697 0 -0.64686 0
0.7446 0 -0.163645 0.112088 0 0.356726 0 -0.643821 0
0.744757 0 -0.173682 0.112828 0 0.356482 0 -0.640782 0
0.744915 0 -0.18372 0.113568 0 0.356238 0 -0.637744 0
0.745073 0 -0.193758 0.114309 0 0.355994 0 -0.634705 0
0.745231 0 -0.203796 0.115049 0 0.35575 0 -0.631667 0
0.745389 0 -0.213834 0.115789 0 0.355506 0 -0.628628 0
0.745547 0 -0.223871 0.116529 0 0.355262 0 -0.625589 0
0.745705 0 -0.233909 0.11727 0 0.355018 0 -0.622551 0
0.745863 0 -0.243947 0.11801 0 0.354775 0 -0.619512 0
0.746029 0 -0.253945 0.118752 0 0.354449 0 -0.616541 0
0.746196 0 -0.263933 0.119494 0 0.354105 0 -0.613584 0
0.746364 0 -0.273921 0.120236 0 0.353761 0 -0.610627 0
0.746531 0 -0.28391 0.120978 0 0.353418 0 -0.607671 0
0.746699 0 -0.293898 0.12172 0 0.353074 0 -0.604714 0
0.746866 0 -0.303887 0.122461 0 0.35273 0 -0.601758 0
0.747034 0 -0.313875 0.123203 0 0.352386 0 -0.598801 0
0.747201 0 -0.323863 0.123945 0 0.352042 0 -0.595845 0
0.747369 0 -0.333852 0.124687 0 0.351698 0 -0.592888 0
0.747536 0 -0.34384 0.125429 0 0.351355 0 -0.589932 0
0.747708 0 -0.353794 0.126173 0 0.350937 0 -0.587032 0
0.747881 0 -0.363736 0.126916 0 0.350494 0 -0.584152 0
0.748054 0 -0.373677 0.12766 0 0.350051 0 -0.581272 0
0.748228 0 -0.383619 0.128404 0 0.349607 0 -0.578392 0
0.748401 0 -0.393561 0.129147 0 0.349164 0 -0.575512 0
0.748574 0 -0.403502 0.129891 0 0.348721 0 -0.572632 0
0.748747 0 -0.413444 0.130635 0 0.348278 0 -0.569752 0
0.748921 0 -0.423386 0.131379 0 0.347834 0 -0.566872 0
0.749094 0 -0.433327 0.132122 0 0.347391 0 -0.563992 0
0.749267 0 -0.443269 0.132866 0 0.346948 0 -0.561113 0
0.749441 0 -0.453181 0.133611 0 0.346439 0 -0.55828 0
0.749616 0 -0.463079 0.134356 0 0.345897 0 -0.55547 0
0.749791 0 -0.472976 0.135102 0 0.345354 0 -0.552661 0
0.749966 0 -0.482874 0.135847 0 0.344812 0 -0.549852 0
0.750141 0 -0.492772 0.136593 0 0.34427 0 -0.547043 0
0.750316 0 -0.502669 0.137338 0 0.343728 0 -0.544234 0
0.750491 0 -0.512567 0.138083 0 0.343186 0 -0.541424 0
0.750666 0 -0.522464 0.138829 0 0.342643 0 -0.538615 0
0.750841 0 -0.532362 0.139574 0 0.342101 0 -0.535806 0
0.751016 0 -0.542259 0.14032 0 0.341559 0 -0.532997 0
0.751189 0 -0.552133 0.141066 0 0.340959 0 -0.530225 0
0.751362 0 -0.561989 0.141813 0 0.340318 0 -0.52748 0
0.751535 0 -0.571845 0.142561 0 0.339677 0 -0.524736 0
0.751707 0 -0.581702 0.143308 0 0.339036 0 -0.521991 0
0.75188 0 -0.591558 0.144055 0 0.338395 0 -0.519246 0
0.752053 0 -0.601414 0.144802 0 0.337755 0 -0.516501 0
0.752225 0 -0.611271 0.145549 0 0.337114 0 -0.513756 0
0.752398 0 -0.621127 0.146297 0 0.336473 0 -0.511011 0
0.752571 0 -0.630983 0.147044 0 0.335832 0 -0.508266 0
0.752743 0 -0.64084 0.147791 0 0.335191 0 -0.505521 0
0.752913 0 -0.650676 0.148539 0 0.3345 0 -0.502806 0
0.753079 0 -0.660494 0.149288 0 0.333761 0 -0.500118 0
0.753246 0 -0.670312 0.150037 0 0.333022 0 -0.497431 0
0.753412 0 -0.68013 0.150785 0 0.332283 0 -0.494744 0
0.753579 0 -0.689948 0.151534 0 0.331544 0 -0.492056 0
0.753745 0 -0.699765 0.152283 0 0.330805 0 -0.489369 0
0.753912 0 -0.709583 0.153032 0 0.330066 0 -0.486682 0
0.754078 0 -0.719401 0.153781 0 0.329327 0 -0.483994 0
0.754245 0 -0.729219 0.15453 0 0.328589 0 -0.481307 0
0.754411 0 -0.739037 0.155278 0 0.32785 0 -0.47862 0
0.754573 0 -0.748839 0.156028 0 0.327068 0 -0.475954 0
0.75473 0 -0.758621 0.156778 0 0.326231 0 -0.473318 0
0.754887 0 -0.768403 0.157529 0 0.325394 0 -0.470681 0
0.755043 0 -0.778185 0.158279 0 0.324557 0 -0.468044 0
0.7552 0 -0.787967 0.15903 0 0.323721 0 -0.465408 0
0.755357 0 -0.797749 0.15978 0 0.322884 0 -0.462771 0
0.755514 0 -0.807531 0.16053 0 0.322047 0 -0.460134 0
0.75567 0 -0.817313 0.161281 0 0.32121 0 -0.457498 0
0.755827 0 -0.827095 0.162031 0 0.320373 0 -0.454861 0
0.755984 0 -0.836877 0.162782 0 0.319537 0 -0.452224 0
0.756136 0 -0.846647 0.163533 0 0.318665 0 -0.449603 0
0.75628 0 -0.856396 0.164284 0 0.31773 0 -0.44701 0
0.756424 0 -0.866145 0.165036 0 0.316796 0 -0.444417 0
0.756568 0 -0.875894 0.165788 0 0.315862 0 -0.441824 0
0.756712 0 -0.885642 0.16654 0 0.314927 0 -0.439231 0
0.756856 0 -0.895391 0.167292 0 0.313993 0 -0.436638 0
0.757 0 -0.90514 0.168044 0 0.313059 0 -0.434045 0
0.757144 0 -0.914888 0.168796 0 0.312125 0 -0.431452 0
0.757288 0 -0.924637 0.169547 0 0.31119 0 -0.428859 0
0.757432 0 -0.934386 0.170299 0 0.310256 0 -0.426266 0
0.757571 0 -0.944126 0.171051 0 0.309294 0 -0.423684 0
0.7577 0 -0.953843 0.171805 0 0.308263 0 -0.421127 0
0.75783 0 -0.96356 0.172558 0 0.307231 0 -0.418571 0
0.757959 0 -0.973278 0.173311 0 0.3062 0 -0.416015 0
0.758088 0 -0.982995 0.174064 0 0.305168 0 -0.413458 0
0.758217 0 -0.992713 0.174817 0 0.304137 0 -0.410902 0
0.758346 0 -1.00243 0.17557 0 0.303105 0 -0.408346 0
0.758475 0 -1.01215 0.176323 0 0.302074 0 -0.40579 0
0.758604 0 -1.02186 0.177077 0 0.301042 0 -0.403233 0
0.758733 0 -1.03158 0.17783 0 0.300011 0 -0.400677 0
0.758859 0 -1.04129 0.178583 0 0.298959 0 -0.398127 0
0.758972 0 -1.05098 0.179337 0 0.297831 0 -0.395601 0
0.759085 0 -1.06067 0.180092 0 0.296702 0 -0.393074 0
0.759198 0 -1.07036 0.180846 0 0.295574 0 -0.390548 0
0.759311 0 -1.08004 0.1816 0 0.294446 0 -0.388022 0
0.759424 0 -1.08973 0.182354 0 0.293317 0 -0.385496 0
0.759537 0 -1.09942 0.183109 0 0.292189 0 -0.382969 0
0.75965 0 -1.10911 0.183863 0 0.291061 0 -0.380443 0
0.759763 0 -1.11879 0.184617 0 0.289932 0 -0.377917 0
0.759877 0 -1.12848 0.185372 0 0.288804 0 -0.37539 0
0.759988 0 -1.13816 0.186126 0 0.287663 0 -0.372867 0
0.760085 0 -1.14782 0.186881 0 0.286438 0 -0.370364 0
0.760183 0 -1.15748 0.187636 0 0.285213 0 -0.367862 0
0.76028 0 -1.16714 0.188392 0 0.283988 0 -0.365359 0
0.760378 0 -1.1768 0.189147 0 0.282763 0 -0.362856 0
0.760475 0 -1.18646 0.189902 0 0.281538 0 -0.360353 0
0.760573 0 -1.19612 0.190657 0 0.280313 0 -0.357851 0
0.76067 0 -1.20577 0.191413 0 0.279088 0 -0.355348 0
0.760768 0 -1.21543 0.192168 0 0.277863 0 -0.352845 0
0.760865 0 -1.22509 0.192923 0 0.276639 0 -0.350342 0
0.760962 0 -1.23475 0.193678 0 0.275408 0 -0.347841 0
0.761046 0 -1.24438 0.194434 0 0.274087 0 -0.345355 0
0.76113 0 -1.25401 0.195191 0 0.272766 0 -0.34287 0
0.761214 0 -1.26364 0.195947 0 0.271444 0 -0.340384 0
0.761299 0 -1.27327 0.196703 0 0.270123 0 -0.337899 0
0.761383 0 -1.2829 0.197459 0 0.268802 0 -0.335414 0
0.761467 0 -1.29252 0.198215 0 0.267481 0 -0.332928 0
0.761551 0 -1.30215 0.198971 0 0.266159 0 -0.330443 0
0.761635 0 -1.31178 0.199727 0 0.264838 0 -0.327958 0
0.761719 0 -1.32141 0.200483 0 0.263517 0 -0.325472 0
0.761803 0 -1.33104 0.201239 0 0.262196 0 -0.322987 0
0.761878 0 -1.34064 0.201996 0 0.26078 0 -0.320513 0
0.761953 0 -1.35024 0.202753 0 0.259363 0 -0.31804 0
0.762028 0 -1.35984 0.20351 0 0.257946 0 -0.315566 0
0.762103 0 -1.36944 0.204267 0 0.256529 0 -0.313093 0
0.762178 0 -1.37904 0.205023 0 0.255111 0 -0.310619 0
0.762253 0 -1.38864 0.20578 0 0.253694 0 -0.308145 0
0.762328 0 -1.39824 0.206537 0 0.252277 0 -0.305672 0
0.762403 0 -1.40784 0.207294 0 0.25086 0 -0.303198 0
0.762477 0 -1.41744 0.208051 0 0.249443 0 -0.300725 0
0.762552 0 -1.42704 0.208808 0 0.248025 0 -0.298251 0
0.762625 0 -1.43661 0.209565 0 0.246521 0 -0.295784 0
0.762697 0 -1.44618 0.210323 0 0.245008 0 -0.293317 0
0.762769 0 -1.45575 0.21108 0 0.243495 0 -0.29085 0
0.762842 0 -1.46532 0.211838 0 0.241983 0 -0.288383 0
0.762914 0 -1.47489 0.212595 0 0.24047 0 -0.285916 0
0.762986 0 -1.48446 0.213353 0 0.238957 0 -0.283449 0
0.763059 0 -1.49403 0.21411 0 0.237444 0 -0.280982 0
0.763131 0 -1.5036 0.214868 0 0.235931 0 -0.278515 0
0.763203 0 -1.51316 0.215626 0 0.234418 0 -0.276048 0
0.763276 0 -1.52273 0.216383 0 0.232905 0 -0.273581 0
0.763353 0 -1.53228 0.217141 0 0.231313 0 -0.271116 0
0.763432 0 -1.54181 0.2179 0 0.229705 0 -0.268652 0
0.763511 0 -1.55135 0.218658 0 0.228096 0 -0.266187 0
0.76359 0 -1.56089 0.219416 0 0.226488 0 -0.263722 0
0.763669 0 -1.57042 0.220175 0 0.22488 0 -0.261257 0
0.763748 0 -1.57996 0.220933 0 0.223272 0 -0.258793 0
0.763827 0 -1.5895 0.221691 0 0.221663 0 -0.256328 0
0.763906 0 -1.59903 0.22245 0 0.220055 0 -0.253863 0
0.763985 0 -1.60857 0.223208 0 0.218447 0 -0.251399 0
0.764064 0 -1.61811 0.223966 0 0.216839 0 -0.248934 0
0.764012 0 -1.62786 0.224724 0 0.215156 0 -0.246469 0
0.763917 0 -1.63768 0.225482 0 0.213449 0 -0.244005 0
0.763822 0 -1.64751 0.226239 0 0.211743 0 -0.24154 0
0.763727 0 -1.65733 0.226996 0 0.210036 0 -0.239075 0
0.763632 0 -1.66716 0.227754 0 0.20833 0 -0.236611 0
0.763537 0 -1.67698 0.228511 0 0.206623 0 -0.234146 0
0.763443 0 -1.68681 0.229269 0 0.204917 0 -0.231681 0
0.763348 0 -1.69663 0.230026 0 0.20321 0 -0.229216 0
0.763253 0 -1.70646 0.230783 0 0.201504 0 -0.226752 0
0.763158 0 -1.71628 0.231541 0 0.199797 0 -0.224287 0
0.763062 0 -1.72611 0.232297 0 0.198024 0 -0.221822 0
0.762965 0 -1.73593 0.233054 0 0.196219 0 -0.219358 0
0.762868 0 -1.74575 0.23381 0 0.194415 0 -0.216893 0
0.762771 0 -1.75557 0.234567 0 0.19261 0 -0.214428 0
0.762674 0 -1.7654 0.235323 0 0.190805 0 -0.211964 0
0.762577 0 -1.77522 0.23608 0 0.189 0 -0.209499 0
0.76248 0 -1.78504 0.236836 0 0.187196 0 -0.207034 0
0.762383 0 -1.79486 0.237592 0 0.185391 0 -0.20457 0
0.762285 0 -1.80469 0.238349 0 0.183586 0 -0.202105 0
0.762188 0 -1.81451 0.239105 0 0.181781 0 -0.19964 0
0.76209 0 -1.82433 0.239861 0 0.179917 0 -0.197175 0
0.761991 0 -1.83415 0.240617 0 0.178014 0 -0.194711 0
0.761892 0 -1.84397 0.241372 0 0.176111 0 -0.192246 0
0.761793 0 -1.85379 0.242127 0 0.174208 0 -0.189781 0
0.761694 0 -1.86361 0.242883 0 0.172305 0 -0.187317 0
0.761595 0 -1.87343 0.243638 0 0.170403 0 -0.184852 0
0.761495 0 -1.88325 0.244394 0 0.1685 0 -0.182387 0
0.761396 0 -1.89307 0.245149 0 0.166597 0 -0.179923 0
0.761297 0 -1.90289 0.245905 0 0.164694 0 -0.177458 0
0.761198 0 -1.91271 0.24666 0 0.162791 0 -0.174993 0
0.761098 0 -1.92253 0.247415 0 0.160836 0 -0.172529 0
0.760997 0 -1.93234 0.248169 0 0.158835 0 -0.170064 0
0.760895 0 -1.94216 0.248924 0 0.156834 0 -0.167599 0
0.760794 0 -1.95198 0.249678 0 0.154833 0 -0.165134 0
0.760693 0 -1.9618 0.250433 0 0.152831 0 -0.16267 0
0.760592 0 -1.97161 0.251187 0 0.15083 0 -0.160205 0
0.760491 0 -1.98143 0.251942 0 0.148829 0 -0.15774 0
0.76039 0 -1.99125 0.252696 0 0.146828 0 -0.155276 0
0.760288 0 -2.00107 0.25345 0 0.144827 0 -0.152811 0
0.760187 0 -2.01088 0.254205 0 0.142826 0 -0.150346 0
0.760085 0 -2.0207 0.254959 0 0.14078 0 -0.147882 0
0.759982 0 -2.03052 0.255712 0 0.138681 0 -0.145417 0
0.759879 0 -2.04033 0.256466 0 0.136582 0 -0.142952 0
0.759776 0 -2.05015 0.257219 0 0.134482 0 -0.140487 0
0.759672 0 -2.05996 0.257972 0 0.132383 0 -0.138023 0
0.759569 0 -2.06978 0.258726 0 0.130284 0 -0.135558 0
0.759466 0 -2.07959 0.259479 0 0.128185 0 -0.133093 0
0.759363 0 -2.08941 0.260233 0 0.126085 0 -0.130629 0
0.75926 0 -2.09922 0.260986 0 0.123986 0 -0.128164 0
0.759157 0 -2.10904 0.261739 0 0.121887 0 -0.125699 0
0.759053 0 -2.11885 0.262492 0 0.11975 0 -0.123235 0
0.758948 0 -2.12866 0.263245 0 0.117553 0 -0.12077 0
0.758843 0 -2.13847 0.263997 0 0.115356 0 -0.118305 0
0.758738 0 -2.14829 0.264749 0 0.113158 0 -0.115841 0
0.758632 0 -2.1581 0.265502 0 0.110961 0 -0.113376 0
0.758527 0 -2.16791 0.266254 0 0.108764 0 -0.110911 0
0.758422 0 -2.17772 0.267006 0 0.106566 0 -0.108446 0
0.758317 0 -2.18754 0.267759 0 0.104369 0 -0.105982 0
0.758212 0 -2.19735 0.268511 0 0.102171 0 -0.103517 0
0.758107 0 -2.20716 0.269263 0 0.099974 0 -0.101052 0
0.758001 0 -2.21697 0.270015 0 0.0977469 0 -0.0985877 0
0.757895 0 -2.22678 0.270767 0 0.0954515 0 -0.096123 0
0.757788 0 -2.23659 0.271518 0 0.093156 0 -0.0936583 0
0.757681 0 -2.2464 0.272269 0 0.0908605 0 -0.0911936 0
0.757574 0 -2.25621 0.273021 0 0.088565 0 -0.0887289 0
0.757467 0 -2.26602 0.273772 0 0.0862695 0 -0.0862643 0
0.75736 0 -2.27583 0.274523 0 0.083974 0 -0.0837996 0
0.757253 0 -2.28564 0.275274 0 0.0816786 0 -0.0813349 0
0.757146 0 -2.29545 0.276026 0 0.0793831 0 -0.0788702 0
0.757039 0 -2.30526 0.276777 0 0.0770876 0 -0.0764055 0
0.756932 0 -2.31507 0.277528 0 0.0747699 0 -0.0739408 0
0.756823 0 -2.32488 0.278278 0 0.0723763 0 -0.0714761 0
0.756714 0 -2.33468 0.279028 0 0.0699828 0 -0.0690114 0
0.756606 0 -2.34449 0.279778 0 0.0675892 0 -0.0665467 0
0.756497 0 -2.3543 0.280529 0 0.0651956 0 -0.064082 0
0.756388 0 -2.3641 0.281279 0 0.0628021 0 -0.0616173 0
0.756279 0 -2.37391 0.282029 0 0.0604085 0 -0.0591526 0
0.756171 0 -2.38372 0.282779 0 0.058015 0 -0.0566879 0
0.756062 0 -2.39353 0.283529 0 0.0556214 0 -0.0542232 0
0.755953 0 -2.40333 0.28428 0 0.0532279 0 -0.0517586 0
0.755844 0 -2.41314 0.28503 0 0.0508195 0 -0.0492939 0
0.755734 0 -2.42294 0.285779 0 0.0483279 0 -0.0468292 0
0.755623 0 -2.43275 0.286528 0 0.0458363 0 -0.0443645 0
0.755513 0 -2.44255 0.287277 0 0.0433447 0 -0.0418998 0
0.755402 0 -2.45236 0.288026 0 0.0408531 0 -0.0394351 0
0.755292 0 -2.46216 0.288775 0 0.0383615 0 -0.0369704 0
0.755182 0 -2.47196 0.289524 0 0.0358699 0 -0.0345057 0
0.755071 0 -2.48177 0.290273 0 0.0333783 0 -0.032041 0
0.754961 0 -2.49157 0.291022 0 0.0308867 0 -0.0295763 0
0.75485 0 -2.50138 0.291771 0 0.0283951 0 -0.0271116 0
0.75474 0 -2.51118 0.29252 0 0.0258961 0 -0.0246469 0
0.754628 0 -2.52098 0.293268 0 0.0233065 0 -0.0221822 0
0.754515 0 -2.53078 0.294016 0 0.0207169 0 -0.0197175 0
0.754403 0 -2.54059 0.294764 0 0.0181273 0 -0.0172529 0
0.754291 0 -2.55039 0.295512 0 0.0155377 0 -0.0147882 0
0.754179 0 -2.56019 0.29626 0 0.0129481 0 -0.0123235 0
0.754067 0 -2.56999 0.297008 0 0.0103584 0 -0.00985877 0
0.753955 0 -2.57979 0.297756 0 0.00776884 0 -0.00739408 0
0.753843 0 -2.58959 0.298504 0 0.00517922 0 -0.00492939 0
0.753731 0 -2.5994 0.299252 0 0.00258961 0 -0.00246469 0
0.753619 0 -2.6092 0.3 0 2.79546e-15 0 -9.01568e-16 0
4.42986e-62 0 0 0 0 1.91757e-76 0 3.50445e-33 0
