7.58031 47.9745 -4.88928 54.0181
9.1417 46.0582 -3.59111 52.7067
10.7078 44.1867 -2.28798 51.4642
12.2748 42.3358 -0.984035 50.2222
14.301 36.897 1.72444 48.2196
15.8675 35.0458 2.57882 43.868
16.5256 32.4889 2.06381 43.2286
17.1322 27.9938 2.01859 41.3623
18.4234 26.2764 2.44973 40.5689
19.3336 22.9656 2.64382 38.9277
19.5001 20.7148 2.62256 38.3918
11.4369 14.7615 -6.52439 33.4709
13.712 11.9401 -4.67931 31.6579
14.8243 6.22523 -4.87238 29.4313
16.1538 3.88362 -3.21806 26.1762
15.59 0.253216 -4.22186 23.1795
15.7939 -2.00681 -4.22891 21.2822
15.9264 -3.54105 -2.52898 18.435
16.1612 -6.9242 -4.3485 17.2631
16.0591 -8.90572 -4.70098 15.7558
13.117 -10.0795 -7.11378 15.2959
16.362 -13.8033 -5.00147 12.0092
17.229 -17.4606 -4.79093 9.87494
17.6411 -20.259 -4.88304 8.18765
14.5555 -21.2231 -7.7214 7.40312
17.499 -25.0663 -5.3947 5.03432
17.4788 -27.9563 -5.40963 3.14732
16.5919 -29.5798 -5.91256 1.48384
19.5298 -33.4303 -3.59069 -0.887493
13.6266 -33.0676 -6.0577 -1.10392
11.8241 -34.096 -6.43986 -2.07921
6.14679 -33.5928 -8.69504 -2.84596
9.75489 -38.489 -5.92129 -5.74555
13.363 -43.3852 -3.13587 -8.64507
10.1965 -44.7264 -4.67907 -9.93127
8.42386 -44.9136 -4.9558 -10.1609
5.48623 -46.1468 -4.91521 -11.3052
4.15369 -46.0316 -4.42305 -13.0426
1.99864 -45.9755 -4.36648 -13.793
-9.8169 -38.4535 -8.38127 -11.8802
-6.21048 -41.7689 -7.32104 -13.6578
-3.89769 -45.0238 -6.06765 -15.4482
-2.81291 -46.6475 -5.21463 -16.6257
1.95098 -50.0663 -4.34362 -17.9438
-1.16811 -49.604 -3.21527 -19.6999
-1.20771 -49.638 -2.73153 -20.2555
-0.453503 -50.8316 -1.85527 -21.5658
-5.68449 -41.1654 -6.86164 -17.6364
-5.6884 -44.8859 -3.49232 -19.7759
-1.48286 -50.9471 -0.340518 -23.2144
0.798735 -52.6213 0.662971 -24.3846
-3.45954 -46.0049 -1.98611 -20.8215
1.41572 -53.1187 1.55709 -24.7361
0.568859 -43.8198 -3.30292 -18.3705
5.4472 -50.9426 0.244051 -22.2945
6.71352 -56.058 3.78089 -26.2184
7.68437 -56.2543 4.51848 -26.8494
6.09421 -53.567 4.03621 -25.3573
3.03611 -56.1712 7.56809 -29.2888
-3.39974 -48.6889 0.115244 -19.0449
1.45315 -55.85 3.64323 -22.9856
-10.0293 -26.3101 -2.33137 -11.5958
-4.49118 -34.4633 -1.93404 -13.9812
-3.16367 -34.8597 -0.265546 -12.157
3.50016 -37.3244 -0.122043 -14.3766
-1.89817 -33.9248 1.0753 -15.146
-0.766957 -27.1062 1.96085 -12.6581
-1.43625 -31.7258 2.49504 -15.1426
0.612231 -26.2621 3.88122 -12.4522
-0.770907 -30.4735 3.57864 -14.4308
-0.197405 -30.5985 4.38698 -14.7946
-5.28915 -21.1119 1.40799 -9.72786
0.952741 -30.2877 5.6501 -14.5625
1.77423 -30.4204 6.49114 -14.6983
8.00149 -39.6089 10.7251 -19.5429
2.85954 -30.1825 7.54388 -14.1611
2.8064 -28.9239 7.57659 -13.0463
-2.60299 -20.0413 3.95552 -7.42837
3.65204 -29.2723 8.1911 -12.2943
3.96398 -28.9001 8.57154 -11.8787
3.53507 -27.1718 8.33682 -10.4001
3.66885 -26.8362 8.31058 -9.50699
4.79586 -28.2509 9.02579 -9.8376
4.85867 -27.2868 8.98216 -8.6863
11.7666 -37.3988 13.5215 -13.9613
6.11918 -28.3781 9.65438 -8.12412
5.91317 -27.0312 9.48035 -6.79369
5.98037 -26.6427 9.36451 -5.84384
-5.797 -8.07786 2.17828 4.17078
1.13362 -18.2715 6.70959 -1.1473
8.06425 -28.4651 11.2409 -6.46537
-15.6489 14.0895 5.54483 6.30054
-15.9964 7.91117 8.61608 1.65108
-11.2313 11.4442 7.18969 0.756033
-8.98776 9.38278 9.08095 -1.01393
-1.41216 -1.6787 10.8796 -3.10038
-4.19639 3.21078 13.1465 -6.10057
-2.9657 2.08378 14.2244 -7.00787
-1.46347 -0.187082 15.1546 -8.04056
6.13007 -11.3014 19.9321 -13.8017
3.43751 -2.9307 13.7945 -8.93699
11.2064 -14.2349 18.6175 -14.8019
5.04527 -17.2649 24.0185 -19.4454
3.89456 -10.5849 18.0514 -12.5811
12.097 -22.4597 23.0501 -18.7329
21.9054 -28.5844 22.4503 -21.3493
15.3117 -27.5231 24.2106 -19.9573
7.97377 -18.6673 16.9057 -14.3357
16.1912 -30.6027 21.8929 -20.5073
-5.59532 -15.8948 7.13028 0.651826
4.75634 -20.3078 12.1127 -5.54839
0.26044 -14.8841 13.0107 -7.08618
9.06169 -27.5062 18.2081 -13.6238
17.8953 -40.1339 15.2528 -9.97072
4.85062 -28.5145 15.9839 -10.9995
13.6199 -41.1972 21.1707 -17.5609
16.6421 -39.9204 17.3947 -13.1875
18.3772 -42.8357 18.4405 -15.1383
10.8576 -38.6314 18.0035 -13.9811
19.6237 -51.3928 23.1758 -20.5753
19.2014 -58.4264 23.5757 -21.7198
23.7953 -54.3098 19.3305 -17.2148
33.1529 -67.604 24.6656 -24.0773
34.9139 -70.3117 25.9046 -26.2969
20.0601 -49.7955 15.3081 -12.053
29.4208 -63.1771 20.6294 -18.9495
20.8314 -52.0208 21.6721 -15.5373
30.1909 -65.45 26.9967 -22.4436
31.6304 -68.762 19.6351 -18.0583
21.8624 -55.9011 12.3956 -8.45521
31.2195 -69.4061 17.6967 -15.4
32.1633 -72.2736 17.4169 -15.2702
33.954 -65.8636 9.9728 -4.89417
43.8924 -79.8173 15.3893 -12.0234
33.206 -74.8149 15.3833 -12.3471
32.6591 -73.5702 14.3831 -10.5145
30.2523 -79.5006 19.7932 -17.6678
33.4895 -75.5886 13.7217 -9.71822
32.7266 -73.7617 12.8622 -8.01155
23.1616 -60.5684 7.12534 -0.380626
33.0624 -74.7644 12.5113 -7.58827
33.2034 -74.5817 12.6794 -7.63736
19.5777 -63.1478 12.0468 -6.18777
29.9414 -77.7397 17.5108 -13.5156
33.6573 -72.6913 12.7954 -7.17126
19.2828 -60.7399 12.3214 -5.87129
29.6498 -75.4443 17.7702 -13.2359
32.7056 -69.8475 15.2089 1.38389
43.0941 -84.6161 21.2013 -4.37267
5.90472 -26.6323 2.85742 6.70711
0.177294 -3.86443 -0.24307 11.1027
-8.40632 1.8084 2.77931 7.0504
2.4396 -13.452 8.21748 -0.488386
15.9555 -22.4722 11.0628 -4.35513
15.6747 -29.7047 16.5024 -11.9056
18.4379 -31.7502 19.2048 -15.8225
18.0582 -28.1824 19.8323 -16.1206
20.1646 -24.714 16.4245 -12.6972
20.8762 -32.7439 21.8366 -20.2946
22.0229 -34.4771 22.6357 -21.8997
11.8571 -20.4141 17.34 -15.266
22.8069 -36.0634 22.7313 -22.8989
23.8676 -37.8437 22.9773 -23.7428
25.6391 -31.2738 22.1184 -22.5322
23.4566 -36.9088 28.6099 -27.285
25.0038 -40.7295 21.5045 -23.0314
12.2162 -30.5655 21.2672 -19.3757
23.5172 -46.542 20.4039 -22.3703
15.264 -28.8644 20.8276 -20.6829
26.5972 -44.9597 26.195 -28.4218
24.5971 -50.8341 20.0695 -23.3756
28.756 -49.7498 20.6076 -24.9687
27.1066 -45.9249 19.1321 -22.5185
38.7693 -62.0372 17.9119 -21.3055
28.1186 -49.5249 17.7181 -22.1043
24.4559 -53.6442 24.4058 -26.4809
5.69842 -15.0515 -1.15835 2.57935
17.3997 -31.4923 4.16082 -5.25531
-2.69366 -8.8745 -2.64073 -0.0311181
-2.74406 -15.9168 3.4104 -5.99564
11.0739 -27.9984 8.7071 -13.8688
3.82025 -8.85299 0.728972 -4.98974
3.92307 -15.7659 6.56688 -11.5032
15.7428 -32.2555 11.8536 -19.3695
19.0101 -37.9404 6.57365 -17.442
14.8042 -41.2138 13.1617 -22.1451
20.6268 -38.5051 13.7971 -24.0919
22.9664 -34.1234 6.46953 -18.0847
21.0641 -39.3607 12.7793 -23.4953
23.2091 -44.1599 13.0998 -25.1262
25.3957 -39.2318 12.1843 -23.9695
23.0063 -44.0965 11.6272 -23.8415
24.8414 -48.298 11.7111 -24.8639
26.9513 -42.6578 10.6784 -23.3744
24.2614 -46.6973 9.75941 -22.4387
26.1585 -50.6341 9.82625 -23.5818
25.3773 -49.2741 7.42027 -25.1792
26.7035 -52.1968 8.78921 -22.9335
28.627 -46.4622 7.75103 -21.4208
25.8585 -50.4724 7.00381 -20.6654
27.3755 -54.2312 7.1641 -21.9274
23.7557 -57.2981 6.19757 -20.4672
40.147 -65.9664 11.3761 -28.5072
-19.0285 13.3311 -12.2881 3.18067
-7.47195 -3.24773 -7.14125 -4.92653
5.96419 -16.5524 -3.87493 -8.80354
-1.17826 -7.56821 0.700655 -12.408
10.3514 -24.2654 5.84825 -20.5415
5.19024 -14.4772 3.42688 -20.5839
6.91849 -15.3686 5.50199 -20.7645
18.4222 -32.2356 10.6288 -28.9317
1.89407 -7.17422 3.24406 -19.1207
13.2455 -23.7573 3.65416 -23.1244
24.42 -39.6944 8.80543 -31.3254
11.6669 -22.3541 6.91229 -29.402
22.8184 -38.4388 12.0504 -37.6243
12.4779 -19.2482 5.04217 -31.1935
23.6105 -35.4411 11.6114 -36.4873
26.047 -40.3669 11.912 -37.9307
-1.62931 -10.3953 7.80517 -25.2864
9.36321 -26.8177 12.9293 -33.5689
6.87959 -16.8886 3.44993 -24.7561
17.755 -32.9512 4.60999 -29.4725
19.9168 -34.9097 5.33673 -30.1147
11.2702 -24.0788 5.99659 -27.622
22.9325 -37.5971 6.032 -31.3006
25.1509 -41.2182 6.6634 -32.646
9.07937 -17.5983 -2.85315 -18.236
19.5346 -33.0336 2.28419 -26.6635
29.9899 -48.4689 7.42153 -35.0911
33.5586 -54.2755 7.54858 -38.8975
23.3758 -40.0121 3.13158 -31.0823
33.1964 -55.1663 8.82497 -38.5554
32.2752 -51.4542 7.24203 -40.5692
42.7403 -65.3201 14.1554 -45.9289
43.2312 -63.9634 14.3144 -46.0639
56.283 -74.6354 21.6133 -50.9422
30.6879 -48.6001 11.987 -42.2056
41.7435 -60.8337 8.54137 -42.568
42.5175 -63.8172 9.5215 -38.646
39.8072 -64.5769 5.83412 -38.7779
22.3066 -35.9587 -5.93242 -13.3765
31.6967 -49.824 -0.704974 -22.0565
40.3388 -61.9959 4.65114 -30.8249
48.421 -74.1881 11.0658 -37.6875
40.0764 -61.3279 4.39612 -30.2687
26.47 -42.8615 -3.82116 -20.4333
36.8267 -53.0784 2.64262 -27.0585
37.1119 -54.4273 2.39465 -26.7664
34.3481 -53.9904 -0.6197 -27.4483
35.9782 -52.5017 1.22508 -24.5511
44.6705 -64.9066 8.25273 -30.3699
34.7956 -49.9273 0.350237 -23.1569
23.4276 -30.5571 -6.7285 -15.0994
30.9006 -40.7001 -0.116912 -22.1646
30.46 -39.825 0.215529 -22.7003
28.697 -35.7372 -0.335954 -20.9688
28.1864 -34.4428 0.173746 -22.2573
25.2067 -32.4614 -1.93206 -23.7741
17.6205 -16.3304 -5.66528 -11.9897
25.0229 -26.6406 -0.191564 -21.1405
26.1209 -24.6763 -7.14731 -15.0066
23.6985 -23.1307 -0.0650559 -21.459
22.4935 -20.3729 0.707606 -23.1858
28.5458 -28.0722 -1.13494 -24.9272
3.84654 9.16801 -11.8693 -6.70848
9.86141 1.38789 -5.26608 -14.4797
15.879 -6.38566 0.392327 -23.9025
14.0849 -5.56693 0.0732867 -24.6382
12.6072 -3.74834 -2.55068 -23.1174
9.99579 1.66231 -5.95953 -17.0292
7.0422 -19.8621 -14.3968 -5.34695
11.0954 -25.3729 -8.7636 -14.8389
15.4876 -30.4276 -10.7302 -13.883
14.2358 -28.838 -10.1625 -16.2868
10.7537 -23.513 -4.31545 -25.9919
10.5883 -19.2327 -12.2864 -16.0915
8.90394 -15.0573 -13.115 -15.827
7.56415 -12.4035 -7.08254 -25.5734
2.34586 -3.11071 -16.8195 -11.9474
6.93026 -8.03645 -15.8474 -16.4144
6.76441 -6.66286 -10.0627 -26.2201
-2.17215 5.78077 -18.3078 -13.8092
-2.25767 8.03636 -12.3416 -23.8348
-4.21505 16.9744 -13.2993 -22.7356
-2.79412 14.8923 -7.19251 -32.8041
-8.93553 21.7335 -8.51886 -31.8483
-5.83028 19.8368 -6.48328 -35.4252
-2.72504 17.9401 -0.516934 -45.5273
0.111981 16.0336 5.63494 -55.6291
-11.607 7.62013 -22.3384 -15.0062
-8.53785 5.71842 -16.4323 -25.232
-4.45412 1.73505 -10.115 -35.794
-1.89668 -0.0565644 -6.5107 -40.3105
-0.133383 1.68399 -0.167689 -51.0491
2.00113 1.29078 -0.71618 -52.5537
2.79977 2.06995 5.79065 -63.299
4.14596 1.99857 10.3369 -66.6311
4.57244 -1.24715 6.35013 -57.3837
6.20009 0.489139 12.6936 -68.1496
7.01184 -0.0273524 14.8436 -70.8094
4.53531 -6.80689 0.690212 -43.729
6.15904 -5.06805 7.04099 -54.5336
6.00667 -2.56176 9.56995 -58.6126
5.22431 -2.76154 5.66967 -49.171
5.39394 2.81679 12.5488 -60.6332
4.86353 6.03331 14.2516 -62.3671
4.61144 7.58046 5.97215 -51.0312
4.33946 8.8529 14.8955 -59.5713
3.525 11.0954 16.1193 -61.2479
2.571 8.18146 9.76034 -47.8769
2.73655 13.7418 16.6603 -59.4073
0.227436 12.5458 7.0887 -47.8619
1.52241 17.8085 16.9413 -56.2791
-0.226739 22.8899 17.9802 -57.0164
-3.71583 24.3317 17.8444 -54.7703
-4.94614 33.8072 25.3694 -67.0893
-4.57209 35.5729 19.5828 -55.5042
-4.76057 36.2938 11.8712 -47.266
-5.663 39.6382 21.781 -56.3157
-6.71033 42.6204 22.2883 -55.1217
-7.95918 52.0509 19.1031 -55.3372
-7.96433 45.6251 22.1445 -52.0199
-7.99924 38.9353 23.5478 -47.1011
-10.6513 52.2429 23.0068 -50.5975
-12.6669 58.4222 23.8659 -51.0606
-13.823 61.5151 23.6349 -48.239
-15.7853 66.229 13.7372 -36.7322
-12.6307 71.8749 24.4085 -46.7165
-11.7548 62.7883 27.769 -44.3117
-14.2998 75.9913 36.0672 -57.7025
-17.134 62.8588 21.8638 -33.3672
-19.6774 75.9969 30.1842 -46.8128
-22.8703 91.0067 40.4432 -58.6087
-21.9832 85.7788 31.4787 -52.846
-22.4605 89.6285 34.0987 -56.3299
-26.5291 106.423 30.951 -56.8714
-23.1429 90.7018 35.4515 -54.4243
-23.4794 90.1674 35.3137 -52.7158
-24.1751 90.1086 35.0939 -51.3085
-25.714 93.5042 36.0726 -53.4161
-8.61438 31.9177 21.8758 -34.8934
-12.2553 48.4095 30.9532 -49.465
-12.7334 54.3769 34.4102 -52.3536
-8.60139 40.4891 32.7698 -47.7331
-13.012 60.4154 42.594 -63.2755
-14.2411 64.7396 45.462 -66.693
-18.6954 84.6089 55.322 -82.2306
-16.4046 68.749 48.3051 -69.6143
-26.2282 80.7298 45.4109 -70.7589
-18.8052 72.585 47.2447 -69.9986
-16.5161 55.3451 35.2709 -52.8794
-20.9996 74.9223 45.1575 -68.534
-17.79 55.8334 35.0145 -52.0438
-22.6856 78.5771 45.6489 -68.6762
-24.8585 84.0737 46.3938 -70.5318
-25.3565 85.2597 44.843 -68.6727
-27.4788 90.4167 45.5861 -70.2639
-38.4905 103.424 42.0816 -70.6659
-29.3497 94.0205 44.5398 -69.5988
-26.3504 74.2018 32.9768 -51.8928
-24.2994 59.2901 28.7303 -42.2493
-29.3066 81.4674 39.4262 -59.0629
-34.318 104.47 50.3295 -76.1373
-29.1866 83.1516 47.7245 -68.4331
-34.2418 108.171 59.1947 -86.2256
-29.6119 83.2893 44.0351 -61.8817
-34.6992 108.166 55.5285 -79.7201
-37.792 112.374 68.2265 -96.6349
-43.1438 137.102 63.9761 -95.479
-20.8095 32.67 23.3211 -32.8879
-26.0146 57.072 35.0981 -50.8583
-33.7967 48.6088 30.6686 -41.2159
-39.0764 73.3226 42.5649 -59.301
-43.9748 100.297 54.9838 -78.2158
-27.3186 71.1083 50.9821 -71.7688
-33.7351 58.7784 53.0963 -72.2116
-38.654 85.507 65.8038 -91.1728
-28.93 80.1821 55.1618 -76.8018
-16.8616 67.0317 42.8161 -59.8293
-22.3085 93.5471 55.2792 -78.9081
-30.6272 87.1899 56.9543 -81.618
-30.7477 86.1539 55.0596 -79.0825
-35.8586 112.824 53.3993 -82.2616
-32.3756 96.3453 56.0431 -83.5904
-19.77 83.4143 55.6992 -79.5818
-31.4751 98.082 51.1313 -79.0175
-41.5193 114.83 50.2801 -82.8723
-28.5713 81.8694 36.6371 -61.711
-33.2675 110.31 50.0399 -81.9323
-19.625 40.6745 39.7889 -58.9839
-22.8097 12.9634 30.6047 -40.1252
-27.6214 41.0447 44.017 -60.4506
-16.4737 37.511 50.4052 -70.0619
-16.8381 1.36861 35.0043 -41.511
-12.8446 23.8866 49.4473 -62.8824
-17.1074 54.1731 64.0119 -84.2492
-25.1757 48.6723 60.4012 -77.8396
-17.1564 67.0436 75.0175 -99.2291
-24.9261 54.0437 58.3928 -74.4239
-29.5958 84.1617 73.0533 -95.848
-19.5406 80.7707 70.8592 -94.8848
-30.9501 93.18 65.0743 -89.8938
-21.1415 89.2113 62.8954 -89.9356
-9.85773 81.4767 59.9304 -86.4431
-20.2362 96.3524 55.5551 -83.2468
-21.6471 105.799 56.4512 -85.7868
-20.3622 107.007 54.6378 -84.2774
-21.2091 114.776 56.1999 -87.4766
-20.7881 114.911 54.8742 -85.0918
-13.9408 136.856 72.2744 -105.99
-22.302 125.179 52.5908 -84.6224
-26.589 157.288 68.5591 -107.302
-22.3437 130.136 52.3937 -85.6152
-28.2314 109.757 37.599 -63.9365
-31.4947 144.357 54.5757 -87.9515
-21.561 142.267 38.3106 -68.236
-32.1893 153.335 55.2647 -92.2878
-20.3166 148.08 59.3379 -92.3813
-8.62745 136.2 59.3339 -87.1578
-19.1337 147.394 53.8124 -85.1925
-9.64538 56.8064 11.4963 -27.4079
-13.4979 91.2665 28.486 -51.6509
-9.04068 63.0136 38.4965 -59.7212
-12.3505 99.7638 56.7816 -85.1181
-6.04106 65.8442 44.5335 -68.8473
-9.35751 103.095 65.7336 -90.8626
-10.5576 110.866 70.3165 -94.4561
-14.1057 148.098 89.5665 -119.932
-9.89125 117.146 73.6067 -96.3277
-9.84188 115.423 75.2875 -91.2263
-13.6219 152.679 94.0657 -116.796
-11.7988 123.207 72.9137 -92.3761
-15.7332 160.49 91.6782 -117.969
-11.252 128.649 78.5049 -100.543
-0.920411 119.643 54.5776 -68.8462
-10.4197 131.531 76.4458 -94.2188
-20.1097 146.355 101.157 -116.597
-30.0362 154.413 101.645 -121.336
-15.857 77.5568 66.0382 -79.4262
-19.5785 118.298 86.5108 -106.562
-24.0437 158.87 107.607 -133.089
-27.9557 199.581 128.206 -160.1
0.54549 51.8699 53.1295 -61.6632
-3.49512 95.2625 74.7271 -89.9796
-3.03104 96.0307 81.6247 -97.692
-1.69809 97.5291 84.5292 -99.0469
-3.46844 108.779 90.5833 -105.028
-7.89702 153.522 112.924 -133.744
-3.60884 118.832 95.0771 -108.54
1.04579 75.9701 95.3507 -104.196
-3.60705 121.032 117.728 -132.995
51.6891 -65.5513 49.2977 -83.1188
44.8578 -19.3251 71.9138 -111.141
37.784 29.3695 95.441 -140.287
31.8061 61.4471 115.169 -163.88
42.8441 -23.3728 99.8335 -134.327
35.3519 27.3318 124.203 -163.971
32.777 34.2076 125.21 -165.567
24.5898 85.0142 118.491 -158.974
29.5786 35.0622 117.856 -157.554
30.0066 23.8821 111.853 -149.318
34.3499 65.2721 102.828 -141.566
27.8609 21.6817 102.385 -141.215
27.8277 17.9574 99.5103 -136.015
19.099 74.6714 125.926 -167.138
20.078 67.8289 122.408 -163.07
10.7639 124.706 149.505 -193.462
13.9326 97.3088 117.166 -154.558
20.674 60.9508 113.391 -146.909
11.4605 118.473 139.352 -178.229
27.2298 26.0877 103.384 -135.062
27.3828 -41.5773 99.0051 -126.983
30.6145 6.89791 124.587 -158.494
26.1035 33.1692 95.7368 -121.826
26.3495 36.0481 96.686 -118.439
15.8768 101.566 95.3415 -115.137
24.6184 56.1168 101.922 -121.042
-3.46109 216.489 104.446 -120.668
-14.315 282.744 101.551 -117.493
-19.0609 309.596 101.561 -120.454
-13.3412 266.398 65.6576 -72.5927
-24.5957 333.499 91.6162 -106.75
-30.2352 356.458 92.9812 -108.143
-44.047 426.551 120.244 -142.182
-0.532378 143.525 37.8988 -43.8851
-14.481 221 51.5886 -61.9739
-6.83655 177.246 63.3038 -77.5702
-21.2299 255.435 71.5031 -88.6484
-23.7297 268.855 77.811 -96.053
-14.4284 213.95 79.9968 -94.5028
-29.5203 293.336 107.125 -130.422
-32.329 305.021 85.8026 -102.052
-33.5611 301.029 63.4761 -66.3634
-47.6902 372.579 87.515 -101.517
-30.591 287.527 107.704 -137.734
-23.7809 247.322 57.5937 -60.374
-27.554 238.794 77.0843 -95.6157
-3.77844 190.386 48.3816 -56.0377
-14.4696 242.823 69.4297 -88.5225
30.0475 -9.84606 32.6286 -53.8566
37.0964 -36.7765 37.3662 -61.5212
25.9747 17.7575 55.4619 -96.0516
14.853 72.2915 75.1491 -128.558
29.8991 59.0264 61.7919 -110.338
32.8047 -10.314 80.6559 -141.789
38.0852 -29.1819 81.1471 -138.98
56.1033 -137.554 34.2757 -55.2901
36.6184 -65.0122 39.7801 -69.723
20.0982 0.262165 44.5346 -88.17
21.5102 -4.10219 47.8121 -97.6372
42.7862 -88.4279 33.0989 -69.8366
31.2343 -39.2414 47.736 -101.211
19.4271 4.8528 43.5594 -104.614
-4.58444 78.4998 35.8837 -79.4187
-14.1651 119.038 48.5678 -109.981
-15.7436 134.71 31.748 -72.2744
-25.7454 175.304 43.3669 -102.772
-16.013 102.815 40.0376 -100.582
-21.1831 138.311 47.5865 -131.859
-19.167 102.337 30.061 -95.127
-6.47512 40.7974 12.3974 -53.3446
-17.0882 82.4876 19.4877 -83.5901
-24.9282 106.312 18.3086 -83.1326
-23.8014 77.3081 -2.73155 -39.8702
-33.0864 110.567 1.7399 -68.9146
-41.975 143.962 6.02888 -98.1677
-47.7319 162.311 2.39037 -111.702
-46.4574 155.172 -0.311302 -120.909
-27.3011 87.6036 -2.2403 -109.501
-36.5679 121.4 -1.40087 -138.659
-43.6567 122.466 -20.6476 -15.4443
-53.4133 156.949 -24.8666 -40.0326
-55.3213 163.521 -41.1569 -60.337
-41.7091 126.525 -52.9313 -66.327
-24.02 65.3598 -30.8781 -0.0240467
-31.9612 92.1859 -52.5928 -27.4137
-36.7632 106.205 -71.0954 -37.9455
-24.0308 71.8819 -80.9828 -39.2107
-20.8037 63.6946 -97.9716 -44.9607
-16.3267 50.6101 -109.485 -44.0599
-13.6371 40.7205 -93.0192 -19.1504
-22.2761 68.0343 -145.078 -46.4175
-28.9842 85.5896 -178.347 -48.9914
-37.8645 112.93 -239.148 -76.1507
-37.1074 109.032 -286.213 -75.1684
-43.5218 128.92 -352.278 -99.6937
-17.9851 56.9973 -437.323 -50.8518
-9.70207 33.6625 -533.131 -41.7163
-16.3837 53.8137 -691.055 -66.3947
-12.4562 42.3438 -909.326 -58.3648
-13.6722 41.086 -2486.14 -22.3316
-11.3458 26.7579 147.232 50.1349
-18.564 47.2898 391.154 25.0656
-25.7822 67.8216 635.075 -0.0037383
-31.1523 82.5304 860.467 -21.8171
-33.7973 90.6145 747.784 -27.9081
-25.8914 71.5887 675.584 -27.11
-5.9321 22.2534 550.873 -14.894
-10.7989 36.0964 677.296 -37.5399
-6.43358 12.6353 67.2736 79.8125
-11.6233 26.6256 144.444 57.5234
-10.8953 28.3263 123.011 67.3906
-11.5885 32.4643 160.28 53.3445
-15.6349 43.1855 199.018 37.696
-9.9619 31.7066 209.821 32.1696
-11.9073 38.9332 263.14 13.0481
-7.17047 27.3734 238.058 19.1619
-1.17734 14.513 230.147 20.3034
-4.18699 22.6311 280.148 1.26012
-1.86052 15.0807 233.179 18.6317
1.45021 1.92797 133.638 61.9593
-1.67796 10.0783 176.422 43.003
-4.80612 18.2287 221.607 24.0166
-10.1131 28.887 229.652 20.6178
-4.85087 16.7985 268.886 3.13615
-1.35606 8.82897 215.818 31.3761
3.17518 -1.45052 204.931 39.2487
2.47586 -4.14684 154.368 66.5464
1.70302 -1.06633 189.522 51.2899
-1.16916 3.62234 187.569 54.3471
0.470533 -2.93505 146.031 78.239
-0.333606 0.149394 180.338 63.0015
-1.69979 2.13969 180.303 65.3859
-2.5553 5.21369 214.003 50.7157
-0.633567 -3.35139 138.025 94.2345
0.721198 -4.51541 165.98 82.6886
1.94465 -7.25746 162.462 87.5196
2.07374 -9.34216 132.557 107.13
3.4396 -10.4985 159.52 95.5912
-13.2412 25.9926 130.703 118.257
-19.9443 31.4345 154.509 103.786
-27.3769 45.0254 154.151 105.855
-30.1228 49.9089 129.723 125.872
-29.2005 49.1788 152.226 110.851
-27.2159 46.3917 151.641 113.549
-24.564 41.8376 146.324 120.361
-21.277 37.3007 167.631 112.628
-18.4025 32.7063 142.676 127.373
-15.8984 28.1631 106.121 158.814
-12.5564 23.6712 126.645 151.045
-10.3706 19.5641 98.5992 149.86
-6.87511 15.0417 115.877 137.912
-3.64989 10.597 116.263 139.719
-1.22249 6.88231 123.558 131.795
1.9166 1.9968 127.527 128.596
5.38682 -3.92718 139.194 119.702
8.98206 -9.84606 128.554 129.332
14.0126 -16.7408 132.829 135.581
14.9614 -20.6308 126.514 130.498
14.9001 -22.723 117.047 137.836
19.9938 -29.6831 132.723 133.965
15.5596 -24.7479 120.54 133.126
20.6876 -31.6776 136.018 129.3
4.22997 -11.4303 85.7918 128.164
10.056 -19.2721 99.783 125.825
17.3522 -30.8555 95.7784 117.378
16.1624 -29.5692 88.2136 112.755
23.0231 -38.9356 100.372 112.644
6.10211 -15.3453 101.108 111.136
13.0006 -24.6623 101.487 109.328
15.2408 -27.9407 101.652 107.908
13.6431 -25.6767 100.988 106.737
11.4877 -22.936 112.594 106.734
16.1964 -29.5731 100.38 103.952
7.83357 -16.0347 87.0981 101.881
16.261 -27.4091 96.6804 105.28
18.4688 -33.3 94.2114 106.995
15.5199 -31.0223 86.3898 113.865
20.3684 -36.3193 89.5972 109.812
23.2689 -40.2838 94.3716 118.119
6.63098 -16.9866 65.1319 103.878
15.1701 -28.1115 74.4806 107.373
22.1282 -38.3088 83.9577 110.871
17.4996 -28.1327 73.4398 99.3195
26.3947 -39.6312 82.3247 103.601
19.3116 -34.9969 83.0913 100.98
15.726 -30.8622 80.329 102.802
19.1148 -34.818 69.599 95.5185
27.2809 -46.6625 75.1864 104.956
28.1392 -47.7473 72.8332 104.224
23.6345 -38.2351 80.362 110.985
21.8205 -38.2576 69.0769 100.321
13.7782 -29.6967 57.0065 89.4283
23.7953 -42.1949 56.1456 86.1483
33.983 -54.9537 63.4346 93.4173
12.9365 -28.4763 61.2543 92.239
24.0607 -42.4959 58.4563 91.2029
20.1908 -37.6495 55.7742 90.1218
15.8433 -32.1159 52.9693 88.0866
23.6683 -41.5939 59.073 98.0062
30.2175 -49.229 47.7965 85.6178
22.0488 -38.9177 45.6301 82.2467
33.2908 -52.6103 51.8587 92.0823
22.0526 -38.2554 41.5798 77.7859
13.4917 -23.5947 -0.75504 10.8591
25.7921 -38.1707 4.64148 23.5726
20.4183 -29.948 -12.413 -3.3426
32.7549 -44.3895 -6.91994 9.35115
45.0914 -58.8309 -1.42686 22.0449
40.7623 -49.7789 -23.9925 -18.4279
36.6287 -44.3072 -32.1722 -31.1382
44.5673 -56.4806 -26.5575 -18.453
18.0489 -22.2318 -37.1113 -29.4729
30.5456 -36.2039 -28.3386 -20.9179
22.0971 -22.0256 -20.583 -31.3136
35.4922 -36.7692 -15.7115 -15.8111
39.4141 -39.7849 -65.6876 -74.3821
52.8512 -54.4202 -60.421 -58.9685
42.941 -44.9619 -85.6477 -94.5008
54.3653 -58.6111 -80.2432 -79.1046
44.8958 -43.687 -69.648 -83.8629
42.273 -40.8039 -68.7803 -82.6102
51.4434 -53.4438 -72.1379 -77.7355
41.1339 -39.3242 -72.5254 -70.7636
21.9607 -16.9874 -70.4398 -71.6597
32.6347 -30.628 -72.5604 -62.2887
42.1794 -39.7852 -72.0754 -54.5348
19.7303 -17.0799 -74.9727 -61.1587
34.0096 -31.8218 -69.76 -43.0387
48.3861 -46.4161 -61.5751 -29.3263
56.958 -54.5405 -63.0985 -19.3356
51.4169 -48.1333 -64.3799 -27.4124
13.4916 -11.4695 -67.6018 -31.9454
27.79 -25.8848 -59.1994 -18.4451
37.9076 -35.2239 -56.5572 -13.6838
52.684 -50.2033 -58.7145 -1.55044
44.2208 -41.5794 -51.919 -0.0518856
37.9622 -36.1093 -49.2981 5.29074
52.7849 -51.0138 -44.6564 26.6258
45.6312 -44.6011 -48.7831 23.4117
15.2185 -14.1436 -43.2668 -8.51149
29.9898 -28.7125 -38.5288 12.8118
44.7997 -43.2403 -33.8192 34.1075
63.4455 -60.3775 -25.025 49.0687
57.915 -55.9464 -27.3969 42.23
35.2269 -36.388 -24.4926 46.4734
28.0088 -26.8488 -15.2446 62.852
31.6073 -32.8642 -25.2929 12.1093
37.2292 -38.6143 -21.2513 36.8467
22.8245 -26.2185 -21.1744 24.4801
37.954 -40.7872 -17.113 49.2013
50.6467 -54.7975 -19.7093 64.7873
44.1615 -47.504 -12.8653 63.3087
14.6167 -18.6641 -5.30349 57.9642
24.8875 -31.8808 -1.23327 82.7003
34.224 -40.3574 -6.20377 81.3309
24.3089 -30.7223 -11.5288 77.0698
38.9488 -45.269 -2.85257 96.6664
44.3947 -50.2982 6.28632 92.2039
59.7348 -64.9279 0.874612 108.261
35.0626 -43.1017 2.75928 116.683
32.2409 -38.6062 6.18161 145.034
34.6035 -43.1211 -0.88401 117.329
49.8637 -57.5184 2.68647 145.659
40.4035 -45.9501 5.50123 96.4707
55.8431 -60.3913 8.46985 127.265
37.747 -44.5653 7.15774 112.549
31.2713 -39.5985 7.93756 117.455
43.1433 -53.3339 8.95449 124.414
34.1207 -42.5683 11.7119 156.632
24.319 -23.7871 -31.828 -97.6513
41.0224 -37.8268 -33.9928 -82.1769
40.3262 -34.7981 -38.5566 -66.9315
50.7788 -47.7417 -41.9121 -57.5813
49.4704 -47.6332 -42.2561 -41.7486
39.0355 -40.2509 -42.2672 -29.4068
50.3766 -53.5615 -43.0917 -13.9157
40.7706 -42.5387 -44.1001 5.68212
38.6326 -41.1159 -45.0004 18.4213
25.4037 -29.0268 -41.0487 24.6718
40.7205 -42.7623 -38.3067 61.0894
48.2082 -48.4511 -45.5831 64.0084
16.958 -20.0099 -45.1726 72.6669
28.6351 -33.1069 -36.8351 99.2221
35.9634 -38.3477 -43.259 99.5685
15.6074 -18.9198 -42.3403 108.273
29.0445 -32.3395 -33.0989 136.327
37.9641 -38.733 -39.645 139.229
34.8252 -36.0788 -38.3001 147.894
28.9158 -31.2959 -36.4497 158.171
37.0354 -37.0613 -34.4234 172.611
36.9371 -29.2269 -35.9097 63.0147
52.1664 -42.5087 -33.1374 104.187
67.4887 -55.7654 -40.4636 128.986
33.4502 -22.8515 -29.4352 153.942
22.7595 -22.0551 -11.2168 130.041
38.0038 -35.3323 -28.7747 144.147
54.5701 -48.2822 -27.7247 162.266
69.7801 -61.5423 -37.8582 188.097
41.721 -40.0722 -25.5563 181.026
9.67919 -15.1946 -23.7824 149.087
24.7786 -28.2965 -21.5854 195.574
34.1945 -35.2851 -10.6298 223.925
43.7344 -42.4264 -17.3021 215.551
58.6999 -55.5459 -26.7643 240.944
17.7702 -21.8956 -12.1884 185.361
32.7223 -34.9626 -10.6316 237.915
40.9224 -41.1964 -9.21067 247.872
13.8292 -17.5938 -7.37184 250.842
28.6742 -30.5638 -5.7079 303.46
35.6052 -36.1965 -4.60633 228.038
37.0204 -37.7976 -2.53104 280.778
51.7462 -50.7052 -2.19328 292.846
55.581 -54.1276 -2.22953 293.33
16.1964 -23.8191 -0.565586 285.668
30.7903 -36.6769 1.06011 295.526
33.7007 -38.6838 2.35953 306.159
12.3683 -15.587 12.8663 86.2585
26.6466 -28.3927 13.3429 146.553
30.8306 -30.3051 12.0241 5.41711
44.9484 -43.1245 12.084 66.0378
36.5026 -37.4314 -43.9166 -5.57565
35.1375 -37.8457 -59.4186 23.9102
49.1593 -50.6244 -41.9624 52.0084
55.4611 -56.6962 -49.5684 70.7732
11.6423 -22.8319 -60.286 57.6631
25.4607 -35.6379 -45.6245 99.485
28.5766 -38.1083 -43.8936 127.789
10.5737 -21.6618 -56.0124 118.551
24.2853 -34.4216 -45.5113 167.886
15.869 -24.7612 -50.2801 124.185
29.5087 -37.4883 -49.091 194.768
15.2006 -22.6986 -48.7373 217.425
28.7645 -35.3908 -63.1512 254.42
32.358 -36.9914 -49.399 241.375
10.0641 -14.9068 -48.9696 244.4
22.9517 -27.5696 -61.7035 294.281
30.0589 -31.9529 -47.0693 286.87
28.5843 -29.9257 -46.9636 294.289
16.2949 -17.7922 -44.7117 305.065
31.4708 -30.4977 -43.8193 326.178
38.5054 -35.3601 -43.4499 337.146
32.6174 -30.5585 -42.1633 334.362
25.3878 -24.4543 -40.762 417.7
7.39975 -3.93905 -39.6836 206.348
20.0696 -16.6176 -37.96 290.09
34.9716 -31.4041 -41.72 343.81
50.8429 -40.0071 -69.6915 203.673
30.1407 -22.1607 -58.8872 52.943
40.6369 -35.0174 -63.7275 107.528
41.7002 -37.1651 -69.0361 83.9533
24.056 -21.5093 -74.3152 -23.1094
35.7924 -34.453 -79.7824 32.0892
39.6902 -38.4701 -86.1709 7.40229
16.4792 -15.8463 -91.1222 -108.281
28.9661 -28.8486 -97.5037 -52.3981
31.3055 -33.1924 -103.594 -76.1287
22.8478 -22.7025 -102.506 -74.2919
35.1524 -35.8102 -111.324 -27.5151
34.8212 -37.4757 -110.044 -97.9493
46.8473 -50.809 -120.521 -50.3798
20.4919 -20.7308 -100.399 -126.59
29.333 -30.4511 -106.618 -91.072
41.2938 -43.6039 -121.522 -43.2105
53.2545 -56.7566 -136.425 4.65105
35.3844 -37.4902 -169.171 291.288
47.1461 -50.6968 -202.699 331.718
58.9018 -63.9069 -236.159 370.997
41.9885 -53.5354 -339.189 300.78
27.1794 -35.6926 -684.615 186.099
23.0674 -30.6507 585.719 76.7607
19.509 -25.9964 95.9001 48.3475
30.9665 -39.2652 138.683 85.9779
25.8317 -24.1933 14.5034 75.1825
37.1151 -37.4625 24.6725 113.659
48.3986 -50.7316 31.1845 152.194
16.8381 -18.3488 1.53514 29.332
27.8718 -31.5681 1.607 59.578
39.0567 -44.7904 1.67887 89.8239
38.4774 -45.5649 -9.84521 63.8696
28.1325 -36.273 -10.3139 94.2297
26.3495 -34.8382 -9.12175 57.9794
21.4705 -30.3293 -9.6093 49.3056
32.2152 -43.6076 -12.105 79.66
24.2557 -32.5325 -5.003 73.0988
11.3768 -16.1983 -1.79378 36.6894
21.8777 -29.378 -7.00758 61.3603
24.451 -33.8464 -7.61361 61.2207
15.9915 -22.3293 -5.66345 15.7079
26.9792 -35.544 -11.9161 38.1569
5.93438 -9.65013 -6.34158 14.0141
16.0846 -22.8188 -7.11222 16.7277
26.2348 -35.9876 -13.9875 39.0947
35.371 -45.8876 -7.50569 78.372
45.4169 -59.1047 -14.4202 100.787
17.2523 -26.625 -12.8395 39.9683
26.947 -39.8512 -20.5628 57.7525
27.7799 -40.2976 -31.5631 63.6005
34.7298 -47.5551 -25.1975 45.4352
27.6378 -40.4123 -26.7474 30.179
37.0799 -53.6486 -35.1001 45.4119
15.2679 -23.5784 -17.0448 22.1123
24.7917 -36.6377 -25.8785 37.0639
28.1578 -40.2264 -26.5714 39.7624
23.4284 -34.7997 -35.7805 54.7315
24.0165 -35.1762 -27.1494 28.7963
20.2473 -30.8716 -26.9646 19.8849
16.6304 -26.7417 -23.7798 21.7643
21.3032 -30.928 -33.2332 30.0983
26.5272 -36.2977 -26.0702 13.4999
23.4926 -33.07 -25.6878 8.40102
18.8259 -28.07 -24.883 4.16694
17.2292 -23.0596 -15.047 4.34851
26.0964 -35.9435 -25.0715 12.387
28.7068 -39.1487 -25.7252 15.2423
37.3169 -52.1977 -25.4 11.5961
23.4309 -34.2257 -25.9483 9.45111
19.5135 -30.104 -25.5403 1.57373
15.9032 -26.2277 -14.557 -9.58116
24.3262 -38.9581 -24.9261 -7.55681
19.8216 -30.1785 -25.4472 -7.42078
14.866 -18.1449 -6.28949 -7.13435
23.135 -30.8255 -16.7799 -5.26614
31.2314 -43.6408 -27.2834 -3.27996
36.1812 -51.096 -35.9112 9.95972
33.5644 -48.4378 -31.1196 -1.86135
22.1755 -36.9221 -30.4691 -4.67843
30.1464 -49.4269 -38.6213 7.68618
15.132 -28.5004 -28.5454 -14.4707
23.3959 -41.1041 -29.596 -34.5705
13.873 -25.6666 -25.7778 -18.4797
13.2905 -24.7633 -25.5053 -17.0767
20.9635 -37.2444 -24.5366 -15.7536
18.7938 -29.9467 -24.7228 -17.2576
18.5979 -29.5782 -24.0942 -16.2531
10.8952 -18.1959 -21.3663 1.29272
18.3919 -30.5438 -31.7346 -3.74776
10.2446 -14.3357 -0.983693 -29.1085
13.6407 -20.0794 -9.76221 -24.9624
21.355 -30.771 -13.5482 -30.34
28.4927 -42.9862 -23.6276 -38.3519
23.4333 -36.6861 -20.2872 -35.1266
19.5959 -33.6163 -22.3295 -28.6463
15.2243 -29.3617 -23.5335 -22.8913
17.1802 -32.23 -26.4797 -41.4313
15.1897 -30.8329 -25.8662 -24.6594
13.5894 -28.1904 -27.6341 -45.432
16.5262 -31.6493 -26.1517 -30.802
15.3112 -30.0921 -25.7765 -32.8917
12.7189 -27.1505 -25.2114 -32.9634
11.307 -25.0857 -23.7643 -21.7487
19.4564 -37.1433 -33.221 -33.528
19.1933 -34.3946 -26.1595 -45.0358
25.5429 -46.4024 -33.7542 -27.0178
12.6959 -23.4078 -18.3741 -34.3274
19.1202 -35.3039 -27.7049 -46.1466
19.7617 -36.8199 -27.5036 -27.3255
24.6719 -48.3349 -36.2107 -42.1846
15.5057 -31.5524 -26.999 -52.1953
12.6165 -27.8714 -26.6673 -43.0075
18.6509 -39.4787 -33.8008 -25.7157
13.4632 -27.5042 -23.988 -42.0491
13.1893 -26.6418 -22.7311 -40.7345
19.0296 -38.295 -31.4552 -55.4523
13.3398 -27.9768 -20.5066 -42.9026
18.1137 -32.5396 -19.9673 -57.5814
7.50366 -14.4704 -13.7171 -57.832
13.1102 -25.6944 -20.5991 -40.4009
13.6217 -27.6121 -19.6263 -44.2056
12.3904 -25.8849 -18.3883 -43.7334
17.7999 -37.1782 -26.2058 -60.869
17.6429 -34.8779 -24.9347 -58.7258
9.58039 -17.7978 -7.59217 -83.5809
14.9702 -29.0295 -14.7617 -72.6324
13.9444 -27.7582 -22.7344 -89.6935
19.314 -38.9675 -30.3442 -106.805
24.9111 -44.739 -15.2375 -90.4946
17.8706 -37.3019 -17.8508 -59.2485
22.9186 -48.1618 -24.4949 -78.246
9.46679 -26.836 -17.8445 -55.4044
2.04866 -11.1968 -10.5945 -24.5905
6.9452 -22.0548 -17.2002 -43.4165
11.8824 -32.9043 -23.7167 -62.2809
17.5663 -34.6817 -12.2184 -69.5082
7.84051 -16.2396 -13.5807 -61.362
11.1594 -26.9479 -15.3879 -47.2577
4.14531 -10.058 -8.23917 -15.5602
8.71028 -20.4889 -13.7875 -35.6283
13.2676 -30.9064 -19.3092 -55.7461
15.2576 -30.9907 -2.98652 -74.0417
19.7629 -41.4075 -8.47279 -94.1071
21.1069 -43.8085 -12.0092 -85.5347
16.9354 -35.4379 -12.4546 -109.486
10.3701 -30.5761 -16.0469 -64.5843
6.46682 -24.8169 -18.0867 -49.6571
10.7479 -35.2705 -23.5675 -69.493
5.27839 -23.5266 -13.875 -68.1121
6.73861 -22.8083 -12.6074 -49.4203
5.25765 -20.8449 -7.98735 -60.4928
9.29565 -30.8296 -12.4591 -81.2598
4.90793 -22.2038 -4.76633 -68.2211
7.75686 -30.1395 1.14124 -80.952
11.7191 -40.1199 -3.1764 -101.61
19.6007 -43.0683 -7.4149 -67.8881
10.2064 -26.8152 -6.38347 -32.1756
14.1339 -36.7884 -10.5955 -52.6681
13.9965 -35.9211 -9.09714 -58.0567
17.6528 -45.5254 -15.2981 -48.6504
9.12851 -24.8008 -7.15951 -56.417
7.57743 -22.2916 -7.21119 -51.379
3.54573 -8.46865 -2.01015 -19.5982
7.06672 -17.9491 -5.36442 -40.3964
10.5877 -27.4295 -8.71869 -61.1947
15.7337 -31.2078 5.73017 -73.9999
19.1799 -40.7013 2.40238 -94.7219
22.6261 -50.1948 -0.925409 -115.444
8.88558 -25.8522 -0.666862 -72.5091
12.1055 -34.9633 -3.36529 -93.2693
15.266 -43.9431 -5.87965 -114.089
11.9357 -40.4105 -10.6136 -104.218
9.88019 -38.0322 -15.497 -91.5279
12.9691 -47.0241 -18.0653 -112.261
-1.51652 -11.4757 -16.3365 -39.3738
1.51052 -20.4631 -18.8765 -59.977
4.53756 -29.4506 -23.2161 -65.2232
9.14569 -26.9141 -7.80441 -81.8915
12.1325 -35.8981 -10.319 -102.416
8.24902 -23.7038 -10.4394 -59.4532
5.99352 -19.5723 -11.0586 -47.9584
8.6318 -28.0322 -13.0413 -68.1995
5.84896 -17.1329 -4.82327 -46.917
5.90172 -16.3631 -2.20522 -46.2185
8.49421 -24.8176 -7.82956 -39.1565
7.38381 -17.9645 2.06482 -48.3367
7.11192 -17.7476 2.21366 -45.7802
6.22011 -16.5752 1.60418 -41.1264
7.63022 -19.166 1.44582 -31.5305
9.23529 -21.8497 6.42779 -54.0133
9.80295 -23.4227 7.62219 -57.8287
9.36339 -20.7203 16.7002 -23.2516
6.93743 -8.6707 21.0043 -45.9853
9.1713 -16.5031 20.0213 -65.2364
11.6998 -22.7869 17.1172 -70.0643
13.9154 -30.6205 16.1317 -89.2879
9.42456 -29.7382 6.82301 -69.4685
11.7939 -37.5887 3.05418 -71.3199
5.37494 -23.5839 -1.00112 -67.2704
7.38441 -31.1089 -1.5886 -85.9968
3.29851 -20.2789 -7.98536 -50.8224
2.53743 -18.1945 -9.07641 -44.6574
4.33615 -25.4248 -9.78625 -62.89
3.35141 -17.1439 -5.1384 -45.2199
1.03043 -7.74748 -3.45632 -22.3223
2.5496 -9.63752 -6.80192 -25.1258
4.34456 -16.8506 -1.00591 -45.5211
7.67283 -22.22 4.43304 -59.4303
6.33547 -20.9927 1.90899 -54.5305
7.98677 -27.9174 1.47951 -72.1245
3.5989 -9.48582 9.53452 -39.8657
5.09697 -16.0246 9.38598 -56.7584
6.59505 -22.5634 9.23744 -73.6511
5.81812 -15.8494 10.3209 -58.1437
7.26994 -22.3907 10.1399 -74.9742
8.69834 -28.9663 9.67528 -91.8508
9.88473 -35.487 5.73033 -85.8078
5.16225 -25.7233 -3.64076 -68.3874
1.22539 -19.34 -11.8673 -47.391
-1.26596 -14.0765 -19.3357 -10.1042
-0.0817796 -19.895 -19.2204 -25.4555
-0.662864 -7.79861 18.6024 -36.7598
0.461106 -13.6217 18.7044 -52.0365
6.32244 -11.7718 11.6215 -29.8429
7.42925 -17.5878 11.681 -45.0841
7.05064 -18.2567 8.17725 -41.3725
5.66464 -18.1932 4.9462 -47.1963
3.49875 -15.7116 1.87006 -42.7913
1.96429 -13.3256 -4.42735 -21.5088
1.00925 -11.6543 -4.35684 -36.1962
0.433141 -6.71035 1.01809 -39.6066
1.27556 -11.7447 1.26188 -53.0993
2.60233 -12.6095 -2.3831 -16.7799
1.80705 -11.3848 -2.14992 -30.2279
2.65794 -12.0257 1.67012 -32.3002
2.18863 -11.0537 1.24191 -29.6729
1.5986 -9.89427 -1.48547 -15.7632
0.915653 -9.09807 2.82105 -30.1531
2.55908 -10.933 4.79801 -34.7866
2.46719 -10.7818 3.46687 -31.8896
0.875795 -3.72035 -0.578751 -14.4382
1.47515 -7.911 2.88163 -26.5552
2.26315 -8.79294 4.58526 -28.7725
2.11698 -8.28916 0.60429 -9.54225
1.50537 -7.43561 2.14616 -21.1848
2.58329 -8.63019 3.6451 -23.3204
2.49518 -8.42517 3.5003 -22.2948
5.80265 -5.07195 13.7259 -12.6556
6.27337 -9.26718 13.9318 -23.9662
6.6873 -13.3615 14.0547 -35.0251
6.18032 -15.7418 10.9759 -33.4225
0.11235 0.111194 2.45927 -10.732
1.39934 -3.28504 6.75249 -19.8526
2.87047 -6.76568 6.51087 -25.8473
3.59646 -9.41734 5.69236 -28.7882
1.98761 -5.24097 2.34656 -25.6984
1.64366 -8.42198 2.53285 -34.7361
1.39674 -8.81694 -1.30732 -22.9369
0.798583 -8.25635 -2.2196 -21.9609
1.04661 -11.4899 -2.88391 -20.4181
0.462349 -9.77099 -2.59956 -26.8939
0.420657 -3.53991 -0.837947 -10.5324
0.551883 -5.83901 -0.623712 -16.9997
0.758075 -5.71469 0.224881 -16.7315
0.876349 -8.01484 0.407168 -23.1982
1.11319 -5.74776 -1.62578 -15.9838
1.22606 -8.0476 -1.45417 -22.4445
0.605271 -4.15455 1.84605 -16.8055
0.197256 -3.30979 1.97665 -23.263
0.857726 -4.17057 1.01556 -14.5301
0.534191 -3.25588 0.0122828 -10.2075
0.563102 -4.48991 0.174819 -13.7875
1.32944 -1.93416 1.25713 -5.07232
1.37899 -1.20573 1.69865 -3.11154
1.40175 -2.43966 1.85117 -6.68713
1.54057 -0.395332 2.59801 -0.995551
1.62822 -0.247295 2.88293 -0.456859
1.81927 -0.456204 3.81451 -4.21493
2.21473 -1.30685 4.3114 -3.06782
2.99681 -0.392141 5.25991 -2.67449
2.9843 -0.581769 5.36577 -3.32808
2.82592 -1.1996 3.94965 -2.0952
2.81324 -1.2827 4.05833 -2.45246
2.80056 -1.36579 4.16701 -2.80973
1.47145 0.788171 2.19407 0.913755
1.45806 0.705153 2.30034 0.555801
1.44467 0.622135 2.40661 0.197846
1.39449 0.643941 1.2688 1.77572
1.35516 0.561401 1.37314 1.41709
1.42264 0.508159 0.851475 2.32076
1.44132 1.47062 0.956816 5.00553
1.4112 2.49792 1.28721 7.77627
1.46404 3.65732 1.46139 11.0054
1.48663 4.76464 1.52128 14.2751
1.81693 4.97454 2.39011 14.8318
2.23809 4.69023 3.87365 14.0436
2.57673 4.2751 4.35899 13.1173
2.60109 4.39637 4.38285 13.5784
2.70467 4.09876 4.61345 12.8744
2.74733 3.69417 4.69999 11.8557
2.52059 2.96083 4.0064 9.86803
-12.5754 -8.41076 -13.3693 -0.139184
-12.6324 -8.68051 -13.4397 -0.981635
-12.6576 -8.64437 -13.4425 -0.941655
-12.8837 -8.72956 -13.9896 -1.23943
-12.5032 -7.70998 -13.1484 -1.37097
-11.9387 -6.43576 -13.1259 -1.29184
-11.9387 -6.43576 -13.1259 -1.29184
-9.2246 -2.73001 -7.74408 -1.82319
-9.23692 -2.72976 -6.94842 -2.08737
-7.91844 -1.75419 -6.24574 -1.77425
-7.31093 -1.39088 -5.61597 -1.71197
-6.73364 -1.09869 -5.06205 -1.63871
-5.67791 -0.647781 -4.13503 -1.46601
-5.67791 -0.647781 -4.13503 -1.46601
-5.67791 -0.647781 -4.13503 -1.46601
-4.32131 -0.260793 -3.07785 -1.23066
-4.32558 -0.0469152 -3.07785 -1.23066
-4.32558 -0.0469152 -3.07785 -1.23066
-3.55764 -0.106688 -2.54326 -1.08926
-3.55764 -0.106688 -2.54689 -1.08918
-2.89008 -0.167281 -2.10982 -0.969303
-2.59265 0.0207847 -1.9268 -0.909908
-2.31505 0.16552 -1.7644 -0.850051
-2.31505 0.16552 -1.7644 -0.850051
-1.81094 0.0881923 -1.48053 -0.757602
-1.58419 0.0993723 -1.36042 -0.714053
-1.37367 0.113308 -1.25894 -0.669106
-1.18112 0.0423356 -1.25894 -0.669106
-0.993407 0.116568 -1.06824 -0.600198
-0.823024 0.115747 -0.990099 -0.566727
-0.659388 0.116419 -0.920572 -0.533984
-0.659388 0.116419 -0.85526 -0.50887
-0.376463 0.105525 -0.798461 -0.483068
5.06378 -17.0475 2.87713 -12.4451
11.746 -38.2938 11.5746 -28.8928
17.1444 -58.5846 11.5746 -28.8928
21.612 -76.364 13.7992 -53.3423
34.429 -94.1992 18.103 -86.9048
34.429 -94.1992 18.103 -86.9048
29.2052 -135.194 17.675 -90.5175
30.3569 -135.385 17.675 -90.5175
29.1949 -145.83 18.1018 -93.2415
29.0187 -150.43 17.1404 -97.0094
26.8315 -157.897 17.0714 -98.4658
27.1829 -157.935 17.0714 -98.4658
28.1189 -161.481 16.0889 -100.72
27.9467 -164.849 15.7713 -101.5
27.2871 -168.14 15.1794 -102.822
27.2871 -168.14 15.1794 -102.822
27.2663 -174.172 14.9027 -103.284
27.1261 -177.448 14.6878 -103.505
28.4269 -178.057 14.4006 -103.547
28.359 -181.154 14.2007 -103.7
24.9214 -195.777 13.3551 -104.494
24.9214 -195.777 13.3551 -104.494
24.3786 -197.832 13.1635 -104.711
23.8322 -197.902 12.9283 -104.738
24.5431 -204.743 13.0411 -104.105
24.6953 -208.271 13.0157 -103.693
24.2244 -211.822 12.72 -103.417
24.2244 -211.822 12.72 -103.417
24.9963 -218.003 13.0251 -102.757
25.1968 -221.452 13.0572 -102.294
27.5718 -226.005 12.4952 -101.05
27.5718 -226.005 12.4952 -101.05
27.7871 -229.171 12.5555 -100.525
-103.875 -115.948 16.3845 -102.441
-103.875 -115.948 16.3845 -102.441
-57.8017 263.25 14.7467 -100.262
-57.8017 263.25 14.4561 -99.5933
-60.1502 236.689 12.9669 -97.954
-56.1306 235.715 12.4224 -97.2253
-56.5813 228.818 11.5403 -96.1347
-59.6422 223.211 11.0699 -95.7501
-36.698 175.991 -18.3999 84.0635
-36.3346 176.075 -18.2263 84.1052
-45.0305 160.484 -12.742 72.6904
-44.6667 159.991 -11.499 68.9574
-41.2295 156.707 -10.8476 63.1959
-41.2295 156.707 -10.8476 63.1959
-42.3909 152.707 -8.1467 58.6193
-41.1916 148.676 -6.25847 52.7644
-41.1916 148.676 -6.25847 52.7644
-40.2806 146.746 -5.26381 50.0068
-38.4556 146.107 -5.26381 50.0068
-39.5191 142.997 -3.74839 44.9006
-38.7317 141.357 -2.93233 42.6131
-38.7508 141.489 -1.91575 41.737
-37.9596 137.571 -1.63491 38.1791
-37.2344 136.077 -0.945127 36.2022
-37.2344 136.077 -0.945127 36.2022
-36.4742 132.333 0.169347 32.3941
-36.0606 130.93 0.671081 30.6673
-36.5974 128.21 1.93763 28.3931
-35.0776 127.474 1.93763 28.3931
-34.5977 125.905 2.10285 25.8596
-34.1732 124.406 2.50799 24.4542
-33.4942 122.931 2.71046 22.2474
-34.6629 121.889 3.2642 21.7788
-32.7417 119.495 3.61215 20.527
-31.2107 118.865 3.64826 20.5224
