0.152145 -0.149082 -0.206798 -0.149102
0.152144 -0.149086 -0.206799 -0.149107
0.152143 -0.149087 -0.206799 -0.149107
0.152143 -0.149087 -0.206799 -0.149107
0.152135 -0.149127 -0.206787 -0.149117
0.152135 -0.149127 -0.206806 -0.149155
0.15213 -0.149145 -0.206813 -0.149176
0.152112 -0.149198 -0.206825 -0.149231
0.152109 -0.149196 -0.206835 -0.149229
0.152105 -0.14922 -0.20684 -0.149277
0.152076 -0.149265 -0.206856 -0.149275
0.151864 -0.149639 -0.207077 -0.149667
0.151864 -0.149639 -0.207077 -0.149667
0.15183 -0.149728 -0.207117 -0.14977
0.151796 -0.149726 -0.207142 -0.149819
0.151693 -0.149907 -0.207249 -0.149936
0.151663 -0.149955 -0.20728 -0.150028
0.15162 -0.149992 -0.207306 -0.15008
0.151537 -0.150121 -0.207405 -0.150149
0.15148 -0.150191 -0.207462 -0.15022
0.151346 -0.150282 -0.207559 -0.15031
0.151356 -0.150332 -0.207585 -0.150362
0.15129 -0.150402 -0.20765 -0.150431
0.151222 -0.150468 -0.207719 -0.150497
0.151073 -0.150594 -0.207864 -0.150624
0.151073 -0.150594 -0.207864 -0.150624
0.150991 -0.150654 -0.20794 -0.150684
0.150927 -0.150737 -0.208025 -0.150799
0.150927 -0.150737 -0.208025 -0.150799
0.150697 -0.150812 -0.208185 -0.150842
0.150595 -0.150836 -0.20826 -0.150898
0.150355 -0.150893 -0.208445 -0.150969
0.150355 -0.150893 -0.208445 -0.150969
0.150355 -0.150893 -0.208445 -0.15097
0.150079 -0.150992 -0.20864 -0.151021
0.149943 -0.150997 -0.208735 -0.151037
0.149793 -0.151023 -0.208836 -0.151049
0.14964 -0.151033 -0.208936 -0.151058
0.149481 -0.151034 -0.209038 -0.151059
0.148814 -0.15099 -0.209366 -0.151006
0.148835 -0.150977 -0.209459 -0.151002
0.148687 -0.150948 -0.209566 -0.150971
0.148517 -0.150923 -0.209696 -0.150905
0.14855 -0.150882 -0.209785 -0.150889
0.148248 -0.150819 -0.209896 -0.15084
0.148102 -0.150761 -0.210008 -0.150782
0.147958 -0.1507 -0.210122 -0.15072
0.147682 -0.15049 -0.210487 -0.15052
0.147512 -0.150472 -0.210471 -0.15049
0.147512 -0.150472 -0.210471 -0.15049
0.147373 -0.150384 -0.210589 -0.150401
0.147087 -0.150182 -0.210831 -0.150198
0.147087 -0.150182 -0.210831 -0.150198
0.146847 -0.149847 -0.211203 -0.149848
0.146847 -0.149847 -0.211203 -0.149848
0.146684 -0.149833 -0.211203 -0.149848
0.146554 -0.149705 -0.211329 -0.14972
0.146371 -0.149611 -0.211501 -0.149528
0.146174 -0.149596 -0.211501 -0.149528
0.145868 -0.149308 -0.211852 -0.149129
0.145868 -0.149308 -0.211852 -0.149129
0.145388 -0.148429 -0.21226 -0.14846
0.145388 -0.148429 -0.212398 -0.148443
0.14519 -0.148313 -0.212536 -0.148088
0.145312 -0.148088 -0.212674 -0.148071
0.14496 -0.147874 -0.212813 -0.147881
0.144888 -0.147504 -0.212954 -0.147504
0.144672 -0.147477 -0.213092 -0.147486
0.144604 -0.147099 -0.213231 -0.147095
0.144382 -0.14707 -0.213374 -0.147077
0.144236 -0.146865 -0.213515 -0.146869
0.143942 -0.146438 -0.213801 -0.146441
0.143942 -0.146438 -0.213801 -0.146442
0.143794 -0.146221 -0.213945 -0.146224
0.143732 -0.146292 -0.214006 -0.146142
0.143495 -0.145776 -0.214235 -0.145778
0.143345 -0.145545 -0.214381 -0.14555
0.14304 -0.145083 -0.214679 -0.145086
0.14304 -0.145083 -0.214679 -0.145086
0.142886 -0.144849 -0.214828 -0.144852
0.142671 -0.14468 -0.21504 -0.144528
0.142575 -0.144363 -0.215132 -0.144369
0.142418 -0.144123 -0.215285 -0.144126
0.142199 -0.143945 -0.215501 -0.143793
0.142199 -0.143945 -0.215501 -0.143793
0.14194 -0.143374 -0.215753 -0.143378
0.141717 -0.143189 -0.215973 -0.143037
0.141614 -0.142857 -0.216072 -0.142865
0.14112 -0.142088 -0.216556 -0.142091
0.14112 -0.142088 -0.216556 -0.142091
0.14112 -0.142088 -0.216556 -0.142091
0.140066 -0.14069 -0.217233 -0.140403
0.139818 -0.140647 -0.217382 -0.14038
0.139831 -0.14012 -0.217813 -0.140101
0.1396 -0.139972 -0.21804 -0.139751
0.1396 -0.139972 -0.218116 -0.139626
0.139368 -0.139426 -0.218266 -0.139398
0.139214 -0.139194 -0.218416 -0.139169
0.13906 -0.138964 -0.218567 -0.13894
0.13906 -0.138964 -0.218567 -0.13894
0.138834 -0.138338 -0.219077 -0.138368
0.138834 -0.138338 -0.219077 -0.138368
0.138297 -0.138324 -0.219083 -0.138175
0.13814 -0.13764 -0.219472 -0.137613
0.13808 -0.137709 -0.219531 -0.137523
0.138227 -0.137456 -0.219686 -0.137497
0.137834 -0.137197 -0.219774 -0.137174
0.137522 -0.136734 -0.220154 -0.13684
0.137522 -0.136734 -0.220154 -0.13684
0.13661 -0.136294 -0.220721 -0.135825
0.136883 -0.135836 -0.220721 -0.135825
0.13656 -0.135386 -0.220931 -0.135526
0.13656 -0.135386 -0.220931 -0.135526
0.136512 -0.135443 -0.221203 -0.135151
0.135938 -0.134933 -0.221412 -0.134847
0.135938 -0.134933 -0.221412 -0.134847
0.135915 -0.134471 -0.221687 -0.134466
0.135751 -0.13424 -0.221851 -0.134239
0.13528 -0.133999 -0.222064 -0.133925
0.13528 -0.133999 -0.222064 -0.133925
0.134969 -0.133997 -0.22223 -0.133691
0.135036 -0.133355 -0.222568 -0.133214
0.135036 -0.133355 -0.222568 -0.133214
0.134869 -0.133115 -0.222735 -0.132982
0.134409 -0.132316 -0.223197 -0.132321
0.134409 -0.132316 -0.223197 -0.132321
0.134063 -0.131798 -0.223333 -0.131854
0.134063 -0.131798 -0.223333 -0.131854
0.133889 -0.131545 -0.223721 -0.131552
0.133533 -0.131001 -0.224079 -0.131015
0.133533 -0.131001 -0.224079 -0.131015
0.133353 -0.13073 -0.224261 -0.130743
0.133293 -0.130233 -0.224629 -0.130176
0.133293 -0.130233 -0.224629 -0.130176
0.132804 -0.129873 -0.224816 -0.12989
0.132566 -0.129634 -0.225056 -0.129506
0.132251 -0.129557 -0.225056 -0.129506
0.132243 -0.128973 -0.225383 -0.128993
0.132053 -0.128661 -0.225575 -0.128683
0.131671 -0.128034 -0.225962 -0.128056
0.131671 -0.128034 -0.225962 -0.128056
0.131478 -0.127717 -0.226157 -0.127738
0.130887 -0.127374 -0.226418 -0.1273
0.130887 -0.127374 -0.226418 -0.1273
0.130896 -0.126733 -0.226747 -0.126755
0.130289 -0.126383 -0.227015 -0.126299
0.130289 -0.126383 -0.227015 -0.126299
0.129993 -0.126076 -0.227342 -0.124729
0.129993 -0.126076 -0.227245 -0.124583
0.129318 -0.124018 -0.228347 -0.124017
0.129068 -0.123113 -0.228929 -0.123002
0.128558 -0.122687 -0.229119 -0.12267
0.128461 -0.1228 -0.229215 -0.122499
0.128687 -0.122461 -0.229306 -0.12234
0.128373 -0.122364 -0.229306 -0.12234
0.128191 -0.122048 -0.229492 -0.122016
0.128011 -0.121718 -0.229677 -0.121687
0.127959 -0.121176 -0.230048 -0.121042
0.127648 -0.121076 -0.230048 -0.121042
0.127468 -0.120759 -0.230233 -0.120723
0.127108 -0.120119 -0.230604 -0.120084
0.127108 -0.120119 -0.230604 -0.120084
0.126928 -0.119803 -0.230789 -0.119767
0.126889 -0.119261 -0.23105 -0.119308
0.126569 -0.119157 -0.230961 -0.119182
0.126389 -0.118843 -0.231347 -0.118809
0.125822 -0.118494 -0.231515 -0.11823
0.125822 -0.118494 -0.231721 -0.118171
0.125671 -0.117569 -0.231889 -0.1176
0.125604 -0.117653 -0.231956 -0.117474
0.125287 -0.11754 -0.232279 -0.117222
0.125316 -0.116943 -0.232464 -0.116909
0.125078 -0.116695 -0.232711 -0.116471
0.125078 -0.116695 -0.232834 -0.116268
0.124786 -0.115982 -0.23302 -0.115955
0.124463 -0.115865 -0.232919 -0.115816
0.124209 -0.114501 -0.233954 -0.114356
0.124209 -0.114501 -0.233954 -0.114356
0.123489 -0.113845 -0.234587 -0.113547
0.123187 -0.113725 -0.234498 -0.113428
0.123384 -0.113458 -0.234498 -0.113428
0.123186 -0.112676 -0.235108 -0.11263
0.122889 -0.112555 -0.235022 -0.112517
0.122889 -0.112555 -0.235022 -0.112517
0.122666 -0.112342 -0.235454 -0.112039
0.122365 -0.112218 -0.235365 -0.111922
0.122408 -0.111673 -0.235535 -0.111628
0.122387 -0.111196 -0.235963 -0.111153
0.122091 -0.111072 -0.235874 -0.111036
0.121934 -0.110789 -0.236043 -0.110746
0.121916 -0.110321 -0.236262 -0.110346
0.121622 -0.110194 -0.236379 -0.110156
0.121466 -0.109904 -0.236546 -0.109865
0.121452 -0.109437 -0.236761 -0.109472
0.121158 -0.109308 -0.236879 -0.109273
0.120958 -0.109081 -0.237092 -0.108886
0.120852 -0.108717 -0.23731 -0.10881
0.120699 -0.108424 -0.237376 -0.10839
0.12069 -0.107957 -0.237584 -0.108001
0.120398 -0.107824 -0.237704 -0.107794
0.120248 -0.107531 -0.237867 -0.107499
0.119913 -0.107455 -0.238029 -0.107199
0.120234 -0.107067 -0.238073 -0.107108
0.119091 -0.105207 -0.239211 -0.105264
0.119091 -0.105207 -0.239211 -0.105264
0.119209 -0.105063 -0.239275 -0.104886
0.118778 -0.104739 -0.239388 -0.104412
0.118778 -0.104739 -0.239388 -0.104412
0.118582 -0.104148 -0.239691 -0.104087
0.118413 -0.103951 -0.239797 -0.103628
0.118413 -0.103951 -0.239797 -0.103628
0.118064 -0.103184 -0.240189 -0.102877
0.118064 -0.103184 -0.240349 -0.102814
0.118064 -0.103184 -0.240349 -0.102814
0.117765 -0.102402 -0.240602 -0.10233
0.117765 -0.102402 -0.240602 -0.10233
0.11755 -0.101912 -0.24093 -0.101943
0.11755 -0.101912 -0.240847 -0.101844
0.117442 -0.101672 -0.240969 -0.101606
0.116738 -0.101025 -0.241098 -0.100801
0.116738 -0.101025 -0.241098 -0.100801
0.116811 -0.100262 -0.241515 -0.100271
0.116811 -0.100262 -0.241683 -0.100202
0.116712 -0.100035 -0.241795 -0.099973
0.116388 -0.0997185 -0.241843 -0.0995912
0.116518 -0.0995796 -0.242016 -0.0995195
0.116422 -0.0993562 -0.242125 -0.0992966
0.116141 -0.0986837 -0.242448 -0.0986318
0.116141 -0.0986837 -0.242448 -0.0986318
0.116141 -0.0986837 -0.242448 -0.0986318
0.116048 -0.0984711 -0.242641 -0.0985155
0.115781 -0.0978489 -0.242938 -0.0978746
0.115781 -0.0978407 -0.242858 -0.0977828
0.115697 -0.0976232 -0.243045 -0.0976725
0.115697 -0.0976275 -0.242955 -0.0975692
0.115615 -0.0974151 -0.243052 -0.0973591
0.115733 -0.0973122 -0.242962 -0.0972231
0.115247 -0.0968693 -0.243253 -0.0969144
0.115365 -0.0967474 -0.243449 -0.0968308
0.115277 -0.0965439 -0.243447 -0.096489
0.11508 -0.0964248 -0.243654 -0.096398
0.114934 -0.0956395 -0.243845 -0.0956071
0.114934 -0.0956395 -0.243845 -0.0956071
0.114934 -0.0956395 -0.243845 -0.0956071
0.114933 -0.0956373 -0.243738 -0.0954797
0.114761 -0.095193 -0.244044 -0.0951595
0.114481 -0.0948393 -0.244358 -0.0948334
0.114592 -0.0947334 -0.244242 -0.0947045
0.114508 -0.0945074 -0.244339 -0.0944824
0.114315 -0.0943853 -0.24456 -0.0943814
0.114336 -0.0940547 -0.244538 -0.0940226
0.114339 -0.0940524 -0.244415 -0.0938938
0.114167 -0.0936014 -0.244733 -0.0935685
0.114 -0.0931463 -0.245043 -0.0932439
0.114 -0.0931467 -0.244927 -0.0931162
0.11392 -0.0929215 -0.24502 -0.092898
0.113835 -0.0927024 -0.245118 -0.0926658
0.113755 -0.0924774 -0.24521 -0.0924516
0.113573 -0.0923574 -0.245426 -0.0923496
0.113509 -0.0918306 -0.245494 -0.0917845
0.113509 -0.0918281 -0.245494 -0.0917845
0.113524 -0.0915227 -0.245793 -0.0914802
0.113349 -0.0914034 -0.245677 -0.0913558
0.113276 -0.0911879 -0.245762 -0.091161
0.113276 -0.0911879 -0.245972 -0.0910593
0.112956 -0.0903894 -0.246235 -0.0904497
0.112956 -0.0903894 -0.246126 -0.0903337
0.112961 -0.0903911 -0.246118 -0.0903848
0.112804 -0.0902687 -0.246219 -0.0901705
0.112787 -0.09003 -0.246313 -0.0899734
0.11277 -0.0898046 -0.246392 -0.0898659
0.112528 -0.0895522 -0.246572 -0.0895611
0.112414 -0.0894727 -0.246572 -0.0895611
0.112413 -0.0894469 -0.246694 -0.0893333
0.112338 -0.0892712 -0.246762 -0.0892862
0.112218 -0.0891868 -0.246762 -0.0892862
0.112124 -0.0890614 -0.246987 -0.0889379
0.112061 -0.0888806 -0.247053 -0.0888931
0.111943 -0.088797 -0.247053 -0.0888981
0.111769 -0.0885753 -0.247364 -0.0884631
0.111767 -0.088577 -0.247567 -0.0883645
0.111656 -0.0885111 -0.247567 -0.0883645
0.111399 -0.0880337 -0.247857 -0.087878
0.111308 -0.0879678 -0.247857 -0.087878
0.111265 -0.0878406 -0.247999 -0.0876932
0.111178 -0.0877823 -0.247999 -0.0876997
0.110996 -0.0875391 -0.248108 -0.0875914
0.110996 -0.0875391 -0.248196 -0.0874462
0.110996 -0.0875391 -0.248196 -0.0874462
0.110996 -0.0875411 -0.248196 -0.0874544
0.110301 -0.0867396 -0.248944 -0.0867278
0.110301 -0.0867396 -0.248944 -0.0867278
0.110281 -0.086723 -0.248907 -0.0866605
0.110249 -0.0866997 -0.248936 -0.0866342
0.110249 -0.0867018 -0.248936 -0.0866342
0.110256 -0.0866502 -0.248997 -0.0866411
0.110222 -0.0866801 -0.248996 -0.0866478
0.11021 -0.0866742 -0.248967 -0.0865995
0.110185 -0.0866521 -0.248987 -0.0865735
0.110185 -0.0866521 -0.248987 -0.0865735
0.110172 -0.0866414 -0.248995 -0.0865642
0.110127 -0.0865815 -0.249016 -0.0865106
0.110127 -0.0865815 -0.249016 -0.0865106
0.110117 -0.0865643 -0.249019 -0.0864996
0.110097 -0.0865343 -0.249022 -0.0864671
0.110097 -0.0865343 -0.249022 -0.0864671
0.110088 -0.086518 -0.249023 -0.0864521
0.110143 -0.0864094 -0.249124 -0.0865115
0.11007 -0.0864907 -0.249022 -0.0864139
0.11006 -0.0864725 -0.249021 -0.0864011
0.110041 -0.0864432 -0.249017 -0.086371
0.110041 -0.0864432 -0.249017 -0.086371
0.110005 -0.0864075 -0.249131 -0.0864594
0.110023 -0.0864175 -0.24901 -0.086342
0.110014 -0.0864054 -0.249006 -0.0863318
0.109975 -0.0863724 -0.248917 -0.086548
0.109975 -0.0863724 -0.248917 -0.086548
0.109988 -0.0863783 -0.248988 -0.0863066
0.110068 -0.086243 -0.249102 -0.0864328
0.109972 -0.0863769 -0.248972 -0.0863039
0.110059 -0.0862364 -0.248868 -0.0865632
0.110059 -0.0862364 -0.24909 -0.0864405
0.109951 -0.0863944 -0.24894 -0.0863123
0.109937 -0.0864292 -0.24869 -0.0864651
0.109937 -0.0864236 -0.248915 -0.0863374
0.109931 -0.0864406 -0.248901 -0.0863565
0.109925 -0.0864647 -0.248886 -0.0863756
0.110031 -0.0863218 -0.248999 -0.0865748
0.110093 -0.086365 -0.248853 -0.086432
0.110097 -0.0864321 -0.248572 -0.0866461
0.110097 -0.0864321 -0.248572 -0.0866461
0.110023 -0.0865216 -0.248512 -0.0868066
0.110023 -0.0865216 -0.248512 -0.0868066
0.110144 -0.0863426 -0.248255 -0.0870075
0.109903 -0.0868171 -0.248726 -0.0867344
0.109906 -0.0868899 -0.2487 -0.0868075
0.110031 -0.0867031 -0.248816 -0.0870142
0.109909 -0.0870629 -0.248643 -0.0869604
0.10991 -0.0871595 -0.248613 -0.087047
0.109912 -0.0872619 -0.248582 -0.0871422
0.109916 -0.0873654 -0.24855 -0.0872507
0.109962 -0.0880011 -0.248371 -0.0879325
0.109962 -0.0880011 -0.248371 -0.0879325
0.10998 -0.088144 -0.248328 -0.0880774
0.110017 -0.0884602 -0.248238 -0.088389
0.110017 -0.0884602 -0.248238 -0.088389
0.110182 -0.0884141 -0.248046 -0.0889379
0.110182 -0.0884141 -0.248046 -0.0889379
0.110228 -0.0887523 -0.247944 -0.0892932
0.109919 -0.0890463 -0.248166 -0.0891663
0.110112 -0.0893312 -0.248017 -0.0892407
0.110153 -0.0897088 -0.247948 -0.0896153
0.110153 -0.0897088 -0.247948 -0.0896153
0.110199 -0.0901064 -0.247874 -0.0900067
0.110199 -0.0901064 -0.247874 -0.0900067
0.110405 -0.0900568 -0.247657 -0.0906808
0.110248 -0.090522 -0.247805 -0.0904195
0.110466 -0.0904703 -0.247581 -0.0911202
0.110091 -0.0908379 -0.24785 -0.0909646
0.110334 -0.0911803 -0.2477 -0.0910793
0.110399 -0.0916502 -0.247624 -0.0915463
0.110474 -0.0921314 -0.247514 -0.0920398
0.110474 -0.0921314 -0.247514 -0.0920398
0.110474 -0.0921314 -0.247514 -0.0920398
0.110555 -0.0926496 -0.24737 -0.0925562
0.110555 -0.0926496 -0.24737 -0.0925562
0.110641 -0.0932044 -0.247235 -0.0930861
0.110641 -0.0932044 -0.247235 -0.0930861
0.111625 -0.0922066 -0.246057 -0.0959812
0.111625 -0.0922066 -0.246234 -0.0957032
0.111043 -0.095272 -0.24676 -0.0952054
0.111043 -0.095272 -0.24676 -0.0952053
0.110881 -0.095767 -0.246559 -0.0958537
0.111121 -0.0954487 -0.246319 -0.0964397
0.111121 -0.0954487 -0.246319 -0.0964397
0.111335 -0.0965815 -0.246349 -0.0965209
0.111172 -0.0971191 -0.245989 -0.0974573
0.111172 -0.0971191 -0.245988 -0.0974642
0.111578 -0.097619 -0.246028 -0.0975419
0.112261 -0.0977937 -0.245826 -0.0982454
0.11226 -0.0977878 -0.245826 -0.0982482
0.111847 -0.0986941 -0.245721 -0.0986089
0.112215 -0.0987094 -0.245349 -0.0996151
0.112215 -0.0987094 -0.245631 -0.0994473
0.112144 -0.0998045 -0.245426 -0.0997177
0.112903 -0.099986 -0.244938 -0.100659
0.112358 -0.100585 -0.245243 -0.100479
0.112113 -0.10081 -0.245253 -0.100973
0.112711 -0.101773 -0.244967 -0.101672
0.112711 -0.101773 -0.244967 -0.101672
0.113237 -0.103415 -0.244447 -0.103347
0.113273 -0.104513 -0.243951 -0.10463
0.113273 -0.104513 -0.243951 -0.10463
0.113831 -0.105088 -0.243781 -0.105062
0.113893 -0.106242 -0.243254 -0.106351
0.114298 -0.106399 -0.243253 -0.106353
0.114298 -0.106399 -0.243253 -0.106353
0.11421 -0.107109 -0.242892 -0.107226
0.114631 -0.107265 -0.242892 -0.107226
0.114532 -0.108014 -0.242546 -0.108088
0.114529 -0.108005 -0.242546 -0.108088
0.11548 -0.108186 -0.242047 -0.109262
0.114875 -0.108911 -0.242247 -0.108978
0.115492 -0.109505 -0.242106 -0.109431
0.116484 -0.109676 -0.241609 -0.110635
0.115862 -0.110435 -0.241844 -0.11034
0.116426 -0.11044 -0.241337 -0.111572
0.116248 -0.111372 -0.241576 -0.111275
0.116448 -0.111843 -0.241436 -0.111752
0.117044 -0.111865 -0.2409 -0.113027
0.117522 -0.112011 -0.240804 -0.112931
0.117478 -0.112839 -0.240598 -0.114034
0.117476 -0.112835 -0.240598 -0.114036
0.117511 -0.114345 -0.24069 -0.11424
0.117451 -0.115265 -0.240346 -0.11529
0.117449 -0.115261 -0.240346 -0.115292
0.118646 -0.115423 -0.240068 -0.116479
0.117911 -0.11635 -0.240068 -0.116479
0.118692 -0.117045 -0.239761 -0.116933
0.119966 -0.117225 -0.238984 -0.118286
0.119202 -0.118204 -0.239357 -0.118064
0.120282 -0.120555 -0.238539 -0.120568
0.120282 -0.120555 -0.238539 -0.120568
0.120851 -0.121763 -0.237954 -0.121806
0.120851 -0.121763 -0.237861 -0.12171
0.121438 -0.123031 -0.237383 -0.123073
0.121438 -0.123031 -0.237271 -0.122958
0.122256 -0.123071 -0.236448 -0.124536
0.122256 -0.123071 -0.236445 -0.124544
0.122348 -0.124949 -0.236355 -0.124877
0.123205 -0.124999 -0.235378 -0.12639
0.123205 -0.124999 -0.235378 -0.12639
0.123854 -0.126307 -0.234851 -0.127833
0.123854 -0.126307 -0.234851 -0.127833
0.123944 -0.128267 -0.234766 -0.128193
0.125529 -0.128432 -0.234217 -0.129667
0.124611 -0.129657 -0.234108 -0.129558
0.1249 -0.12956 -0.232682 -0.131396
0.123943 -0.130821 -0.233053 -0.13118
0.125647 -0.133058 -0.232119 -0.133411
0.125647 -0.133058 -0.232119 -0.133411
0.126268 -0.13238 -0.231492 -0.134434
0.126268 -0.13238 -0.231492 -0.134434
0.128251 -0.136761 -0.230565 -0.136755
0.128251 -0.136761 -0.230565 -0.136755
0.129291 -0.136824 -0.229534 -0.138526
0.129035 -0.138271 -0.229806 -0.138226
0.130098 -0.138297 -0.228752 -0.140009
0.130098 -0.138297 -0.228752 -0.140009
0.13024 -0.140499 -0.228639 -0.140455
0.131067 -0.14203 -0.227466 -0.142185
0.131067 -0.14203 -0.227466 -0.142185
0.139832 -0.149624 -0.221716 -0.153128
0.140356 -0.149076 -0.221177 -0.153866
0.140356 -0.149076 -0.221177 -0.153866
0.140947 -0.149742 -0.220875 -0.154517
0.141865 -0.150448 -0.220042 -0.155858
0.141865 -0.150448 -0.220042 -0.155858
0.142284 -0.150881 -0.219657 -0.156531
0.142852 -0.150278 -0.219313 -0.157183
0.143042 -0.151979 -0.218948 -0.157846
0.143986 -0.152007 -0.217994 -0.159301
0.144714 -0.152012 -0.218328 -0.15912
0.144037 -0.15412 -0.218004 -0.159745
0.144969 -0.154266 -0.217062 -0.161183
0.144969 -0.154266 -0.217062 -0.161183
0.145271 -0.155141 -0.216774 -0.16179
0.145888 -0.154487 -0.216128 -0.162602
0.145622 -0.158028 -0.216537 -0.162713
0.146574 -0.158306 -0.215576 -0.164113
0.146574 -0.158306 -0.215576 -0.164113
0.146497 -0.161128 -0.215709 -0.164396
0.146052 -0.163396 -0.214754 -0.165781
0.147076 -0.163371 -0.214754 -0.165781
0.147385 -0.164416 -0.214928 -0.166
0.148389 -0.164818 -0.213965 -0.167356
0.148389 -0.164818 -0.214408 -0.167027
0.148327 -0.167763 -0.214144 -0.167531
0.149503 -0.167499 -0.213161 -0.168899
0.149503 -0.167499 -0.213614 -0.168564
0.149712 -0.169212 -0.213344 -0.169092
0.150664 -0.170407 -0.212765 -0.170228
0.150664 -0.170407 -0.212765 -0.170228
0.151145 -0.170993 -0.212441 -0.170838
0.151952 -0.170192 -0.211626 -0.171787
0.154074 -0.175107 -0.209679 -0.175364
0.154074 -0.175107 -0.210145 -0.175089
0.15507 -0.176583 -0.208758 -0.176878
0.15507 -0.176583 -0.209212 -0.176609
0.15558 -0.177357 -0.208737 -0.177371
0.156622 -0.178962 -0.207286 -0.179204
0.156622 -0.178962 -0.207283 -0.179208
0.157153 -0.179768 -0.207266 -0.179722
0.15871 -0.179636 -0.206234 -0.181332
0.15871 -0.179636 -0.206234 -0.181332
0.158788 -0.182287 -0.205252 -0.182516
0.160423 -0.18214 -0.204658 -0.183902
0.158686 -0.184172 -0.204703 -0.18396
0.16291 -0.18369 -0.203643 -0.185749
0.16291 -0.18369 -0.203643 -0.185749
0.162817 -0.188471 -0.202028 -0.188518
0.16341 -0.189363 -0.201399 -0.189334
0.16341 -0.189363 -0.20149 -0.189428
0.16341 -0.189363 -0.20149 -0.189428
0.166565 -0.188912 -0.20041 -0.191228
0.164518 -0.191191 -0.20041 -0.191228
0.165096 -0.192064 -0.199864 -0.192115
0.168327 -0.193936 -0.19659 -0.196628
0.167791 -0.195301 -0.197144 -0.196446
0.169397 -0.194496 -0.195539 -0.198282
0.168889 -0.195782 -0.196073 -0.198111
0.171574 -0.195443 -0.193422 -0.201489
0.171587 -0.195451 -0.193422 -0.201489
0.171734 -0.19651 -0.19339 -0.202143
0.172827 -0.196134 -0.192266 -0.203585
0.172827 -0.196134 -0.192266 -0.203585
0.174813 -0.194816 -0.191112 -0.204918
0.174813 -0.194816 -0.191112 -0.204918
0.175215 -0.194619 -0.189485 -0.206482
0.175723 -0.194517 -0.189547 -0.206495
0.175017 -0.195326 -0.189452 -0.206865
0.175758 -0.195056 -0.188396 -0.208189
0.175758 -0.195056 -0.188419 -0.208168
0.175724 -0.194947 -0.187836 -0.208753
0.177205 -0.194236 -0.186417 -0.210843
0.178192 -0.193224 -0.185336 -0.211729
0.178192 -0.193224 -0.185336 -0.211729
0.177584 -0.193946 -0.185885 -0.211543
0.177969 -0.193685 -0.185368 -0.212219
0.179351 -0.192527 -0.183745 -0.213772
0.179351 -0.192527 -0.183745 -0.213772
0.180504 -0.192159 -0.181963 -0.215693
0.180504 -0.192159 -0.182184 -0.215903
0.18192 -0.190796 -0.180643 -0.217325
0.181509 -0.191467 -0.181099 -0.217021
0.183645 -0.190163 -0.178807 -0.219104
0.183645 -0.190163 -0.178807 -0.219104
0.18508 -0.188811 -0.177382 -0.220526
0.184779 -0.189419 -0.177801 -0.220246
0.185353 -0.189074 -0.177247 -0.220767
0.186786 -0.187806 -0.175715 -0.222056
0.187086 -0.188026 -0.175577 -0.222278
0.187086 -0.188026 -0.175577 -0.222278
0.18851 -0.186688 -0.174018 -0.2235
0.18851 -0.186688 -0.174018 -0.2235
0.189918 -0.185358 -0.172461 -0.224695
0.189918 -0.185358 -0.172461 -0.224695
0.190006 -0.186062 -0.172798 -0.224678
0.191415 -0.184753 -0.171226 -0.225846
0.191415 -0.184753 -0.171226 -0.225846
0.191983 -0.184382 -0.170712 -0.226328
0.192277 -0.184469 -0.170616 -0.226464
0.194541 -0.182564 -0.168456 -0.228175
0.194541 -0.182564 -0.168456 -0.228175
0.194541 -0.182564 -0.168456 -0.228175
0.195331 -0.181635 -0.167463 -0.228849
0.195105 -0.182029 -0.167916 -0.228599
0.195669 -0.181524 -0.167383 -0.229006
0.197014 -0.18014 -0.16584 -0.230075
0.197015 -0.18014 -0.165872 -0.230103
0.200178 -0.17702 -0.162733 -0.232394
0.200178 -0.17702 -0.162733 -0.232394
0.202775 -0.174026 -0.160316 -0.234287
0.202671 -0.17423 -0.160663 -0.234142
0.203204 -0.173615 -0.160189 -0.234523
0.204343 -0.172237 -0.158867 -0.235426
0.204474 -0.172177 -0.158867 -0.235426
0.204757 -0.17186 -0.158717 -0.235687
0.205861 -0.170507 -0.157384 -0.236586
0.205861 -0.170507 -0.157384 -0.236586
0.206217 -0.170176 -0.157255 -0.236833
0.20757 -0.168476 -0.155829 -0.237951
0.20757 -0.168476 -0.155814 -0.237959
0.20757 -0.168476 -0.155814 -0.237959
0.208626 -0.167066 -0.15449 -0.238841
0.208416 -0.167323 -0.154575 -0.238915
0.208838 -0.16676 -0.154403 -0.239065
0.209242 -0.166199 -0.153938 -0.239425
0.210023 -0.165045 -0.153036 -0.240134
0.210023 -0.165045 -0.153021 -0.240141
0.210404 -0.164448 -0.15257 -0.2405
0.211147 -0.163248 -0.151692 -0.241205
0.211147 -0.163248 -0.151681 -0.24121
0.211513 -0.162637 -0.151244 -0.241565
0.212101 -0.161798 -0.15036 -0.242067
0.212587 -0.160772 -0.149959 -0.242618
0.212587 -0.160772 -0.149959 -0.242618
0.21294 -0.160138 -0.14954 -0.242971
0.213642 -0.158853 -0.148718 -0.243678
0.213642 -0.158853 -0.148718 -0.243678
0.214557 -0.157356 -0.147773 -0.244267
0.214341 -0.157463 -0.147917 -0.244384
0.214697 -0.156725 -0.147524 -0.244741
0.215598 -0.155151 -0.146594 -0.245326
0.215428 -0.155237 -0.146754 -0.245457
0.215803 -0.154489 -0.146376 -0.245819
0.216707 -0.152922 -0.145156 -0.246634
0.216707 -0.152922 -0.145156 -0.246634
0.216954 -0.152231 -0.145271 -0.246917
0.218334 -0.149857 -0.143818 -0.247734
0.218334 -0.149857 -0.143818 -0.247734
0.219728 -0.146983 -0.14241 -0.249627
0.219657 -0.147022 -0.142638 -0.249798
0.220491 -0.145545 -0.141772 -0.250418
0.220417 -0.145586 -0.142237 -0.25044
0.221214 -0.144133 -0.141157 -0.251257
0.221127 -0.144182 -0.141413 -0.251454
0.221464 -0.143493 -0.141326 -0.251725
0.221897 -0.142753 -0.140765 -0.251954
0.222107 -0.142143 -0.140749 -0.252607
0.222703 -0.140823 -0.139901 -0.25329
0.222703 -0.140823 -0.139901 -0.25329
0.223259 -0.139507 -0.139357 -0.254214
0.223259 -0.139507 -0.139357 -0.254214
0.224696 -0.136123 -0.138105 -0.256621
0.224696 -0.136123 -0.138105 -0.256621
0.224763 -0.135596 -0.138227 -0.257388
0.225246 -0.13432 -0.137789 -0.258405
0.225246 -0.13432 -0.137789 -0.258405
0.225711 -0.132987 -0.13686 -0.25926
0.225711 -0.132987 -0.137373 -0.259439
0.225941 -0.13232 -0.137173 -0.259961
0.226526 -0.130965 -0.136262 -0.260823
0.226389 -0.13096 -0.136257 -0.260825
0.226614 -0.130286 -0.136602 -0.261551
0.227291 -0.128748 -0.136252 -0.262626
0.227291 -0.128748 -0.136252 -0.262626
0.227273 -0.128216 -0.136076 -0.26317
0.227606 -0.126995 -0.135319 -0.263947
0.227707 -0.12682 -0.13575 -0.264263
0.227925 -0.126122 -0.135157 -0.264495
0.228802 -0.123813 -0.135155 -0.266485
0.228801 -0.123813 -0.135155 -0.266485
0.228573 -0.123965 -0.135154 -0.266485
0.229263 -0.122345 -0.134798 -0.267719
0.229263 -0.122345 -0.134798 -0.267719
0.229213 -0.121782 -0.134768 -0.268245
0.229412 -0.121035 -0.134656 -0.268844
0.230055 -0.119408 -0.134354 -0.270125
0.229813 -0.119574 -0.134452 -0.270053
0.230319 -0.118183 -0.133653 -0.270981
0.230484 -0.117872 -0.133653 -0.270981
0.230658 -0.117128 -0.134193 -0.271933
0.230975 -0.115047 -0.133433 -0.273479
0.230975 -0.115047 -0.134005 -0.27388
0.230975 -0.115047 -0.134005 -0.27388
0.23137 -0.113508 -0.133311 -0.274803
0.23137 -0.113508 -0.133906 -0.275216
0.231564 -0.112712 -0.133866 -0.275895
0.232036 -0.111274 -0.133142 -0.276881
0.231957 -0.111115 -0.133182 -0.276851
0.232161 -0.110328 -0.133779 -0.277977
0.232628 -0.108891 -0.133078 -0.278977
0.232628 -0.108891 -0.133078 -0.278977
0.23276 -0.107864 -0.133741 -0.280116
0.234303 -0.102443 -0.133125 -0.284796
0.234303 -0.102443 -0.133125 -0.284796
0.234783 -0.100743 -0.133855 -0.286745
0.234783 -0.100743 -0.133855 -0.286745
0.234783 -0.100743 -0.133855 -0.286745
0.235757 -0.0976505 -0.133969 -0.289711
0.236214 -0.0963127 -0.134035 -0.291179
0.236079 -0.0964231 -0.134035 -0.291179
0.236691 -0.0944656 -0.134161 -0.292604
0.236691 -0.0944656 -0.134108 -0.292644
0.238036 -0.0898285 -0.130896 -0.294764
0.238036 -0.0898285 -0.130896 -0.294764
0.238489 -0.088394 -0.134432 -0.298346
0.238489 -0.088394 -0.134432 -0.298346
0.239367 -0.0853809 -0.134697 -0.301596
0.239268 -0.0854674 -0.134697 -0.301596
0.239715 -0.0841185 -0.134551 -0.302355
0.24006 -0.0829439 -0.133954 -0.303268
0.23993 -0.08306 -0.134588 -0.30365
0.240236 -0.0819566 -0.134614 -0.304274
0.24069 -0.0803621 -0.134064 -0.305157
0.240544 -0.080494 -0.134686 -0.305523
0.240697 -0.079786 -0.134719 -0.306131
0.240965 -0.0783368 -0.134786 -0.307339
0.240965 -0.0783368 -0.134786 -0.307339
0.241206 -0.0775844 -0.133791 -0.307755
0.241215 -0.0772666 -0.134378 -0.308103
0.241346 -0.0762646 -0.134882 -0.309114
0.241532 -0.0748338 -0.13508 -0.310188
0.241532 -0.0748339 -0.13495 -0.310284
0.241725 -0.0738452 -0.134609 -0.311002
0.241725 -0.0738452 -0.135174 -0.31133
0.241797 -0.0728144 -0.135051 -0.312014
0.241865 -0.0721424 -0.135088 -0.312592
0.241865 -0.0721424 -0.135088 -0.312592
0.242003 -0.0712057 -0.135368 -0.31361
0.242109 -0.0688747 -0.135297 -0.315474
0.242109 -0.0688747 -0.135297 -0.315474
0.242178 -0.0686492 -0.13502 -0.315576
0.242172 -0.0683122 -0.134802 -0.315731
0.242213 -0.0677274 -0.135389 -0.316631
0.242283 -0.0669047 -0.135199 -0.317317
0.242457 -0.0662423 -0.134941 -0.317501
0.242333 -0.0646289 -0.135751 -0.320193
0.2423 -0.0642807 -0.13575 -0.320194
0.242324 -0.0632467 -0.135892 -0.321405
0.242371 -0.0630879 -0.135693 -0.321477
0.242203 -0.0632554 -0.136269 -0.321801
0.242333 -0.0622228 -0.136048 -0.322627
0.242507 -0.0609282 -0.135632 -0.323546
0.242299 -0.0611379 -0.135632 -0.323546
0.242291 -0.0606192 -0.136311 -0.324508
0.242434 -0.059401 -0.13686 -0.325548
0.242266 -0.0595712 -0.136507 -0.325793
0.242291 -0.0589562 -0.13609 -0.326754
0.242291 -0.0589562 -0.136723 -0.327109
0.242215 -0.05799 -0.136833 -0.32777
0.242382 -0.0572429 -0.136712 -0.327811
0.24219 -0.0568277 -0.137614 -0.329518
0.24219 -0.0568277 -0.137614 -0.329518
0.2422 -0.0549009 -0.137511 -0.331922
0.242199 -0.0549008 -0.137511 -0.331922
0.242167 -0.0539649 -0.137889 -0.333316
0.242152 -0.0534464 -0.138042 -0.334054
0.242008 -0.0535655 -0.138201 -0.334797
0.242258 -0.0522749 -0.138137 -0.334817
0.242629 -0.0470932 -0.140421 -0.344667
0.242628 -0.0470943 -0.140744 -0.345353
0.242779 -0.0463281 -0.140826 -0.346124
0.242748 -0.0463816 -0.141203 -0.346813
0.242786 -0.0459848 -0.141416 -0.347528
0.242801 -0.045546 -0.141618 -0.348256
0.242733 -0.0455628 -0.141822 -0.34898
0.242821 -0.0446337 -0.142027 -0.349685
0.242825 -0.0441574 -0.142235 -0.350406
0.242818 -0.0431704 -0.141905 -0.351441
0.24282 -0.0431706 -0.141907 -0.351441
0.242826 -0.0426872 -0.142873 -0.35254
0.242905 -0.0414892 -0.143043 -0.353286
0.242782 -0.04162 -0.142554 -0.353597
0.24277 -0.0411007 -0.143536 -0.354707
0.24283 -0.0399115 -0.143785 -0.355442
0.242716 -0.0400249 -0.143221 -0.355798
0.2427 -0.039513 -0.144226 -0.356928
0.242662 -0.0390615 -0.144562 -0.357656
0.242631 -0.0384622 -0.144704 -0.358469
0.242605 -0.0379704 -0.144947 -0.359234
0.242549 -0.0359033 -0.146207 -0.363212
0.242529 -0.0360681 -0.146437 -0.363126
0.242517 -0.0360672 -0.147271 -0.363534
0.242621 -0.0347737 -0.146975 -0.363838
0.242452 -0.0345869 -0.145544 -0.365703
0.242452 -0.0345869 -0.147262 -0.366552
0.242402 -0.0345382 -0.147851 -0.367267
0.242402 -0.0345382 -0.148751 -0.367701
0.24231 -0.033701 -0.148088 -0.369139
0.242139 -0.0330737 -0.148663 -0.370947
0.242139 -0.0330737 -0.148663 -0.370947
0.242066 -0.0328039 -0.14805 -0.371405
0.241999 -0.0325617 -0.149253 -0.372768
0.241959 -0.0328977 -0.150698 -0.373049
0.241714 -0.0318096 -0.150177 -0.375649
0.241714 -0.0318096 -0.150177 -0.375649
0.241631 -0.0316128 -0.150493 -0.376629
0.241532 -0.031053 -0.151442 -0.37742
0.241532 -0.031053 -0.151442 -0.37742
0.241237 -0.0308917 -0.151812 -0.380723
0.241152 -0.0307631 -0.152484 -0.380476
0.241152 -0.0307631 -0.15215 -0.381755
0.241068 -0.030656 -0.152494 -0.382837
0.240819 -0.0303689 -0.153614 -0.383694
0.240819 -0.0303689 -0.153203 -0.385086
0.240801 -0.0301492 -0.153566 -0.386215
0.240166 -0.0300863 -0.154596 -0.392688
0.240166 -0.0300863 -0.154596 -0.392688
0.239889 -0.0310021 -0.155206 -0.397995
0.239889 -0.0310021 -0.155206 -0.397995
0.239745 -0.0313136 -0.161182 -0.400438
0.239736 -0.0309066 -0.162595 -0.401054
0.239736 -0.0309066 -0.159352 -0.402743
0.239675 -0.0309766 -0.159944 -0.403895
0.239434 -0.030928 -0.162636 -0.405409
0.239434 -0.030928 -0.160911 -0.40629
0.239351 -0.0308966 -0.161328 -0.407456
0.239126 -0.0307635 -0.163927 -0.408944
0.239126 -0.0307635 -0.162169 -0.409828
0.238934 -0.0306258 -0.16302 -0.412233
0.238934 -0.0306258 -0.16302 -0.412233
0.238735 -0.0304713 -0.164395 -0.413077
0.238735 -0.0304713 -0.165853 -0.413683
0.238643 -0.0304049 -0.164316 -0.415862
0.238472 -0.0302155 -0.165861 -0.416713
0.238434 -0.0302567 -0.167357 -0.417325
0.238346 -0.0302272 -0.165631 -0.419617
0.23825 -0.0302043 -0.166073 -0.420912
0.238057 -0.0302368 -0.167845 -0.421734
0.238061 -0.0302319 -0.166964 -0.423504
0.237982 -0.0303107 -0.167411 -0.42482
0.237756 -0.0312936 -0.169363 -0.425646
0.237772 -0.0304787 -0.169374 -0.425643
0.237367 -0.0312953 -0.171359 -0.431055
0.237241 -0.032299 -0.173049 -0.43043
0.237259 -0.0316883 -0.173049 -0.43043
0.2374 -0.0309652 -0.172374 -0.435139
0.237077 -0.0327028 -0.171968 -0.438728
0.237065 -0.0327144 -0.171968 -0.438728
0.236953 -0.0331138 -0.172429 -0.440147
0.236723 -0.0338668 -0.173353 -0.442998
0.236686 -0.0339032 -0.173353 -0.442998
0.236557 -0.0343264 -0.173814 -0.444411
0.236315 -0.035038 -0.174735 -0.447258
0.236315 -0.035038 -0.174735 -0.447258
0.236105 -0.0355063 -0.175171 -0.448635
0.235849 -0.0362446 -0.177446 -0.449217
0.235849 -0.0362446 -0.177446 -0.449217
0.235671 -0.0366885 -0.176145 -0.452423
0.235507 -0.0377825 -0.178092 -0.451717
0.235067 -0.038139 -0.179965 -0.455498
0.234944 -0.0385334 -0.178909 -0.455948
0.234944 -0.0385334 -0.178909 -0.455948
0.234944 -0.0385334 -0.178909 -0.455948
0.234578 -0.0397521 -0.176528 -0.458004
0.234578 -0.0397521 -0.176528 -0.458004
0.234578 -0.0397521 -0.176528 -0.458004
0.234146 -0.0412625 -0.178329 -0.457699
0.234207 -0.0403506 -0.176185 -0.45908
0.234017 -0.0406322 -0.175984 -0.459819
0.233638 -0.0420561 -0.177786 -0.459816
0.233638 -0.0420561 -0.177786 -0.459816
0.233156 -0.0429219 -0.173367 -0.46251
0.233156 -0.0429219 -0.173342 -0.462519
0.233156 -0.0429219 -0.173342 -0.462519
0.232727 -0.0432872 -0.172136 -0.464009
0.232727 -0.0432872 -0.172136 -0.464009
0.232733 -0.0432889 -0.172136 -0.464009
0.232365 -0.0447649 -0.174304 -0.463987
0.232359 -0.0439314 -0.174304 -0.463987
0.232168 -0.0442347 -0.170656 -0.465384
0.231768 -0.0456394 -0.172218 -0.465101
0.231768 -0.0456394 -0.172218 -0.465101
0.231595 -0.0450813 -0.169074 -0.466474
0.231267 -0.0455935 -0.168019 -0.467087
0.231267 -0.0455935 -0.16801 -0.46709
0.231078 -0.0458996 -0.167502 -0.46734
0.230724 -0.0464615 -0.16652 -0.467833
0.230704 -0.0464781 -0.16652 -0.467833
0.230188 -0.0473045 -0.167587 -0.467532
0.230188 -0.0473045 -0.16486 -0.46821
0.230188 -0.0473045 -0.16486 -0.46821
0.229843 -0.0486574 -0.166697 -0.467805
0.229843 -0.0486574 -0.166697 -0.467805
0.229511 -0.0483719 -0.163573 -0.468485
0.229307 -0.0494116 -0.165531 -0.467853
0.229339 -0.0486184 -0.165754 -0.467957
0.229184 -0.048895 -0.162904 -0.468531
0.229009 -0.0491148 -0.162555 -0.468541
0.228801 -0.0501568 -0.164523 -0.46791
0.22849 -0.0497123 -0.161401 -0.468394
0.22849 -0.0497123 -0.161401 -0.468394
0.228122 -0.050963 -0.163005 -0.467679
0.228164 -0.0501194 -0.163007 -0.467678
0.228001 -0.0503142 -0.160197 -0.468035
0.227832 -0.0504847 -0.15976 -0.467893
0.227447 -0.0516668 -0.161186 -0.467093
0.227508 -0.0508309 -0.161186 -0.467092
0.227354 -0.051037 -0.158367 -0.467315
0.227194 -0.0512163 -0.157884 -0.467082
0.227028 -0.0513754 -0.157381 -0.466829
0.22672 -0.0517662 -0.15639 -0.466234
0.22672 -0.0517662 -0.15639 -0.466234
0.226569 -0.0519774 -0.155905 -0.465906
0.226353 -0.0529847 -0.155406 -0.465568
0.226243 -0.0523393 -0.154915 -0.465211
0.226073 -0.0525027 -0.154408 -0.464842
0.225684 -0.0536532 -0.153373 -0.464049
0.225684 -0.0536532 -0.153373 -0.464049
0.225572 -0.0529826 -0.15287 -0.46362
0.22511 -0.0535739 -0.151368 -0.462207
0.22511 -0.0535739 -0.151368 -0.462207
0.224895 -0.0545387 -0.153197 -0.461658
0.224944 -0.0538453 -0.152864 -0.46146
0.224808 -0.0540426 -0.150491 -0.461196
0.224407 -0.0551705 -0.151871 -0.460113
0.224413 -0.0551736 -0.151497 -0.459877
0.224262 -0.0544676 -0.149047 -0.459542
0.224028 -0.05545 -0.148938 -0.459215
0.223914 -0.054738 -0.147999 -0.458338
0.22352 -0.0558377 -0.149307 -0.457161
0.223517 -0.0558365 -0.14693 -0.45704
0.223416 -0.0551566 -0.146401 -0.456373
0.223255 -0.0553049 -0.145858 -0.455681
0.222919 -0.0556111 -0.146602 -0.454093
0.222919 -0.0556111 -0.146602 -0.454093
0.222261 -0.0570644 -0.143395 -0.451726
0.222311 -0.0563572 -0.142914 -0.451376
0.221953 -0.0575142 -0.144254 -0.45017
0.221953 -0.0575142 -0.144254 -0.45017
0.221857 -0.0570887 -0.141971 -0.449197
0.221689 -0.0572969 -0.141677 -0.448425
0.221513 -0.0574789 -0.141372 -0.447625
0.221344 -0.05768 -0.141607 -0.44723
0.220941 -0.0587635 -0.142447 -0.445532
0.220995 -0.058019 -0.141018 -0.445605
0.220828 -0.0582016 -0.140147 -0.44433
0.220657 -0.0583626 -0.139815 -0.443466
0.220256 -0.0594063 -0.141123 -0.442102
0.22009 -0.0595344 -0.140192 -0.44075
0.220096 -0.0595254 -0.140195 -0.440748
0.219991 -0.0589813 -0.138448 -0.43989
0.219769 -0.0598739 -0.139453 -0.438892
0.219505 -0.0594565 -0.137399 -0.437039
0.219505 -0.0594565 -0.137399 -0.437039
0.219121 -0.0605094 -0.138073 -0.435088
0.219123 -0.060511 -0.138073 -0.435088
0.219013 -0.0598954 -0.13636 -0.434112
0.218617 -0.0609013 -0.13759 -0.432599
0.218617 -0.0609013 -0.136868 -0.431958
0.218515 -0.0602455 -0.135133 -0.430897
0.218353 -0.0603642 -0.134698 -0.429791
0.218124 -0.0612559 -0.136314 -0.429333
0.218011 -0.0606234 -0.133807 -0.427533
0.217883 -0.0607653 -0.133412 -0.426451
0.21755 -0.0610043 -0.133312 -0.424849
0.21755 -0.0610043 -0.132558 -0.424118
0.217399 -0.0611342 -0.132136 -0.42294
0.217237 -0.0612512 -0.131701 -0.421737
0.217006 -0.0621296 -0.133273 -0.421294
0.216865 -0.0622208 -0.132818 -0.420068
0.216371 -0.0626251 -0.133007 -0.417923
0.216371 -0.0626251 -0.132253 -0.417153
0.216235 -0.0621373 -0.133782 -0.416715
0.216235 -0.0621373 -0.133782 -0.416715
0.216144 -0.0623097 -0.129596 -0.413935
0.215749 -0.0633025 -0.130089 -0.411534
0.215749 -0.0633025 -0.130089 -0.411534
0.215627 -0.0626644 -0.127944 -0.409385
0.215286 -0.0628501 -0.127247 -0.4067
0.215056 -0.0636995 -0.128723 -0.406286
0.215056 -0.0636995 -0.128723 -0.406286
0.214976 -0.0631359 -0.126607 -0.404094
0.214642 -0.0633692 -0.127738 -0.402344
0.214651 -0.0633643 -0.12596 -0.401348
0.214151 -0.063759 -0.126055 -0.39732
0.214151 -0.063759 -0.126055 -0.39732
0.214151 -0.063759 -0.126055 -0.39732
0.213839 -0.0641161 -0.124613 -0.394659
0.213839 -0.0641161 -0.124619 -0.394654
0.213491 -0.0650967 -0.125797 -0.392933
0.213541 -0.0643978 -0.124918 -0.392858
0.213378 -0.0645085 -0.123992 -0.390523
0.213205 -0.0645864 -0.123753 -0.389044
0.212975 -0.0654017 -0.125118 -0.388659
0.212854 -0.064759 -0.123985 -0.38706
0.21269 -0.0648446 -0.122992 -0.384563
0.212276 -0.0657543 -0.124093 -0.382708
0.212276 -0.0657543 -0.124093 -0.382708
0.21214 -0.0651485 -0.122278 -0.380158
0.211717 -0.0661252 -0.122589 -0.378253
0.211717 -0.0661252 -0.122589 -0.378253
0.211747 -0.0661878 -0.121744 -0.375772
0.211418 -0.0664395 -0.121398 -0.372682
0.21142 -0.0664411 -0.121398 -0.372682
0.211032 -0.0673465 -0.122525 -0.370793
0.211032 -0.0673465 -0.12182 -0.369703
0.210989 -0.066119 -0.12093 -0.368067
0.210828 -0.0662226 -0.120775 -0.366489
0.210329 -0.0666349 -0.121116 -0.361978
0.210329 -0.0666349 -0.121116 -0.361978
0.210329 -0.0666349 -0.121116 -0.361978
0.209834 -0.0677745 -0.121498 -0.358628
0.209834 -0.0677745 -0.121498 -0.358628
0.209834 -0.0677745 -0.121498 -0.358628
0.209423 -0.0678432 -0.120531 -0.353521
0.209423 -0.0678432 -0.120531 -0.353521
0.209423 -0.0678432 -0.120531 -0.353521
0.209252 -0.0680077 -0.120627 -0.3521
0.208855 -0.0689043 -0.121861 -0.350273
0.208855 -0.0689043 -0.121861 -0.350273
0.20833 -0.0691559 -0.121976 -0.345502
0.20833 -0.0691559 -0.121976 -0.345502
0.20833 -0.0691559 -0.121388 -0.34439
0.208017 -0.0693646 -0.122 -0.342401
0.208017 -0.0693646 -0.122 -0.342401
0.207936 -0.0688091 -0.120838 -0.339457
0.207778 -0.0688947 -0.12081 -0.337744
0.207545 -0.0696538 -0.121944 -0.337383
0.207465 -0.0690795 -0.120737 -0.334314
0.207311 -0.0691856 -0.120701 -0.332604
0.207078 -0.069945 -0.121223 -0.330984
0.207004 -0.069428 -0.120653 -0.329197
0.206849 -0.0695597 -0.120645 -0.327496
0.206924 -0.0689383 -0.119562 -0.326135
0.206307 -0.070587 -0.121235 -0.322601
0.206385 -0.0700137 -0.120716 -0.32249
0.20623 -0.0701938 -0.120784 -0.32088
0.205449 -0.0725182 -0.121221 -0.314608
0.205435 -0.0711135 -0.121444 -0.313236
0.205435 -0.0711135 -0.121444 -0.313236
0.205279 -0.07138 -0.121681 -0.311873
0.205279 -0.07138 -0.121681 -0.311873
0.204734 -0.0726411 -0.123209 -0.308827
0.20474 -0.0726484 -0.122844 -0.307881
0.204374 -0.0731021 -0.123818 -0.30609
0.204374 -0.0731021 -0.123809 -0.3061
0.204246 -0.0728206 -0.123461 -0.303516
0.20407 -0.0730157 -0.123746 -0.302019
0.203839 -0.0737167 -0.12469 -0.301679
0.203723 -0.0734002 -0.124285 -0.299008
0.203145 -0.0744818 -0.125736 -0.295604
0.203211 -0.0739856 -0.125363 -0.294524
0.203211 -0.0739856 -0.125057 -0.294455
0.203045 -0.0742266 -0.125329 -0.293025
0.20264 -0.0751411 -0.126516 -0.291182
0.20264 -0.0751411 -0.126516 -0.291182
0.202194 -0.0753739 -0.126754 -0.28578
0.202194 -0.0753739 -0.126754 -0.28578
0.202194 -0.0753739 -0.126754 -0.28578
0.20168 -0.0761613 -0.127779 -0.281787
0.20168 -0.0761613 -0.127779 -0.281787
0.201445 -0.0768428 -0.128648 -0.281434
0.201467 -0.0768348 -0.128358 -0.280496
0.201326 -0.0766719 -0.128498 -0.279011
0.201144 -0.0768751 -0.128841 -0.27748
0.200722 -0.0777428 -0.129676 -0.274362
0.200722 -0.0777428 -0.129676 -0.274362
0.199912 -0.0790389 -0.130706 -0.268721
0.199912 -0.0790389 -0.130706 -0.268721
0.199756 -0.0788069 -0.131655 -0.266083
0.199756 -0.0788069 -0.131655 -0.266083
0.19955 -0.0791178 -0.132214 -0.264775
0.199392 -0.0794149 -0.132241 -0.263396
0.199206 -0.0796995 -0.132635 -0.26206
0.198785 -0.0806331 -0.13358 -0.259385
0.198828 -0.0802374 -0.13358 -0.259385
0.198437 -0.0808073 -0.134602 -0.257653
0.198437 -0.0808073 -0.134602 -0.257653
0.19802 -0.0817512 -0.135141 -0.254003
0.198062 -0.0813759 -0.135141 -0.254003
0.197894 -0.0816597 -0.135376 -0.252633
0.197705 -0.0819449 -0.135767 -0.251283
0.197263 -0.0828876 -0.13671 -0.248646
0.197306 -0.0825173 -0.136551 -0.248607
0.197137 -0.0828113 -0.136951 -0.247312
0.196947 -0.0831089 -0.137352 -0.245998
0.196564 -0.083698 -0.138302 -0.243408
0.196564 -0.0836986 -0.138161 -0.243374
0.196372 -0.0840085 -0.13857 -0.242103
0.195922 -0.0849679 -0.139519 -0.239554
0.195964 -0.0846317 -0.139395 -0.239523
0.19579 -0.0849488 -0.139811 -0.238267
0.195594 -0.0852715 -0.14023 -0.237009
0.194591 -0.0870841 -0.142408 -0.231257
0.194591 -0.0870841 -0.142408 -0.231257
0.194353 -0.0877163 -0.143108 -0.230861
0.194138 -0.0881369 -0.143359 -0.229281
0.193271 -0.0895339 -0.145515 -0.225871
0.193045 -0.0899671 -0.145943 -0.224927
0.193061 -0.0899614 -0.145843 -0.224434
0.192835 -0.0904004 -0.146352 -0.223535
0.192366 -0.0912549 -0.147517 -0.222218
0.192374 -0.0912541 -0.147517 -0.222218
0.192142 -0.0916811 -0.147877 -0.220725
0.191634 -0.092725 -0.14903 -0.219375
0.191641 -0.0927236 -0.148879 -0.21881
0.191674 -0.0925167 -0.148876 -0.218815
0.190967 -0.0937761 -0.150345 -0.215964
0.190967 -0.0937761 -0.150345 -0.215964
0.190449 -0.0948221 -0.151468 -0.214613
0.190449 -0.0948221 -0.151468 -0.214613
0.190254 -0.0950594 -0.151898 -0.213183
0.190254 -0.0950594 -0.151898 -0.213183
0.189488 -0.0965373 -0.153383 -0.210914
0.189521 -0.0963477 -0.153383 -0.210914
0.189288 -0.0967814 -0.153717 -0.209497
0.188742 -0.0978357 -0.154857 -0.208174
0.188742 -0.0978357 -0.154857 -0.208174
0.188552 -0.0981012 -0.15515 -0.206777
0.188303 -0.0985481 -0.155627 -0.20589
0.188303 -0.0985481 -0.155627 -0.20589
0.1878 -0.0994577 -0.156582 -0.204159
0.187545 -0.0999192 -0.157062 -0.203313
0.187288 -0.100387 -0.157623 -0.202879
0.187028 -0.100865 -0.158029 -0.201686
0.185117 -0.104377 -0.161579 -0.196893
0.185117 -0.104377 -0.161579 -0.196893
0.18424 -0.106039 -0.163151 -0.195008
0.18424 -0.106039 -0.163151 -0.195008
0.18424 -0.106039 -0.163151 -0.195008
0.183361 -0.107603 -0.164701 -0.193101
0.183361 -0.107603 -0.164701 -0.193101
0.183361 -0.107603 -0.164701 -0.193101
0.18274 -0.108736 -0.165794 -0.192079
0.18274 -0.108736 -0.165794 -0.192079
0.182443 -0.109243 -0.166297 -0.191389
0.18213 -0.109795 -0.166831 -0.190834
0.180863 -0.11202 -0.168966 -0.188688
0.180863 -0.11202 -0.168966 -0.188688
0.18054 -0.112581 -0.169518 -0.188233
0.180214 -0.113148 -0.17004 -0.187668
0.179551 -0.114302 -0.171124 -0.186728
0.179552 -0.114308 -0.171127 -0.186738
0.179215 -0.114894 -0.171676 -0.186295
0.178537 -0.116061 -0.172773 -0.185407
0.17853 -0.116086 -0.172791 -0.185471
0.178182 -0.116686 -0.173357 -0.185072
0.17783 -0.117292 -0.173926 -0.184693
0.177474 -0.117901 -0.174501 -0.18433
0.17713 -0.11847 -0.175037 -0.183859
0.176754 -0.119119 -0.175658 -0.183604
0.176405 -0.119698 -0.176223 -0.183231
0.175711 -0.120826 -0.177302 -0.182271
0.175711 -0.120826 -0.177302 -0.182271
0.174466 -0.122851 -0.179409 -0.180721
0.174465 -0.122848 -0.179338 -0.180715
0.174274 -0.123198 -0.17985 -0.18035
0.174004 -0.123649 -0.180328 -0.179912
0.173741 -0.124093 -0.180802 -0.179459
0.172846 -0.125549 -0.182278 -0.178016
0.172846 -0.125549 -0.182278 -0.178016
0.172846 -0.125549 -0.182278 -0.178016
0.172108 -0.126822 -0.183628 -0.176578
0.17216 -0.126667 -0.183628 -0.176578
0.17216 -0.126667 -0.183628 -0.176578
0.171635 -0.127654 -0.184505 -0.175593
0.171635 -0.127654 -0.184503 -0.175599
0.171513 -0.128056 -0.184827 -0.175122
0.17134 -0.128305 -0.185253 -0.174617
0.170772 -0.129132 -0.186213 -0.173575
0.170772 -0.129132 -0.186213 -0.173575
0.170667 -0.129527 -0.186515 -0.173081
0.170445 -0.129933 -0.186929 -0.172563
0.16982 -0.130918 -0.18787 -0.171507
0.169946 -0.130912 -0.18787 -0.171507
0.169782 -0.131146 -0.188159 -0.170993
0.169562 -0.13155 -0.188564 -0.170465
0.168932 -0.132528 -0.18949 -0.16939
0.168932 -0.132528 -0.189368 -0.169402
0.1689 -0.13276 -0.189767 -0.168867
0.168636 -0.133574 -0.190193 -0.168618
0.167932 -0.135376 -0.190843 -0.168124
0.16798 -0.136255 -0.190843 -0.168124
0.16759 -0.138019 -0.191636 -0.169255
0.167726 -0.14286 -0.194514 -0.173
0.167726 -0.14286 -0.194514 -0.173
0.164057 -0.152547 -0.195652 -0.173436
0.164617 -0.152546 -0.195652 -0.173436
0.163201 -0.157454 -0.195835 -0.174648
0.162513 -0.160246 -0.197136 -0.177052
0.16035 -0.165598 -0.197839 -0.177826
0.160447 -0.16592 -0.197839 -0.177826
0.160316 -0.168813 -0.199213 -0.180272
0.159548 -0.171711 -0.199919 -0.181351
0.158276 -0.175106 -0.201347 -0.183499
0.158276 -0.175106 -0.201347 -0.183499
0.15715 -0.18047 -0.202067 -0.184562
0.156324 -0.183406 -0.202786 -0.185609
0.156573 -0.183918 -0.2033 -0.185075
0.155864 -0.187206 -0.204021 -0.186106
0.150279 -0.203821 -0.207813 -0.19249
0.150279 -0.203821 -0.207813 -0.19249
0.149386 -0.206685 -0.208528 -0.193406
0.148816 -0.207136 -0.208985 -0.193092
0.147614 -0.212401 -0.209934 -0.195153
0.146737 -0.215245 -0.210625 -0.195985
0.145263 -0.218521 -0.211853 -0.196232
0.145263 -0.218521 -0.211853 -0.196232
0.14416 -0.2237 -0.212649 -0.198327
0.143326 -0.226491 -0.213305 -0.199053
0.143157 -0.22985 -0.215212 -0.200154
0.143157 -0.22985 -0.215212 -0.200154
0.142506 -0.23286 -0.215774 -0.200996
0.135712 -0.235423 -0.216426 -0.202014
0.135712 -0.235423 -0.216426 -0.202014
0.138561 -0.222081 -0.216843 -0.202323
0.138561 -0.222081 -0.217507 -0.203198
0.139391 -0.21801 -0.218996 -0.204564
0.137533 -0.217742 -0.218442 -0.204638
0.137043 -0.215638 -0.218913 -0.205279
0.138313 -0.213748 -0.219957 -0.20568
0.125205 -0.19042 -0.224063 -0.182665
0.124812 -0.190689 -0.22444 -0.182205
0.130737 -0.180064 -0.224774 -0.18007
0.130657 -0.17901 -0.224893 -0.17884
0.12941 -0.177918 -0.224855 -0.176493
0.12941 -0.177918 -0.224855 -0.176493
0.130308 -0.175512 -0.225192 -0.17535
0.130119 -0.173336 -0.225347 -0.173174
0.130119 -0.173336 -0.225347 -0.173174
0.129674 -0.172581 -0.225776 -0.171658
0.12909 -0.172518 -0.225776 -0.171658
0.129898 -0.170285 -0.22552 -0.170122
0.129488 -0.169605 -0.225914 -0.168693
0.12951 -0.169696 -0.225972 -0.168709
0.129743 -0.16747 -0.225627 -0.167304
0.129368 -0.166857 -0.225986 -0.165962
0.129368 -0.166857 -0.225986 -0.165962
0.129631 -0.164784 -0.225681 -0.16468
0.129631 -0.164051 -0.225677 -0.163885
0.129994 -0.162499 -0.225954 -0.162661
0.129595 -0.16239 -0.225954 -0.162661
0.129611 -0.161722 -0.225652 -0.161555
0.129616 -0.160986 -0.225633 -0.16082
0.129349 -0.160606 -0.225655 -0.159395
0.129976 -0.15967 -0.22558 -0.15941
0.129661 -0.1589 -0.225546 -0.158734
0.129072 -0.159055 -0.225827 -0.158337
