-21.6897 55.9825 28.3362 45.8814
-20.0548 53.9061 29.7148 44.5057
-18.426 51.9075 31.0981 43.1666
-16.7972 49.8937 32.2001 38.6912
-14.3465 45.3995 35.756 35.97
-12.6479 42.3027 36.8 33.9866
-11.0214 40.3073 38.1803 32.6637
-9.41347 36.0435 39.3574 29.822
-8.19522 31.3378 39.4524 26.9718
-6.72809 29.3097 40.8313 25.6486
-5.1033 27.3138 42.2103 24.3255
-5.35755 22.7009 42.263 19.8525
-2.98389 19.6765 44.2223 17.9306
-2.41763 17.0658 44.6479 16.0552
-2.32719 14.1595 45.1736 13.8525
-1.81393 12.1217 44.9991 12.5801
-1.40307 9.1603 45.0457 10.8416
-1.05234 7.33675 47.0022 8.91462
-3.31192 5.23741 44.3643 8.38691
-1.33311 1.79282 46.3196 6.45941
-1.05928 -1.09175 43.4027 6.31086
1.93281 -5.02006 45.6202 3.86692
2.44469 -8.12627 45.5149 2.86954
5.54757 -12.2145 48.0063 0.367931
-4.15891 -13.419 39.1245 -0.0915378
-1.0722 -17.5226 41.6061 -2.59985
-16.7498 -11.7964 27.4703 -2.23377
-13.5825 -15.9279 29.8898 -5.14299
-14.6953 -16.5095 27.5982 -5.7602
-11.6407 -20.6369 28.3879 -7.31998
-11.0253 -22.8079 30.6042 -10.1659
-18.797 -17.1809 24.5392 -9.06646
-17.2314 -20.5204 25.8771 -11.9118
-15.4227 -24.0349 27.4772 -15.0089
-14.846 -25.3113 27.9093 -15.9598
-13.818 -27.5216 25.9096 -16.3668
-13.839 -28.0249 28.9246 -18.6236
-17.0066 -24.4013 26.7364 -18.5811
-13.4937 -29.6646 29.7116 -21.1898
-16.7733 -25.7083 27.0799 -19.9321
-13.0304 -30.9706 29.998 -23.0419
-15.3393 -30.7438 26.314 -21.268
-10.5864 -34.8921 29.6787 -24.9115
-13.4363 -30.3761 25.5377 -22.652
-12.7429 -34.4925 28.8917 -26.3086
-7.94766 -38.3599 28.415 -26.8078
-7.06669 -39.4667 27.8464 -27.1487
-2.07434 -41.9269 25.7556 -27.588
-6.60127 -39.725 20.0041 -23.3344
-6.82563 -39.0433 23.5281 -25.5434
-10.9397 -32.4199 23.436 -24.4851
-6.03611 -39.5422 22.5552 -25.7609
-4.84825 -41.118 23.0612 -26.78
-4.65103 -40.9848 22.6617 -26.6165
-9.06694 -33.9099 20.1283 -23.7852
-3.89074 -41.4684 23.8799 -27.9748
-3.37729 -42.1959 24.5102 -28.4244
-13.0984 -22.7994 20.3389 -20.6226
-13.7635 -26.6415 21.7515 -23.399
-19.9871 -16.9966 19.2129 -21.9583
-14.8018 -24.5948 23.2076 -24.3253
-30.3979 0.539728 14.017 -12.703
-24.5017 -8.10633 18.1407 -17.4084
-23.2472 -9.14961 19.6656 -18.9792
-21.0761 -4.47651 18.2489 -16.472
-21.9154 -8.75574 22.3757 -21.1843
-27.2943 -5.41232 23.7554 -22.4736
-21.4266 -14.1085 24.4623 -22.633
-25.5243 -0.324571 22.1722 -19.2691
-19.6106 -9.03368 26.2896 -23.9986
-24.166 -1.41808 27.4876 -22.698
-17.9017 -10.6194 28.0339 -25.262
-32.708 12.9996 18.9998 -13.2445
-26.0415 3.23729 23.4765 -18.4418
-25.1353 -2.7203 24.9095 -21.6743
-23.134 0.429489 26.626 -21.3653
-23.6088 -4.67622 27.3073 -21.4163
-20.96 -1.72566 28.762 -22.8946
-25.7758 5.91017 25.8957 -18.6557
-19.0524 -3.91998 30.3959 -23.8716
-23.9771 4.42977 28.2238 -20.5619
-17.0167 -5.76193 32.8162 -25.9609
-9.63374 -16.4996 37.6266 -31.5918
-13.6964 -10.0989 34.4976 -26.6454
-5.47655 -15.6962 39.2828 -32.3004
-11.5218 -13.3168 35.4962 -26.9303
-17.2563 -5.26812 31.0774 -20.7181
-9.8555 -16.0695 35.8739 -26.3807
-8.94318 -17.47 36.2231 -26.3257
-15.6551 -7.37827 31.9348 -20.1529
-8.24173 -18.2149 36.7282 -25.8325
-19.0384 7.64216 19.5183 -5.57105
-29.8675 13.7422 21.9853 -6.02536
-21.7687 2.03906 27.063 -12.1311
-18.7999 -1.29823 29.717 -15.1125
-24.2395 8.6681 27.683 -11.2648
-16.1263 -3.08493 32.7619 -17.3787
-20.2205 -2.05586 31.3171 -15.1635
-11.2277 -9.36588 36.3838 -21.3043
-9.45608 -11.603 37.7776 -22.6329
-16.449 -7.90021 38.945 -23.7654
-7.1832 -14.6375 39.2205 -23.4617
-11.9754 -13.6943 35.6885 -21.8152
-3.21773 -26.2695 41.0149 -28.3334
7.464 -29.9543 42.2576 -26.5807
16.287 -42.5318 47.5882 -33.1067
-4.77561 -29.3138 40.2282 -23.196
3.83176 -41.9541 46.1903 -26.7031
12.5741 -54.5989 51.5253 -33.2487
21.2868 -67.2584 46.5759 -30.4813
30.0192 -79.9095 51.8994 -37.042
-7.93914 -27.9989 33.0784 -27.2306
1.45086 -41.3776 38.5992 -34.1676
10.8409 -54.7563 44.12 -41.1045
0.634348 -54.5923 44.8756 -41.8608
9.96262 -68.0132 44.7628 -44.94
4.41005 -55.5015 37.45 -43.1239
8.95654 -40.7343 35.9448 -45.2603
10.7537 -43.7252 35.7423 -48.2781
20.231 -57.2281 41.1791 -55.2838
21.2998 -64.8172 46.635 -62.2771
-25.793 15.005 13.8811 -2.17493
-22.2797 11.275 17.3422 -7.93929
-25.8358 13.151 23.9102 -2.20702
-21.6543 14.7867 25.0723 -6.39319
-11.4373 0.466154 30.737 -13.7494
-14.377 1.61917 34.1934 -19.5823
0.152118 3.88813 32.4119 -11.6237
10.4924 -10.4982 38.0902 -19.0169
-20.0256 14.1418 38.8455 -22.9817
-23.2247 19.2057 38.4191 -24.5698
-12.9486 4.6421 44.0718 -31.9959
-13.7633 6.19463 45.5945 -28.8756
-11.2663 2.69172 47.027 -30.7363
-0.400248 -12.3922 52.8268 -38.3446
5.50834 -15.4375 47.4047 -34.2368
-1.12889 -13.2488 45.0092 -33.9059
9.74684 -28.4121 50.7985 -41.5589
14.5418 -36.0188 50.1232 -42.8671
17.6695 -34.3557 36.4746 -33.4191
17.234 -41.1567 42.8184 -38.4448
9.79077 -39.6023 40.7914 -34.7798
22.5032 -50.6526 36.5961 -35.0533
27.8296 -51.8458 26.8522 -28.6732
27.5067 -58.7368 33.4877 -33.4674
18.7299 -55.0429 34.4288 -30.9499
31.8193 -65.458 32.4292 -32.8745
36.681 -64.633 28.3058 -26.3571
35.4246 -70.8766 34.1233 -34.2053
26.6271 -59.36 27.3012 -28.5492
38.0036 -75.2268 34.1123 -32.783
9.10987 -37.3932 19.523 -13.2627
21.0724 -53.5808 26.3171 -18.1316
10.9456 -47.3595 28.9524 -21.1112
24.8175 -57.5683 29.2601 -20.6004
29.7435 -54.8959 24.8113 -13.6908
27.8704 -60.5225 30.6619 -21.6929
16.9421 -53.4634 31.9175 -23.417
31.0691 -63.6809 32.6788 -24.1756
19.2764 -55.9577 34.4359 -21.4965
33.6347 -66.2526 33.1943 -23.9904
25.4223 -54.3058 28.9101 -17.7662
37.8415 -70.9773 34.7615 -25.8519
39.0817 -71.7082 35.4194 -26.5696
42.9062 -66.0609 36.7461 -28.4413
39.4367 -70.4542 35.5783 -25.9347
41.6997 -73.3161 36.0376 -26.6486
38.2973 -77.7 35.1885 -25.0153
42.557 -73.8315 36.709 -22.0509
41.1811 -71.4672 34.543 -23.7846
30.5653 -56.5287 29.0144 -15.9879
43.19 -73.6388 34.8572 -24.1816
43.3843 -72.9873 34.8169 -23.8555
43.5251 -72.3037 34.7816 -23.6191
41.4629 -68.5862 33.6599 -21.5392
30.4232 -52.6865 28.2334 -13.9579
43.4256 -69.9605 34.0714 -22.1885
43.2568 -68.8288 34.0471 -21.969
56.2655 -86.1654 34.0227 -21.8191
55.92 -85.0491 27.6019 -12.6041
68.9132 -102.464 33.436 -20.8876
14.2282 -25.7793 22.466 -5.28862
27.479 -43.2513 28.3013 -13.5689
7.58264 -13.3182 22.4764 -6.29809
6.01894 -18.1683 23.2572 -10.3807
21.7679 -30.1921 29.8474 -16.5252
27.4322 -27.1958 28.1662 -14.3086
24.6537 -31.029 33.974 -22.6464
10.8085 -10.5356 36.0705 -23.1516
23.997 -28.3781 36.4839 -26.9345
10.0652 -17.4197 31.5565 -23.8213
25.8351 -30.2792 38.1039 -30.1925
13.3644 -13.3024 33.2679 -24.1674
26.8796 -30.8632 39.0578 -32.5343
16.1894 -16.8003 40.1203 -31.1909
29.7322 -34.4873 39.3842 -34.0064
31.8774 -30.9711 33.5047 -26.6948
45.496 -48.7458 39.2736 -35.1113
30.4095 -35.8863 34.0594 -29.1161
43.9792 -53.7705 39.8176 -37.5573
7.91924 -6.71975 29.4335 -24.2795
9.21112 -8.74791 35.1217 -32.762
12.3644 -13.1042 30.3326 -26.8348
0.24222 2.72599 25.4146 -21.0963
13.6898 -14.8265 31.1642 -29.5927
1.01205 1.95552 26.6245 -24.3335
14.4668 -15.7234 32.3482 -32.8672
17.0478 -19.53 32.705 -34.0804
19.042 -22.641 26.2719 -25.7083
32.5079 -40.4353 31.9948 -34.2642
-11.2117 21.1465 18.2288 -19.039
-41.0932 56.5467 11.9347 -16.3388
-54.1644 73.5256 9.91219 -16.0604
-40.5998 57.4222 16.3929 -23.424
-31.2081 45.0125 20.2068 -30.5793
-21.6534 31.9998 26.0293 -39.1413
-8.57881 14.5279 30.0111 -46.3847
4.48371 -2.95203 35.671 -55.0996
7.28224 -7.3621 37.787 -59.5266
12.7518 -14.5004 43.5777 -68.023
14.6538 -20.0492 51.1319 -72.6281
27.7156 -37.7234 43.6024 -70.6595
17.2231 -26.1494 33.5766 -58.3442
29.5968 -42.4409 39.311 -67.1452
41.9706 -58.7324 45.0454 -75.9461
51.8685 -72.7151 50.7507 -84.7622
58.2659 -84.1435 57.733 -91.0735
70.6272 -100.503 54.2538 -91.4395
64.1656 -96.1946 50.5597 -85.7274
76.5215 -112.612 56.2896 -94.5618
68.4385 -103.892 62.6127 -102.205
71.1384 -107.828 34.4006 -75.9371
83.2318 -123.851 40.1312 -84.8243
83.9737 -128.179 35.6585 -78.6177
95.36 -142.907 41.881 -87.593
69.4357 -110.644 29.1797 -59.4576
80.9937 -125.47 35.0081 -68.4632
84.1868 -130.443 40.8388 -77.474
95.556 -145.29 41.5749 -78.1733
78.2213 -122.993 31.0921 -61.3387
89.5868 -137.9 36.9142 -70.379
43.3664 -83.4176 7.79792 -25.0018
54.5142 -98.062 13.6601 -34.1128
64.6767 -110.954 19.6519 -43.3235
58.6017 -92.8719 5.40415 -18.2903
54.0367 -90.3929 11.3998 -27.5519
64.191 -103.395 17.2832 -36.8128
62.8028 -104.342 23.2859 -46.0727
63.0343 -98.6052 18.355 -37.1885
49.5848 -78.4704 11.788 -25.9029
59.741 -91.5974 17.789 -35.2171
48.7625 -74.6309 12.17 -25.5156
58.7646 -87.5507 18.1949 -34.874
54.5551 -84.3994 24.3958 -44.3739
53.6181 -76.5979 18.7735 -34.4336
48.9802 -68.3233 17.8826 -32.0938
36.8584 -49.5976 19.7903 -30.5195
45.873 -60.4617 19.1266 -33.2199
33.2431 -40.4415 13.7039 -23.7043
41.9854 -51.3532 19.9118 -33.3055
39.9286 -46.7078 20.3275 -33.445
37.9047 -42.3482 12.1837 -25.0498
34.3807 -35.7345 19.9398 -31.6588
41.6903 -43.9459 26.3738 -41.4927
27.3238 -22.1325 20.4608 -31.5173
15.5492 -3.71208 15.7389 -23.7757
22.6707 -12.0084 22.1781 -33.6694
20.3341 -6.9706 22.7633 -34.1853
30.0784 -36.165 12.6124 -20.1477
43.3495 -44.6446 19.0594 -30.0831
45.8453 -55.4303 13.395 -24.2955
1.70043 -13.3393 -23.9483 23.0451
0.578396 -12.993 -23.0764 19.4179
-0.0775614 -11.9457 -20.3013 12.9568
-0.897953 -10.8741 -18.1424 8.54428
-5.30474 -5.75224 -17.2103 3.75278
-0.0467283 -11.1036 -10.6316 -6.53643
5.20979 -16.4541 -3.96711 -16.8219
-14.1964 6.64807 -3.75412 -31.4912
-8.99055 1.24015 2.85383 -41.8573
-5.241 -2.43588 9.44067 -51.9202
-2.30682 -5.4615 13.5382 -60.3232
-0.754441 -6.84432 15.5507 -65.831
-1.29001 -5.26386 19.8405 -71.0778
-2.06829 -2.48939 27.2192 -79.1968
-2.37561 -0.462966 27.1933 -83.2288
-2.74631 1.64536 23.4785 -77.1618
-3.33972 3.92256 24.8122 -80.1966
-7.88308 9.86584 16.7674 -72.7515
-4.48709 7.69674 24.7116 -81.3853
-4.67817 5.54306 17.1333 -71.9969
-1.34477 3.36788 23.9328 -82.6658
-1.63443 1.87237 16.2344 -71.6184
-2.30717 5.63196 23.4878 -82.7454
-7.26165 11.0161 14.6275 -73.1307
-5.94958 12.6329 23.157 -82.2003
-9.02805 17.4929 23.1571 -81.7322
-8.63976 17.7185 20.6235 -77.9885
-9.58628 19.6353 20.2654 -77.4059
-9.36685 19.7309 16.6838 -76.9778
-11.331 22.8972 18.7792 -74.0983
-18.9707 20.6944 -7.95119 -24.6733
-17.6719 22.3005 -0.622836 -36.0706
-17.8687 26.8451 7.10907 -47.9576
-17.9847 28.1883 8.69781 -49.1675
-18.2294 31.205 10.3317 -49.9744
-18.9047 34.5233 13.8692 -54.5423
-18.1765 32.7946 11.1628 -48.3607
-18.8991 38.4034 19.0872 -60.5116
6.56437 -11.7104 2.16778 -25.2959
5.84489 -6.13314 11.0416 -37.4971
20.4041 -24.1924 22.6587 -50.6116
19.6756 -18.6222 30.7615 -62.9164
22.1384 -16.597 34.2382 -64.7084
18.8377 -7.74409 42.8577 -77.8166
16.6447 -3.14391 48.1062 -84.2636
16.7927 3.04805 52.3716 -89.4778
15.5284 5.81574 44.4568 -80.0109
12.794 15.431 53.2789 -93.1528
11.3967 20.3262 52.6702 -91.0067
11.3542 22.8032 49.5683 -91.1014
9.57227 27.966 47.0711 -89.1505
7.758 32.9287 46.0765 -84.8828
6.17279 37.7079 40.202 -82.164
0.813143 43.3848 38.6162 -81.205
0.494857 52.1706 35.7395 -77.9181
-2.93447 60.2277 35.5978 -77.9584
-4.51797 64.7124 31.8615 -77.4401
-7.35372 71.2892 33.8707 -75.0289
-4.07965 69.2547 33.769 -69.6893
-10.6562 79.7275 33.0488 -72.5121
-2.03311 47.2133 9.55474 -30.3385
-6.61558 60.6583 21.0881 -41.5644
-5.54271 56.4892 25.2109 -42.4741
-11.739 73.8119 35.6862 -57.7656
-12.8563 78.2005 41.2917 -60.0906
-8.98865 84.0928 43.3715 -66.3353
-7.27015 68.5603 37.4237 -59.8329
-13.4431 85.7638 49.3477 -73.1243
-15.4978 90.5124 51.7722 -75.4958
-21.6876 107.677 64.1558 -87.877
-17.5363 94.7875 63.3856 -87.9279
-13.0162 80.2022 51.5319 -71.8428
-19.6968 98.809 50.5781 -74.6885
-16.3521 87.7769 46.4396 -65.265
-23.7392 108.396 57.9779 -81.7486
-19.4509 94.4911 46.0477 -68.353
-26.8131 115.014 59.0798 -82.7154
-18.9233 94.1893 60.4005 -80.4764
-26.2579 114.608 58.5405 -82.4351
-22.6953 99.9845 45.2724 -64.2219
-30.1488 120.299 56.9452 -80.8297
-24.2663 100.909 56.3929 -79.9231
-31.8413 122.298 69.967 -94.6799
-33.0527 125.222 56.4423 -80.052
-19.3907 109.837 55.1641 -75.4353
-32.1236 124.572 53.664 -77.8931
-35.1366 130.143 52.9265 -80.915
-1.1185 15.9911 4.8105 -6.86587
-9.03252 38.8348 17.6736 -24.7639
-2.01068 23.7054 24.0158 -34.6578
13.3326 -12.5474 17.776 -25.837
5.48296 10.0228 30.8644 -43.7304
2.48077 19.1157 44.3342 -61.9536
-1.30154 30.6453 52.1978 -73.8235
2.3046 29.3158 56.4084 -78.6921
0.948235 36.2681 62.9229 -87.2288
0.639389 39.8821 65.9677 -90.5865
8.8478 36.5807 70.2486 -96.7383
-3.90985 52.2259 67.9476 -96.5172
-5.66965 34.1605 42.8029 -67.2601
-13.6919 59.1164 56.9476 -86.3594
-21.7141 84.0723 71.0924 -105.459
-3.88088 41.8939 51.495 -81.6896
-11.8968 69.346 67.9976 -99.2247
-20.1222 96.777 67.0372 -102.008
-22.4314 105.01 83.0477 -121.057
-8.37163 95.4501 83.5522 -122.228
-21.6276 109.589 73.992 -113.266
-24.5926 116.933 66.9561 -108.004
-25.0795 119.263 56.9802 -99.4434
-28.9494 127.138 52.6874 -96.4449
-23.6704 140.581 69.2683 -114.921
57.6727 -71.4258 4.25972 -16.9471
49.91 -42.6 21.2164 -38.4811
43.5813 -42.2921 65.6364 -88.3184
35.5852 -13.6164 82.9071 -109.752
33.7114 -16.7451 88.5898 -112.504
25.6901 11.9384 106.084 -133.812
18.3483 40.4454 123.445 -155.218
21.5626 8.75422 113.063 -145.929
34.5097 -61.8209 42.0337 -77.2104
30.3719 -47.2799 59.8924 -98.0137
32.318 -54.3558 51.2428 -90.5923
25.0826 -23.5433 70.9454 -111.346
24.0105 -21.4975 77.9002 -116.212
25.6354 -31.0389 76.3403 -118.81
24.8794 -28.6421 78.9559 -122.891
26.3528 -36.6499 97.4377 -145.535
9.27444 54.1717 52.9907 -95.8384
2.25781 84.8186 71.5899 -118.615
-0.744905 122.446 56.8315 -103.675
-7.79563 153.045 75.4339 -126.527
-6.78346 175.872 94.2764 -149.235
-11.7138 182.714 74.2993 -126.472
-10.3261 179.722 66.6428 -119.032
-16.7276 212.62 62.3683 -116.684
-12.7646 201.651 40.547 -91.2619
-19.2 234.5 60.4448 -115.537
-27.9502 233.383 33.9681 -84.3402
-23.302 255.98 53.8896 -108.71
-27.3757 268.604 52.3211 -107.477
-33.7367 301.29 72.3172 -131.85
-30.4002 282.729 46.656 -101.434
-28.876 286.715 43.8978 -98.0324
-31.7644 297.224 22.2994 -74.8762
-37.6409 332.37 43.7553 -100.791
-32.4948 307.697 49.6057 -101.239
-38.4199 342.8 71.0689 -127.143
-31.5983 313.471 51.7826 -102.275
-25.9157 280.358 31.3835 -75.4692
-31.8075 315.396 53.1366 -101.614
-37.6992 350.433 74.8897 -127.759
-28.9891 304.62 80.0259 -130.755
-17.9045 206.388 -8.13647 -23.373
-14.785 205.024 15.8187 -51.1435
-5.33109 167.844 27.969 -66.1621
-10.7169 205.527 38.3167 -79.3148
-1.60091 167.11 29.5489 -71.0087
-6.99919 204.801 53.8221 -98.8013
-5.35754 203.496 59.6689 -106.364
2.77793 163.57 49.1633 -96.5113
-2.77289 201.292 73.6749 -124.323
3.97196 159.164 75.68 -126.721
-1.20741 199.219 78.2508 -130.329
-1.48571 199.908 56.7351 -106.853
-0.0774612 199.986 83.3863 -136.263
5.8957 157.819 59.5285 -110.337
0.673099 198.775 86.5227 -139.777
6.57424 154.487 87.7259 -139.974
1.25073 195.513 86.9618 -140.258
1.30431 193.362 86.4667 -139.704
-4.7996 156.919 57.0218 -108.078
-11.1071 198.093 85.1777 -137.218
-16.3547 241.649 114.301 -167.733
11.458 109.535 65.1103 -117.639
12.3684 116.803 90.2392 -144.125
9.19792 76.0741 102.825 -151.869
17.1921 109.922 102.916 -149.91
26.9838 106.882 108.182 -153.635
16.3381 113.452 102.609 -150.98
20.7758 -3.70762 16.6235 -61.9884
14.9362 42.0425 47.7096 -93.2353
11.3525 -49.7626 36.7924 -74.4468
4.63936 -0.918647 58.523 -96.0759
-3.94155 38.8878 88.4286 -117.805
32.3152 -4.7494 99.2707 -120.127
24.3083 42.1507 117.945 -132.222
17.4802 93.3784 153.135 -164.975
34.64 70.953 150.623 -157.397
27.0455 122.298 186.12 -190.101
19.451 173.643 221.616 -222.805
34.6189 86.8411 186.211 -188.42
26.767 138.406 221.998 -221.122
29.0339 6.82586 234.447 -229.372
17.1771 3.36862 273.668 -263.566
41.3424 -26.0844 168.315 -162.431
39.1508 26.4801 164.183 -159.803
42.5406 -10.8554 115.838 -109.781
33.7207 47.2595 155.546 -144.491
39.746 50.5863 117.597 -108.195
30.2702 108.863 157.515 -143.004
52.8065 -68.6397 91.9677 -69.0525
43.5206 -9.4322 132.466 -104.101
33.6408 52.9316 175.123 -139.27
11.3277 169.685 191.976 -149.678
10.7692 165.301 204.114 -179.792
0.0145006 231.708 248.408 -216.518
-12.171 298.095 219.828 -192.552
-7.08762 273.661 262.86 -231.224
2.19578 220.578 209.213 -184.561
12.0846 136.146 74.3859 -73.1351
0.649447 204.335 119.03 -110.17
6.5388 162.136 107.986 -100.038
-5.66841 234.031 154.062 -137.801
-10.3724 250.728 137.175 -121.228
-12.2416 265.737 185.338 -159.628
-3.58193 207.941 141.575 -121.671
-17.2945 286.642 190.264 -160.685
-25.0773 309.446 187.064 -155.759
-23.9153 309.193 175.6 -145.686
-31.5233 328.617 168.951 -137.484
-46.2115 408.485 154.193 -125.225
-36.7435 340.14 94.9915 -77.1334
-32.0143 322.874 142.26 -117.213
-30.2227 305.353 138.92 -116.181
-41.37 357.106 185.431 -150.425
-19.2409 240.996 122.859 -104.939
2.01682 122.625 64.6731 -62.7297
-8.70146 176.06 68.3607 -62.7983
-1.45193 144.867 112.888 -101.298
23.9541 17.3804 116.567 -104.667
13.8748 72.101 112.062 -99.4932
18.3857 49.4181 113.804 -106.7
27.6454 7.91386 110.134 -104.659
28.7562 44.0192 115.513 -110.3
42.8533 -30.1057 72.975 -80.2955
39.2831 -47.4554 119.272 -114.515
38.2925 -61.3989 125.663 -119.7
29.2773 -13.5247 172.381 -153.73
21.8942 13.4962 82.6224 -92.1499
49.3911 -88.3627 40.6104 -62.5788
38.7865 -38.0124 89.9794 -96.369
27.7126 12.0623 139.009 -130.335
-29.7888 178.573 138.817 -106.856
-42.1149 217.633 162.357 -117.043
-37.2395 190.971 183.137 -124.86
-29.8686 128.588 186.094 -121.803
-13.6588 96.8189 197.709 -123.234
-11.6436 83.7852 249.47 -155.521
-20.3818 108.625 203.289 -119.123
-22.8035 106.439 255.077 -153.314
-30.3911 122.825 200.141 -114.721
-26.7191 106.555 191.088 -109.439
-22.2855 65.0954 131.946 -70.3643
-26.4677 94.0312 186.666 -101.757
-29.6359 100.024 171.091 -86.946
-20.5398 51.5457 0.307903 21.0833
-30.0565 85.9954 59.8208 -10.2098
-27.7935 72.4585 66.9104 -10.7631
-38.2586 109.039 128.963 -41.5618
-34.0981 116.361 81.4805 -7.66699
-31.9471 97.0384 147.896 -39.8735
-22.9539 71.5493 126.907 -28.5897
-33.5752 106.996 197.648 -59.2754
-12.2989 44.2297 155.25 -38.2816
-20.4361 71.4496 227.437 -67.1507
-19.2416 68.6116 242.704 -69.1747
-19.2076 50.2453 50.1821 14.8742
-28.2396 78.0278 150.536 -13.4403
-12.383 50.4368 429.668 -15.7073
-8.74139 40.5463 661.229 -15.4152
-19.56 68.5422 1067.4 -35.2204
-31.0267 97.2476 1495.13 -55.57
-28.6948 91.0873 3277.17 -21.4001
-36.6395 112.132 4130.77 -30.6032
-44.3154 132.531 4978.78 -39.6969
2.64497 22.4318 -13805.6 -354.289
4.40845 14.1884 -3072.36 -154.268
-14.9552 51.0118 -801.984 -83.0757
-23.0125 71.2781 -1026.68 -111.676
-25.2046 74.8607 -762.583 -106.146
-8.62569 27.1886 -305.799 -60.9306
-12.6857 44.0472 -412.481 -89.2131
-13.548 40.2976 -178.904 -52.7337
-19.5711 55.251 -246.837 -76.3504
-19.6515 54.2978 -193.272 -70.0956
-1.54614 10.1661 -150.18 -64.3841
-7.03733 24.1744 -107.824 -51.7253
-7.65493 20.6019 -34.258 -16.8383
-13.24 34.6633 -62.196 -39.8278
-11.7196 27.294 -45.0291 -34.3359
-16.5864 37.1845 -11.1767 -13.6723
-19.6708 43.0686 -27.8273 -36.1343
-25.4132 57.2185 -21.7951 -39.0554
-7.80912 17.1559 5.72145 -11.2098
-10.8495 25.339 -2.89555 -30.7147
-7.72513 17.6937 7.39656 -21.4255
-1.14843 -0.0936745 30.7306 20.7699
-3.93267 4.57581 36.9126 29.0467
-7.26216 10.7786 41.674 30.4321
-4.75917 1.57845 54.1691 66.5962
-8.01556 9.85103 54.88 46.8955
-12.5882 17.4989 62.0664 56.5601
-15.8966 25.7829 64.0405 36.8163
-8.36467 10.1249 67.3517 51.1167
-9.12955 13.23 70.5918 35.0109
-5.75692 6.81979 73.7816 38.6023
-1.21027 -1.76761 76.7549 40.1461
-0.30334 -2.65717 80.2045 46.0971
-1.13232 0.4538 83.8172 50.8785
-3.9734 2.70646 87.2833 55.3331
-3.79136 1.90183 91.6718 63.3886
-4.59017 3.1315 94.0297 67.062
-3.96323 1.64229 99.8904 50.8819
-3.51791 0.619666 100.408 80.4906
-0.789781 -4.7566 103.643 91.01
0.805139 -9.43658 99.5744 116.754
2.27836 -10.6511 105.927 104.748
3.02831 -12.0742 107.889 109.279
-24.1366 35.5545 104.042 126.094
-22.6879 34.3418 111.331 113.598
-33.4938 53.6831 107.501 130.699
-32.0387 52.4783 115.177 118.196
-31.1494 52.1297 118.831 122.318
-28.9806 48.9349 114.046 141.715
-25.7277 44.2005 119.644 130.336
-23.1382 39.4547 113.307 149.792
-19.6959 34.7704 121.22 141.165
-16.3377 30.0373 121.957 144.899
-13.9267 25.7965 122.67 147.693
-13.8562 22.9023 89.3774 181.776
-10.3129 18.2921 97.6071 173.212
-6.78006 13.6346 103.014 170.467
-3.22235 8.97326 102.863 157.817
-0.165101 4.05979 106.208 143.54
3.68995 -2.24831 106.059 127.042
8.91298 -9.50865 110.037 133.495
10.3991 -13.9918 106.831 124.2
15.6568 -21.228 111.913 127.076
4.68439 -15.4512 38.2499 38.204
10.1661 -22.524 46.2008 34.0925
15.7496 -29.5162 43.5913 15.784
8.18037 -17.6004 40.8762 -1.94922
13.7377 -24.5956 48.0727 -3.62141
16.0827 -27.3103 50.4605 -13.4188
13.1749 -23.1357 44.5112 -20.9122
18.4088 -31.3247 49.8723 -16.1505
21.9427 -34.6762 51.5843 -23.86
9.53816 -18.2091 43.058 -26.8939
11.201 -20.4929 50.4391 -27.0071
18.513 -30.007 49.5203 -28.3268
3.67371 -10.8811 31.792 -30.5004
11.1203 -20.2967 39.0071 -30.5537
19.8026 -31.7683 37.6313 -31.6656
27.6829 -41.8946 44.5537 -30.7778
19.6949 -31.3668 34.1624 -29.3868
15.4499 -25.8269 34.9858 -33.5409
24.4173 -37.4294 38.388 -23.4812
24.5865 -37.5804 36.117 -20.5657
26.1672 -39.4129 34.0268 -18.1408
7.97929 -16.0863 14.6361 -17.9105
17.1568 -27.4722 21.1308 -14.5616
25.8509 -38.3946 19.2319 -12.758
31.343 -43.9672 17.9868 -14.343
39.0993 -54.8506 24.1343 -10.2956
8.57247 -16.2237 13.7228 -10.3131
12.0036 -20.6258 11.3421 -6.73012
22.6073 -33.7513 17.2524 -0.199066
37.9918 -53.0528 15.0387 3.33673
19.9246 -25.5549 5.79368 -0.396353
23.556 -34.7633 11.6219 6.09109
17.9663 -27.2221 8.72511 10.972
28.4948 -40.1695 8.71267 9.36025
33.6534 -44.8332 7.66797 9.83947
32.301 -43.7709 6.60529 10.4046
23.4 -33.0979 5.45428 12.3747
35.2259 -47.4895 10.9446 21.9185
10.4032 -16.7785 -2.80302 8.82751
19.0904 -26.9006 -3.89181 11.1966
30.8387 -41.1444 1.69258 20.7049
41.0012 -56.6208 1.79469 20.9597
34.2297 -44.4391 0.951343 21.777
20.0858 -26.8595 -4.68598 11.7608
31.9767 -40.8251 1.61295 19.6848
35.1173 -44.2191 1.03476 21.0187
15.3104 -20.7436 -5.55173 14.2805
28.0584 -36.0067 1.05872 23.8432
25.9451 -32.8056 -4.19107 15.5253
28.4902 -35.6191 -3.88179 16.2796
41.2954 -50.7033 1.52587 28.6499
32.4415 -39.4859 -12.5986 -6.37488
45.3356 -54.3941 -5.94859 3.23152
23.6829 -24.3478 -20.8428 -29.9333
32.2771 -37.0879 -15.3351 -17.5819
45.2323 -51.6832 -9.82083 -5.22136
43.648 -49.9431 -15.8208 -10.0301
57.337 -65.6756 -8.9425 1.64477
26.9901 -32.8625 -12.9254 -9.61497
40.6861 -48.4782 -7.51303 5.4992
26.6328 -32.9579 -11.4037 -3.86068
40.3961 -48.4037 -5.83389 11.2405
41.5834 -49.8587 -4.81002 11.6013
27.2261 -33.8444 -7.94252 -1.38069
40.9265 -49.1653 -2.45619 13.7116
40.3387 -48.5053 -1.17857 14.6631
54.6541 -64.6991 4.26109 32.3489
76.1466 -84.5766 -8.2336 0.693715
90.5237 -100.632 -2.72582 18.538
104.901 -116.688 2.78196 36.3823
54.0143 -56.9704 -3.23265 29.9749
18.9246 -28.1271 2.00133 21.8472
33.2821 -43.987 7.56103 39.6735
27.7305 -36.8623 5.15353 29.9794
26.2329 -35.1683 7.03372 30.2718
35.8829 -44.8652 6.31048 39.3817
51.0401 -61.307 14.076 54.1397
25.8741 -34.802 11.7369 40.0803
40.7703 -51.0357 17.0116 61.1955
38.4561 -48.846 18.5364 65.1381
13.7213 -22.955 23.3309 60.2526
10.5913 -16.9313 16.861 26.6688
25.3778 -32.7951 22.2428 47.7403
28.6526 -29.281 -27.8545 -94.9127
43.4364 -44.692 -22.185 -73.9231
58.3062 -60.0224 -16.4388 -52.9556
54.1257 -56.9586 -11.0676 -29.2448
50.4346 -53.1428 -31.8983 -69.0021
65.6699 -69.0008 -26.4154 -44.5889
80.9051 -84.8588 -20.9326 -20.1756
63.7088 -67.1233 -25.3433 -22.6383
78.9475 -82.8873 -19.7985 1.75752
70.0989 -70.5336 -23.9878 4.46838
85.3571 -86.1856 -15.1649 20.9611
100.615 -101.838 -9.60446 45.3527
99.7007 -112.611 -1.95317 64.1041
115.186 -128.65 3.28607 91.1211
111.987 -124.9 6.92218 91.922
127.57 -141.04 11.9911 120.035
143.152 -157.181 17.0601 148.147
107.6 -114.898 9.90798 115.857
123.138 -130.834 15.1763 143.916
101.84 -110.369 -1.88272 128.265
117.338 -126.102 3.67308 156.256
41.763 -47.9427 0.266351 122.684
57.2121 -63.4808 5.92263 150.652
19.227 -26.7532 8.79709 155.595
34.8951 -42.5656 14.1495 187.51
26.2112 -31.7027 13.6202 153.77
41.8303 -47.3842 19.0668 185.658
37.1927 -40.5768 20.3983 166.044
9.27198 -14.0336 21.6394 139.41
24.789 -29.4724 27.194 171.273
36.7411 -39.8164 32.8367 203.121
52.285 -55.1984 36.277 209.674
62.3599 -64.1758 39.2809 211.856
40.9672 -45.9932 41.698 209.771
33.6616 -40.0611 44.6727 217.326
24.7641 -32.6497 50.1847 253.413
33.0061 -39.9716 50.2292 225.617
21.5682 -28.6203 58.6558 207.017
37.06 -43.9384 55.2881 229.379
42.735 -49.252 47.6717 215.185
32.3211 -40.7026 59.683 231.182
34.035 -42.6516 61.8594 231.011
27.433 -37.2972 63.3726 226.584
33.4995 -42.8215 65.273 230.487
48.8552 -58.197 70.8769 271.186
34.4888 -44.5501 67.9394 235.23
18.5801 -29.7623 58.4275 216.29
33.8535 -44.9088 69.9116 237.33
39.4482 -50.2313 57.6636 217.088
29.9676 -42.5394 70.8278 233.319
20.8852 -31.5925 72.4347 174.778
35.9795 -46.5421 77.8728 215.58
51.0738 -61.4917 71.9716 237.52
33.4544 -45.687 57.6708 215.752
48.5498 -60.7473 63.4745 261.74
34.0194 -51.0798 63.6768 201.117
47.6553 -65.9657 62.3241 199.677
62.6532 -81.0444 68.0753 245.72
35.2441 -50.6604 67.1118 245.855
21.8536 -36.8471 73.0267 223.019
36.7279 -51.6733 65.1116 245.903
21.178 -35.6388 57.0206 196.785
35.9799 -50.3885 63.0518 242.902
32.3256 -49.4038 47.5833 217.455
47.0523 -64.2748 60.5247 244.962
19.8498 -32.8254 51.368 196.63
34.4558 -47.6024 58.085 248.704
38.4813 -50.4525 56.0464 249.72
49.812 -59.8769 36.7829 223.96
35.727 -47.5608 51.8239 244.926
18.3645 -29.7078 42.1594 194.056
32.85 -44.247 48.8821 246.416
47.2253 -58.8714 56.1643 298.668
24.7511 -33.6562 35.2926 183.295
38.9838 -48.2497 43.0015 242.704
38.625 -47.4906 40.898 247.472
16.8422 -23.8414 39.4355 249.515
27.7685 -37.7419 36.8737 250.618
22.1224 -29.3758 24.498 189.62
36.816 -43.9169 15.1271 217.689
40.1887 -46.485 29.9463 247.978
19.5567 -23.5467 28.1712 245.739
30.3378 -37.3193 24.2135 236.652
31.6238 -37.9626 30.3548 208.978
45.4548 -52.2722 38.8719 277.671
32.9383 -37.8989 19.4144 247.288
20.9427 -17.5971 -10.461 25.2818
30.9503 -27.788 -19.3149 61.1382
16.4572 -10.7438 -61.4669 -117.154
29.7959 -24.8336 -59.0953 -81.7752
44.0617 -38.1133 -46.9603 -19.8649
56.6614 -52.1947 -36.2897 50.1028
54.6391 -51.9299 -31.7249 83.9461
49.2772 -48.7054 -33.6822 93.6036
17.7224 -13.6299 -70.8709 -115.159
30.5458 -27.6876 -57.5687 -32.4881
17.8588 -17.9169 -42.5485 28.0455
30.4442 -31.9447 -21.0793 74.8764
31.9371 -34.9615 -30.9165 66.3877
44.4614 -49.0015 -15.7723 150.581
21.6141 -29.1577 -41.448 80.7835
34.0702 -43.1996 -25.861 165.325
16.3359 -25.4758 -27.493 121.495
28.6315 -39.5882 -38.7845 152.372
32.6509 -42.9846 -52.0138 117.268
19.7264 -27.4409 -105.755 -48.8388
32.2559 -41.8732 -97.4764 6.11589
44.7855 -56.3056 -89.1977 61.0705
51.0873 -55.5842 -78.9649 27.9684
63.545 -69.9668 -62.0745 77.3822
21.6996 -28.9619 -58.5716 12.6416
34.0739 -43.3236 -81.2932 5.63522
9.35041 -16.1405 -98.3692 -95.7248
21.6378 -30.4735 -88.9419 -39.6353
23.8224 -28.3023 -82.9406 -65.2419
36.0151 -42.6887 -76.0423 -18.1926
40.0451 -46.3806 -71.5962 -13.2447
26.8507 -31.6423 -70.5783 -48.2976
12.4615 -15.3121 -86.4362 -125.949
24.4486 -29.6341 -76.1627 -78.2098
32.4453 -37.4031 -64.9865 -30.18
44.3926 -51.7136 -53.3485 -7.71737
33.4516 -37.981 38.2261 146.91
45.32 -52.2664 54.9437 194.964
14.732 -19.1048 84.9289 129.939
26.4569 -33.3799 114.429 169.406
27.3831 -33.49 -464.083 43.4883
25.0878 -30.0137 -716.216 78.8212
25.0092 -25.8228 -141.784 81.9898
36.5713 -40.035 -84.7979 95.0896
39.1008 -42.9526 -112.712 133.926
39.2918 -43.6145 -46.2557 112.967
47.3262 -57.531 -36.2142 91.3159
30.1119 -35.906 -30.604 91.6545
25.9723 -32.0748 -12.2229 44.0207
29.3086 -35.9065 -24.5132 74.8744
25.1888 -30.0351 -11.3529 48.9694
36.3311 -44.1124 -22.7462 79.8433
36.1738 -44.9074 -22.9942 76.6972
14.885 -22.781 -12.7489 44.6416
25.9077 -36.8192 -23.462 75.5314
18.5205 -27.1407 -12.9779 53.0677
29.4659 -41.1519 -23.4729 83.9568
32.1809 -44.0463 -24.104 84.4019
42.8206 -58.122 -34.7751 109.751
10.1557 -14.8576 1.13062 8.54228
22.6369 -29.0238 -9.83182 31.5977
33.0237 -40.2312 -13.0425 50.1728
5.82926 -8.62325 -1.46264 4.0707
16.2345 -22.4629 -12.4163 27.0679
19.6733 -26.2908 -0.474516 40.232
29.9191 -40.089 -11.7123 63.0181
35.4491 -48.79 -21.3796 66.5333
30.8679 -46.2495 -29.08 58.044
14.2603 -28.7678 -29.5148 32.8672
24.2523 -42.4429 -41.1037 48.4679
11.475 -26.3821 -38.1021 33.3125
21.4132 -40.0421 -49.6855 48.8873
24.0349 -42.2537 -52.2856 49.6069
33.3554 -55.8642 -63.8222 65.1972
24.0146 -40.7327 -65.6053 66.4627
33.8397 -54.385 -77.1078 82.0596
35.6212 -57.1287 -68.8393 64.419
45.3862 -70.7939 -80.3671 79.9707
31.9525 -43.0924 -51.8151 54.0389
41.3677 -56.6171 -63.4736 63.1022
36.72 -51.4998 -63.7679 46.3608
34.119 -51.2903 -63.4825 37.8815
43.5938 -64.7129 -75.2998 46.7557
8.96746 -16.3072 -43.6554 9.32185
12.6204 -18.7871 -41.3899 12.9775
22.0286 -32.1206 -53.2926 21.6518
26.6831 -32.1212 -39.302 17.87
36.041 -45.4287 -51.2522 26.4467
22.6237 -27.1944 -49.2057 20.3025
31.7396 -40.2904 -61.0632 23.0789
4.32726 -6.54401 -54.391 40.8072
13.3093 -19.6332 -66.1228 43.7619
22.4353 -29.3482 -73.6518 70.9917
31.4119 -42.4137 -85.5132 73.8169
40.3885 -55.4792 -97.3747 76.6421
48.8022 -68.925 -87.841 40.9483
57.6716 -82.0595 -99.6873 43.7142
60.7799 -81.663 -80.7198 18.2957
21.7787 -24.251 -38.8841 -69.3652
21.0873 -36.0845 -41.6592 -3.55649
29.652 -48.8386 -53.1479 -6.52441
38.2167 -61.5928 -64.6366 -9.49232
34.362 -48.4987 -32.349 -13.3001
42.7935 -61.2265 -43.7874 -16.4304
51.0456 -74.0715 -47.6566 -30.6279
23.4082 -44.1628 -47.4523 -14.7145
31.6518 -56.9519 -58.9215 -17.7527
15.5109 -34.4077 -46.4396 -12.3002
14.194 -31.4361 -33.773 -27.9576
12.7524 -28.5068 -43.1144 -18.3519
9.29691 -18.26 -42.0071 -24.0445
17.3317 -30.6601 -39.7504 -25.7023
20.6357 -33.3856 -38.3818 -29.491
28.6115 -45.7938 -36.4893 -26.7777
20.9824 -32.5847 -24.573 -42.1352
18.721 -29.652 -33.7765 -24.751
10.9179 -17.0374 -32.8119 -26.5575
18.8327 -29.3678 -31.2529 -24.2158
11.0239 -17.0279 -30.233 -27.347
18.6627 -29.0584 -28.1002 -28.7421
20.6354 -31.3517 -16.0358 -47.3457
28.1042 -43.4632 -15.9852 -70.6963
14.3368 -18.553 -15.4161 -40.5684
20.9644 -30.4629 -16.4008 -37.6118
28.5084 -42.4459 -25.9119 -49.3292
28.5361 -45.4406 -17.1544 -62.5938
26.8679 -43.1207 -26.3593 -60.1539
8.00159 -20.0414 -19.6309 -31.5048
15.4225 -31.9276 -28.8198 -43.8687
14.8847 -30.9692 -28.4826 -41.8205
22.0319 -42.6125 -26.9814 -44.2672
21.4627 -39.4675 -25.3907 -48.4757
29.1473 -51.1629 -23.6085 -73.9906
17.3418 -29.8651 -22.3928 -46.1555
11.0983 -18.1007 -10.9836 -51.9544
18.1991 -29.6645 -19.7243 -44.8249
15.5881 -22.937 -9.70339 -36.7548
22.6567 -34.4814 -17.7204 -51.6067
22.6687 -35.32 -19.0931 -26.7073
17.3809 -30.0895 -17.4185 -52.3469
16.7967 -29.8365 -17.0263 -53.7733
14.2738 -26.2489 -15.0656 -79.3452
14.4306 -27.8335 -15.215 -51.1609
10.0978 -17.1388 -6.43573 -33.6546
16.7969 -28.2806 -13.0985 -50.9274
23.496 -39.4224 -19.7612 -68.2003
21.1149 -23.1097 19.0118 -55.4704
27.7072 -34.1905 12.7817 -72.6544
31.977 -41.6202 2.66809 -71.3372
27.9773 -43.7244 -5.32754 -74.9295
34.311 -54.419 -10.4085 -94.0305
10.8063 -19.8995 0.24141 -62.7644
13.0324 -19.7872 -7.18028 -29.5843
19.4259 -30.3718 -11.8057 -48.607
25.8193 -40.9565 -16.4311 -67.6297
27.9876 -45.1948 -13.1906 -81.5589
34.3882 -55.7665 -17.7269 -100.581
25.1935 -31.6073 1.55029 -63.4138
31.647 -42.086 -2.64583 -82.358
37.6659 -52.1934 -5.83592 -102.657
30.1411 -47.2145 -9.306 -103.781
31.8007 -57.268 -14.2064 -122.973
32.6661 -68.8149 -32.0613 -64.2384
2.16512 -19.3783 -38.6131 -31.7318
9.63586 -29.7546 -32.6076 -58.5722
10.0755 -23.282 -22.1773 -51.7649
15.7388 -33.5688 -25.9643 -71.7459
11.5294 -23.6789 -20.7414 -50.4538
17.1697 -33.9556 -24.4666 -70.3772
10.7135 -22.1181 -14.356 -75.0162
16.0432 -31.9589 -21.4839 -68.8448
7.20509 -12.6707 12.7838 -18.16
12.4254 -22.5243 10.2676 -38.8191
22.7211 -29.343 24.1425 -64.074
27.937 -39.1585 21.7985 -84.6494
33.153 -48.9741 19.4546 -105.225
24.7755 -45.3622 14.1694 -124.337
29.9657 -55.1799 8.41819 -126.751
20.8283 -48.7992 -9.45043 -99.0364
25.6207 -58.2533 -11.0891 -120.014
4.78444 -31.1468 -28.7326 -56.2352
0.426727 -16.5847 -28.2286 -51.2515
4.62867 -18.5308 -14.1472 -48.5504
9.43823 -27.8806 -15.5135 -69.4559
14.2478 -37.2304 -16.8798 -90.3614
5.55587 -14.6851 -4.21367 -68.0508
11.8201 -24.1372 -11.2242 -85.9611
12.2016 -25.7072 -25.7121 -60.5959
16.663 -35.117 -27.2362 -81.0517
15.8511 -36.0798 -29.9517 -82.4255
14.6522 -36.1342 -31.3733 -83.4722
10.0409 -31.4515 -35.0722 -73.9346
2.64307 -17.9517 -33.402 -47.0436
6.79991 -26.8477 -34.0197 -67.6385
6.51682 -27.2892 -39.7987 -65.8927
13.3523 -32.6656 -22.0326 -84.4854
11.5611 -30.2131 -27.9839 -81.8774
10.5744 -29.2084 -19.7578 -81.0797
7.93994 -25.3864 -7.81453 -107.438
11.8493 -33.9185 -8.0056 -127.837
7.0664 -22.3571 -19.2794 -57.2608
10.8135 -30.7154 -7.52646 -82.6607
11.834 -25.9401 -6.25677 -68.8647
9.32677 -23.0411 -7.24199 -60.1222
9.37659 -23.046 -4.9752 -59.4499
7.58521 -20.7149 -5.32882 -52.5166
8.83889 -21.8473 -1.51665 -30.9025
7.95166 -20.4012 -1.16037 -50.9096
9.52513 -21.9685 8.85417 -57.0636
8.30841 -20.2935 2.49821 -50.0069
4.44505 -11.5998 8.47263 -37.5916
7.86326 -19.3336 9.55541 -56.9791
1.58126 -4.46586 9.46898 -20.1799
4.98369 -12.1919 10.6559 -39.4644
8.38077 -19.9178 11.8428 -58.7489
9.9201 -18.5973 16.9782 -54.7898
13.3029 -26.3189 18.2272 -74.0111
7.14745 -17.1212 8.21137 -43.304
10.5161 -24.8383 9.51609 -62.4612
5.59865 -15.6906 4.17343 -36.3087
8.64186 -22.7866 5.97721 -54.604
8.41599 -22.0742 6.83245 -53.9452
5.39341 -13.9537 10.8962 -43.5429
8.41753 -21.043 12.7783 -61.745
8.41223 -20.7866 10.9195 -57.936
11.4301 -27.8737 12.8262 -76.1074
14.4479 -34.9608 14.7329 -94.2787
12.1839 -16.4516 31.7574 -61.0597
15.1191 -23.5541 33.643 -79.1261
11.3629 -20.5706 17.1701 -54.741
5.12866 -12.7103 4.08637 -28.393
7.76363 -19.1221 6.47698 -45.214
7.66208 -19.7833 6.48477 -34.6387
6.04383 -17.6807 8.89581 -51.4165
6.12745 -17.8123 9.14205 -52.9153
8.73132 -24.2259 11.5322 -69.6751
5.75783 -16.9767 9.13133 -53.5081
4.62595 -15.793 11.5417 -70.2257
6.00969 -16.8202 4.07357 -45.338
3.6016 -10.0537 1.97269 -26.4826
5.85774 -15.7446 4.62442 -41.7219
5.11218 -11.0541 7.66711 -30.8248
2.48715 -5.0562 5.64001 -14.8146
4.72132 -10.7437 8.33627 -29.9737
6.95548 -16.4311 11.0325 -45.1329
4.27132 -8.61949 1.03596 -10.1336
6.39433 -14.3148 0.382532 -16.0706
6.60209 -15.0124 8.40133 -32.0271
6.49588 -16.0779 16.3114 -47.9846
9.27436 -21.5555 16.089 -54.2537
11.5424 -26.5 18.2873 -57.3127
2.10187 -9.43833 13.9301 -51.3286
3.87275 -14.3549 6.46185 -38.07
1.86998 -12.2612 3.37415 -32.7803
2.55801 -7.53714 6.31171 -21.3132
4.38343 -12.4597 9.04911 -34.6248
5.54428 -12.9654 11.6716 -36.1758
2.98464 0.614869 10.3062 1.59882
4.80318 -4.29869 13.142 -11.6135
6.50389 -9.07022 15.8157 -24.4916
7.96873 -13.1653 18.4385 -35.7642
12.5076 -19.7165 32.9545 -51.8779
13.9787 -23.8063 35.6419 -63.1118
5.06503 -11.0018 25.4734 -57.0564
6.46527 -15.1084 27.9811 -68.2981
9.16336 -19.2352 5.48835 -43.8348
8.76713 -21.0427 2.39061 -44.5125
4.43498 -17.4886 -2.70882 -39.097
-1.23485 -8.21866 -3.28669 -37.9512
-0.164705 -12.1919 -4.56059 -34.0492
0.0167794 -7.47091 -1.44638 -23.7084
1.06285 -10.6805 0.773275 -32.6386
0.961028 -6.56734 1.28822 -20.8337
1.03789 -6.04807 1.85058 -19.064
2.09037 -9.25753 4.11749 -27.9798
3.12138 -12.4711 6.32098 -36.9039
3.29282 -10.0794 7.80801 -29.6175
1.89092 -8.39605 4.55557 -24.4055
-0.138651 -3.83337 4.29456 -23.0057
0.874774 -6.98772 6.50831 -31.7556
1.63194 -6.47028 4.5876 -18.4696
2.24172 -6.28772 4.00253 -14.5559
1.8235 -3.15238 5.10374 -6.88845
2.5188 -5.40012 6.87423 -13.2343
2.49822 -5.00176 8.88449 -13.2405
3.18692 -7.25073 10.6454 -19.5847
2.22394 -4.05201 7.76437 -11.0435
1.97897 -1.91021 6.42314 -4.66894
2.65653 -4.16027 8.17306 -11.0012
3.58954 -3.99379 10.134 -10.3253
3.94553 -5.21921 11.235 -13.866
4.24328 -5.38181 12.0324 -14.3641
2.56793 -3.33549 9.40124 -11.0099
0.345972 0.63833 3.10414 -0.294156
0.690146 -0.570356 4.18657 -3.78255
1.59299 -1.80394 5.25674 -7.27893
2.01285 -0.12685 4.94775 -0.19021
2.33707 -0.475373 5.57103 -0.876714
2.67472 -1.68491 6.64406 -4.36181
3.09272 -2.39199 7.90577 -6.3009
2.29337 -1.06974 6.85184 -3.86044
1.65636 0.0900328 5.10056 -0.595925
0.511239 2.55043 0.852494 7.35953
0.70056 2.90737 1.7943 6.99139
0.711644 2.82403 1.36164 8.23052
1.16286 2.75398 2.62804 8.0178
1.54536 2.55378 4.01505 7.62514
1.88406 2.08285 4.37533 7.02346
1.91907 1.99804 4.91008 5.95919
1.9991 1.72029 4.93796 5.28569
1.54801 2.52884 3.71081 7.74089
1.07406 3.59995 2.10675 10.9495
0.603224 4.65128 0.602318 14.0106
0.308851 5.78694 -0.190727 17.1812
0.315405 5.99058 -0.500122 17.7858
0.724723 5.87745 0.542696 17.4379
0.913371 5.89092 1.49919 17.4421
1.29103 7.01834 0.708331 20.6183
12.3992 8.13591 -411.967 527.556
36.5209 13.3865 -300.206 518.972
35.8164 15.3588 -298.795 520.525
0.838342 -7.22645 -51.7395 102.159
0.838342 -7.22645 -51.8003 102.154
-0.181096 -7.25685 -44.7336 98.9144
-0.181096 -7.25685 -45.9969 98.7527
-0.181096 -7.25685 -46.1154 98.7595
0.101765 -6.16294 -43.57 96.9909
0.101765 -6.16294 -43.57 96.9909
1.07223 -4.09396 -40.9442 94.1828
1.61298 -3.25275 -39.8879 93.7989
2.48887 -3.33509 -40.2399 93.3434
3.09157 -2.40494 -91.8573 93.9463
2.96682 -2.1252 -128.499 93.0894
2.95589 -2.13961 -128.02 93.7004
2.95589 -2.13961 -128.02 93.7004
8.2813 0.045412 -100.863 82.5383
8.2813 0.045412 -101.142 79.7046
9.3302 0.503992 -93.0967 80.1376
10.1952 0.806364 -85.0613 78.8995
10.8799 1.16648 -85.3351 76.5839
11.4293 1.41234 -71.8052 75.4904
11.8207 1.77158 -59.5895 73.0626
12.2096 1.74015 -59.5895 73.0626
12.4717 1.83015 -53.9852 72.0102
12.4636 1.75316 -48.5348 72.4265
12.6617 1.87779 -48.6802 71.0508
12.7905 1.26351 -14.0223 66.0328
12.7905 1.26351 -14.0223 66.0328
-105.297 209.012 124.007 15.8643
-105.297 209.012 124.007 15.8643
-105.297 209.012 124.007 15.8643
-102.55 201.444 121.505 13.1498
-102.55 201.444 121.505 13.1498
-102.2 196.871 113.813 12.3278
-101.331 197.005 109.197 13.062
-100.51 191.876 102.875 12.6425
-98.6247 192.695 102.993 11.591
-104.451 186.979 91.5142 12.1838
-105.498 184.733 85.3801 11.2816
-105.566 184.993 80.1748 12.0009
-114.772 175.959 69.2944 13.5938
9.03973 52.9572 4.8257 17.9429
16.7423 15.3415 4.14833 17.8771
-6.70503 8.58962 -30.4686 19.522
-38.0509 8.59562 -58.4627 20.2588
-56.3122 11.0044 -74.7775 21.5499
-72.5055 13.7031 -87.0525 21.9594
-80.0223 14.9132 -92.4422 22.6216
-83.7706 13.5512 -91.1424 21.1775
-92.0098 15.3825 -95.458 22.227
-92.6097 15.8732 -93.9692 22.772
-94.4328 16.6037 -89.7374 22.062
-93.9689 17.4461 -85.9233 21.9437
-92.9645 17.8599 -81.3294 21.2838
-92.975 17.825 -81.353 21.2516
-89.9421 18.2518 -71.9737 19.6597
-87.4426 18.5741 -66.7445 18.5835
-84.4726 18.1864 -61.4641 17.436
-81.3554 18.0261 -56.3663 16.2064
-86.5554 32.6819 -55.5083 15.5923
-76.1406 19.6715 -49.0122 14.2882
-76.1406 19.6715 -49.1903 14.2505
-65.1056 14.2325 -40.7804 11.9398
-62.0763 14.2672 -37.8612 10.4142
-59.2974 14.2551 -35.4087 10.1635
-53.2696 12.295 -33.1282 9.41778
-42.5725 7.55086 -30.3271 8.16423
-42.5725 7.55086 -30.3271 8.16423
-38.6098 5.99553 -29.1331 7.54482
-32.501 4.338 -24.6245 5.96444
-32.3297 3.72077 -24.6245 5.96444
-32.1775 3.26716 -22.4691 5.65995
-27.6616 2.50241 -22.4681 5.66534
-22.2363 0.75599 -14.2061 2.12515
-22.1614 0.617474 -14.2911 2.10863
-22.1614 0.617474 -14.2911 2.10863
-20.7234 0.244515 -12.6152 1.51233
-14.3303 -1.10611 -10.6034 -0.256861
-14.2958 -1.11781 -9.29546 -0.449963
-12.8107 -1.45891 -2.86437 -1.75283
-12.8107 -1.45891 -2.86437 -1.75283
-12.1298 -1.56446 -2.00305 -2.0223
-11.5056 -1.69287 -2.00305 -2.0223
-10.8846 -1.81027 -0.430341 -2.5344
-9.79102 -2.01251 0.905712 -2.84839
-9.79102 -2.01251 0.926514 -2.97698
-9.30191 -2.11447 1.54372 -3.18068
-8.84417 -2.19919 2.11093 -3.36445
-7.21318 -2.54294 3.62257 -3.95823
-7.21318 -2.54294 3.62257 -3.95823
-6.85544 -2.61627 4.07838 -4.1025
-6.85544 -2.61627 4.07838 -4.1025
-5.58686 -2.92295 5.91818 -4.6586
-5.58686 -2.92295 5.91818 -4.6586
-5.59726 -2.92238 5.91643 -4.66048
-5.30972 -2.99718 6.20338 -4.75153
-5.05474 -3.06368 6.47664 -4.84814
-4.81089 -3.11849 6.72086 -4.9316
-4.59383 -3.18816 6.94787 -5.01121
-4.38331 -3.24272 7.15432 -5.08516
-4.18006 -3.2886 7.15432 -5.08516
-3.98812 -3.36659 7.52723 -5.21109
