0.168244 -0.162106 -0.187175 -0.132098
0.168243 -0.162111 -0.187175 -0.132103
0.168243 -0.162112 -0.187176 -0.132104
0.168243 -0.162111 -0.18719 -0.132125
0.16824 -0.162132 -0.187179 -0.132133
0.168238 -0.162152 -0.187179 -0.132155
0.168238 -0.162152 -0.187179 -0.132155
0.168219 -0.162193 -0.187199 -0.132199
0.168196 -0.162244 -0.187222 -0.132255
0.168193 -0.162253 -0.187222 -0.132255
0.168193 -0.162253 -0.187222 -0.132255
0.168132 -0.162373 -0.187286 -0.13238
0.168141 -0.162362 -0.187279 -0.132388
0.168106 -0.16242 -0.187313 -0.132426
0.168079 -0.162498 -0.187332 -0.132493
0.168044 -0.162522 -0.187376 -0.132527
0.168025 -0.162559 -0.187398 -0.132602
0.167997 -0.162555 -0.187398 -0.132604
0.16791 -0.162662 -0.187478 -0.132717
0.167879 -0.162742 -0.187479 -0.132719
0.16783 -0.162799 -0.187591 -0.132803
0.167852 -0.162779 -0.187574 -0.132837
0.167859 -0.162785 -0.187574 -0.132962
0.167859 -0.162785 -0.187574 -0.132962
0.16738 -0.163165 -0.187965 -0.133267
0.16738 -0.163165 -0.187965 -0.133267
0.166641 -0.163586 -0.188718 -0.133626
0.16662 -0.163634 -0.188736 -0.133657
0.166447 -0.163677 -0.188955 -0.133686
0.166435 -0.163695 -0.189023 -0.133662
0.166349 -0.163726 -0.189062 -0.133741
0.165944 -0.163827 -0.189455 -0.133793
0.165862 -0.163815 -0.189541 -0.133829
0.165761 -0.163823 -0.18964 -0.133836
0.165658 -0.16382 -0.18974 -0.133832
0.16553 -0.163846 -0.18994 -0.133811
0.165449 -0.163807 -0.189944 -0.133819
0.165241 -0.163753 -0.190152 -0.133784
0.165235 -0.163775 -0.190154 -0.133788
0.16502 -0.163721 -0.190369 -0.133734
0.16502 -0.163721 -0.190369 -0.133734
0.164759 -0.163717 -0.1906 -0.133656
0.164805 -0.163645 -0.1906 -0.133656
0.164593 -0.163539 -0.190846 -0.133553
0.164428 -0.163571 -0.190871 -0.133505
0.164486 -0.16348 -0.190974 -0.133492
0.164345 -0.163452 -0.191132 -0.133376
0.164415 -0.163343 -0.19126 -0.133374
0.16413 -0.163297 -0.19155 -0.133212
0.164058 -0.163168 -0.19153 -0.13318
0.16384 -0.162972 -0.19168 -0.132993
0.16384 -0.162972 -0.191821 -0.132983
0.163687 -0.162909 -0.191998 -0.132815
0.163617 -0.162747 -0.192113 -0.132758
0.163386 -0.162495 -0.192401 -0.132505
0.163386 -0.162495 -0.192401 -0.132505
0.163267 -0.162361 -0.192542 -0.132368
0.162952 -0.161804 -0.192948 -0.131784
0.162765 -0.161765 -0.193076 -0.131767
0.162497 -0.161438 -0.193381 -0.131507
0.162497 -0.161437 -0.193336 -0.131438
0.161955 -0.16073 -0.193862 -0.130727
0.16189 -0.160795 -0.193913 -0.13064
0.16182 -0.160549 -0.193993 -0.130543
0.16176 -0.16022 -0.194252 -0.130163
0.161552 -0.160175 -0.194253 -0.130166
0.161137 -0.160009 -0.194438 -0.129885
0.161137 -0.160008 -0.194513 -0.129777
0.161015 -0.159392 -0.194773 -0.12938
0.161015 -0.159392 -0.194773 -0.12938
0.160747 -0.15899 -0.194901 -0.129002
0.160747 -0.15899 -0.195033 -0.128975
0.160211 -0.15816 -0.195553 -0.12814
0.160141 -0.158226 -0.19561 -0.128049
0.159928 -0.158176 -0.195742 -0.128021
0.159947 -0.157742 -0.19581 -0.12772
0.159658 -0.157757 -0.195939 -0.127505
0.159683 -0.157314 -0.196067 -0.127291
0.15942 -0.156879 -0.196324 -0.126859
0.15942 -0.15688 -0.196324 -0.126858
0.159157 -0.156441 -0.19658 -0.126423
0.15909 -0.156504 -0.196635 -0.126337
0.159089 -0.156505 -0.196634 -0.126335
0.158894 -0.156 -0.196836 -0.125979
0.15899 -0.155827 -0.196889 -0.125894
0.158629 -0.155547 -0.197095 -0.125527
0.158362 -0.155083 -0.197357 -0.125065
0.158362 -0.155083 -0.197357 -0.125065
0.158228 -0.15485 -0.197489 -0.124832
0.157957 -0.15437 -0.197755 -0.124359
0.157957 -0.15437 -0.197755 -0.124359
0.157748 -0.153279 -0.198514 -0.123259
0.157135 -0.152915 -0.198566 -0.122896
0.157069 -0.152975 -0.198619 -0.122805
0.157 -0.152678 -0.198699 -0.122656
0.156733 -0.152192 -0.198961 -0.122167
0.156733 -0.152192 -0.198961 -0.122167
0.156302 -0.151952 -0.199221 -0.121685
0.156403 -0.151775 -0.199274 -0.121594
0.156338 -0.151473 -0.199351 -0.121444
0.155903 -0.151224 -0.199531 -0.121114
0.156074 -0.150983 -0.19961 -0.120958
0.155643 -0.150733 -0.199951 -0.120586
0.155643 -0.150733 -0.199951 -0.120586
0.155856 -0.150375 -0.200051 -0.120139
0.155855 -0.150376 -0.200051 -0.120139
0.154944 -0.149982 -0.200395 -0.11949
0.154885 -0.15004 -0.200356 -0.119283
0.154885 -0.15004 -0.200356 -0.119283
0.154767 -0.150152 -0.200705 -0.118901
0.154767 -0.150152 -0.200705 -0.118901
0.154121 -0.148448 -0.201563 -0.118459
0.154121 -0.148448 -0.201563 -0.118459
0.154121 -0.148448 -0.201563 -0.118459
0.153485 -0.1484 -0.201751 -0.11812
0.153485 -0.1484 -0.20194 -0.118069
0.153308 -0.147683 -0.202465 -0.117706
0.153708 -0.146656 -0.202713 -0.117564
0.153621 -0.146325 -0.202914 -0.117508
0.153563 -0.146381 -0.20296 -0.117418
0.153297 -0.146295 -0.20296 -0.117418
0.152567 -0.143835 -0.20397 -0.11454
0.152419 -0.143558 -0.204201 -0.114373
0.152017 -0.143201 -0.203913 -0.113521
0.151987 -0.142754 -0.204346 -0.11318
0.151987 -0.142754 -0.204346 -0.11318
0.151606 -0.142403 -0.204553 -0.113008
0.152026 -0.141725 -0.204716 -0.1115
0.152026 -0.141725 -0.204716 -0.1115
0.150828 -0.14091 -0.205085 -0.111166
0.15058 -0.140438 -0.205322 -0.110678
0.15058 -0.140438 -0.205322 -0.110678
0.150338 -0.139983 -0.205338 -0.109924
0.150218 -0.139752 -0.205459 -0.109694
0.150218 -0.139752 -0.205459 -0.109694
0.150199 -0.139379 -0.205718 -0.109246
0.149858 -0.139069 -0.205866 -0.109021
0.149797 -0.13913 -0.205914 -0.108924
0.149739 -0.138847 -0.206018 -0.108798
0.149734 -0.138451 -0.206418 -0.108421
0.149501 -0.138365 -0.206352 -0.108339
0.149094 -0.1381 -0.2065 -0.107942
0.149258 -0.137894 -0.206719 -0.107871
0.149254 -0.137492 -0.207168 -0.107481
0.149013 -0.137402 -0.20709 -0.107386
0.148595 -0.137105 -0.207225 -0.106958
0.148766 -0.136892 -0.207453 -0.106883
0.148769 -0.136463 -0.207796 -0.106363
0.148515 -0.136365 -0.207796 -0.106363
0.14826 -0.135815 -0.20822 -0.105943
0.148259 -0.135819 -0.20812 -0.105819
0.147735 -0.134675 -0.208836 -0.104811
0.147735 -0.134675 -0.208725 -0.104673
0.147276 -0.134329 -0.208904 -0.104295
0.147471 -0.134089 -0.208999 -0.104084
0.147487 -0.133603 -0.209272 -0.103483
0.147208 -0.133489 -0.209272 -0.103483
0.146737 -0.133129 -0.209454 -0.103083
0.146946 -0.132876 -0.209545 -0.102874
0.146469 -0.132514 -0.209612 -0.102323
0.146684 -0.132253 -0.209818 -0.102249
0.146421 -0.131626 -0.210093 -0.101618
0.146358 -0.131691 -0.210141 -0.101511
0.14629 -0.131307 -0.21023 -0.1013
0.146324 -0.130776 -0.210416 -0.100873
0.146027 -0.130654 -0.210505 -0.100651
0.14583 -0.130394 -0.210694 -0.100213
0.145529 -0.130266 -0.210785 -0.0999888
0.145562 -0.129725 -0.210851 -0.099395
0.145492 -0.129314 -0.211067 -0.0993135
0.145223 -0.128632 -0.211353 -0.0986297
0.145155 -0.128702 -0.211404 -0.0985101
0.145088 -0.128286 -0.211496 -0.0982821
0.144884 -0.128008 -0.211691 -0.0978126
0.144816 -0.127578 -0.211784 -0.0975765
0.144543 -0.12687 -0.212075 -0.0968657
0.144472 -0.126945 -0.212129 -0.0967384
0.144407 -0.126512 -0.212221 -0.0965065
0.144335 -0.126587 -0.212367 -0.0961455
0.144125 -0.126306 -0.212661 -0.0954148
0.144051 -0.126384 -0.212717 -0.09528
0.143507 -0.124408 -0.213163 -0.0941712
0.143507 -0.124408 -0.213163 -0.0941709
0.143182 -0.12326 -0.213543 -0.093231
0.142797 -0.12319 -0.213796 -0.0929984
0.143051 -0.122911 -0.213687 -0.0928744
0.143093 -0.122378 -0.213969 -0.0921769
0.142793 -0.122224 -0.213969 -0.0921769
0.14254 -0.121532 -0.214069 -0.0915662
0.142539 -0.121536 -0.214248 -0.0914905
0.142034 -0.121132 -0.214626 -0.0909249
0.142285 -0.120861 -0.214526 -0.0908143
0.142033 -0.120195 -0.214804 -0.0901463
0.142033 -0.120195 -0.214804 -0.0901463
0.141782 -0.119542 -0.214898 -0.0895663
0.141782 -0.119542 -0.215082 -0.0894863
0.141817 -0.11905 -0.215359 -0.0888338
0.141817 -0.11905 -0.215359 -0.0888338
0.141341 -0.118643 -0.215635 -0.0881948
0.141341 -0.118643 -0.215635 -0.0881948
0.140854 -0.117377 -0.216092 -0.0871321
0.140794 -0.117006 -0.216092 -0.0871319
0.140675 -0.116704 -0.216316 -0.0866372
0.140439 -0.116107 -0.216582 -0.0860371
0.140439 -0.116107 -0.216582 -0.0860371
0.140206 -0.115519 -0.216844 -0.0854527
0.140153 -0.115579 -0.216883 -0.0853463
0.140091 -0.115234 -0.216974 -0.0851648
0.139929 -0.115004 -0.217231 -0.0845914
0.139929 -0.115004 -0.217231 -0.0845914
0.139432 -0.113235 -0.217891 -0.0831576
0.13882 -0.112198 -0.218541 -0.082407
0.138345 -0.111542 -0.219087 -0.0817317
0.138473 -0.11142 -0.218851 -0.0814923
0.138351 -0.111298 -0.219113 -0.0812119
0.138313 -0.111093 -0.21894 -0.0810373
0.138275 -0.111137 -0.219062 -0.0809089
0.138238 -0.111178 -0.219088 -0.0808294
0.138101 -0.110864 -0.219244 -0.0805321
0.138064 -0.110672 -0.219212 -0.0805002
0.137892 -0.110243 -0.21909 -0.0802156
0.137892 -0.110243 -0.219471 -0.0800925
0.137708 -0.109845 -0.219691 -0.0796951
0.137708 -0.109845 -0.219691 -0.0796951
0.137708 -0.109845 -0.219691 -0.0796951
0.137559 -0.109811 -0.219718 -0.0796107
0.137529 -0.109511 -0.21958 -0.0794727
0.137529 -0.109511 -0.219908 -0.079329
0.137365 -0.109163 -0.220004 -0.0790997
0.137372 -0.10915 -0.219999 -0.0791062
0.137254 -0.108936 -0.219944 -0.0790517
0.137214 -0.108774 -0.220444 -0.0787258
0.137214 -0.108774 -0.220444 -0.0787258
0.137093 -0.10855 -0.22063 -0.078449
0.137093 -0.10855 -0.22064 -0.0784783
0.136875 -0.107986 -0.220872 -0.0779689
0.136886 -0.107978 -0.220863 -0.0780001
0.136821 -0.107833 -0.220864 -0.0780045
0.136821 -0.107833 -0.220934 -0.0778205
0.136714 -0.107497 -0.221063 -0.0774949
0.136714 -0.107497 -0.221063 -0.0774949
0.136449 -0.106754 -0.221362 -0.0767581
0.136466 -0.106733 -0.22135 -0.0767992
0.136466 -0.106733 -0.22135 -0.0767992
0.136387 -0.106052 -0.221631 -0.0759368
0.136223 -0.10593 -0.221631 -0.0759368
0.136223 -0.10593 -0.221631 -0.0759378
0.136068 -0.1058 -0.221626 -0.0759553
0.136115 -0.105496 -0.221762 -0.0755008
0.136008 -0.105042 -0.221894 -0.0750449
0.136008 -0.105042 -0.221894 -0.0750449
0.135902 -0.104581 -0.222026 -0.0745796
0.135902 -0.104581 -0.222026 -0.0745796
0.135729 -0.104446 -0.222026 -0.0745814
0.135797 -0.104108 -0.222158 -0.0741029
0.135745 -0.103865 -0.222223 -0.0738573
0.13564 -0.103386 -0.222157 -0.0734818
0.135642 -0.103381 -0.222355 -0.073369
0.13554 -0.102895 -0.222486 -0.0728748
0.135535 -0.1029 -0.222489 -0.0728647
0.135489 -0.102652 -0.222551 -0.0726273
0.135437 -0.102409 -0.222819 -0.0722574
0.13539 -0.102163 -0.222681 -0.0721296
0.135385 -0.102164 -0.222686 -0.0721135
0.13529 -0.101678 -0.22281 -0.0716364
0.135191 -0.1012 -0.222939 -0.0711524
0.135189 -0.101203 -0.22294 -0.0711461
0.135142 -0.100965 -0.223002 -0.0709129
0.134997 -0.100637 -0.223139 -0.0704483
0.135051 -0.100481 -0.223127 -0.0704934
0.134966 -0.100356 -0.223202 -0.0703098
0.134629 -0.0996516 -0.223564 -0.0696386
0.134501 -0.0995419 -0.223686 -0.0693987
0.134446 -0.0993558 -0.223758 -0.0693453
0.134327 -0.0992614 -0.223874 -0.0691344
0.134157 -0.0990213 -0.224057 -0.0689028
0.134181 -0.0989911 -0.224041 -0.0689644
0.134181 -0.0989911 -0.224041 -0.0689644
0.133427 -0.0982588 -0.224845 -0.0681515
0.133425 -0.098261 -0.224846 -0.0681481
0.133369 -0.0982126 -0.22484 -0.0681467
0.133311 -0.0981792 -0.22497 -0.068065
0.133254 -0.0981403 -0.225043 -0.0680191
0.133202 -0.0981074 -0.225086 -0.067989
0.133147 -0.0980599 -0.225063 -0.0679855
0.133096 -0.0980178 -0.22515 -0.06798
0.13306 -0.0979587 -0.225248 -0.0678846
0.133002 -0.0979247 -0.225314 -0.0678178
0.132915 -0.0978118 -0.225488 -0.0677753
0.132912 -0.0978217 -0.225433 -0.0677279
0.132825 -0.0977225 -0.225561 -0.0676332
0.132825 -0.0977225 -0.225561 -0.0676332
0.132786 -0.0976557 -0.22568 -0.0675123
0.132742 -0.0976172 -0.225685 -0.0675296
0.132663 -0.0975028 -0.22588 -0.0674861
0.132662 -0.0975054 -0.225803 -0.0674201
0.132632 -0.097355 -0.225824 -0.0674811
0.132587 -0.0973893 -0.225915 -0.0673027
0.132605 -0.0972628 -0.225932 -0.0673804
0.13255 -0.0973032 -0.226124 -0.0672679
0.13248 -0.09721 -0.226072 -0.067123
0.132301 -0.0968607 -0.226241 -0.0667862
0.132366 -0.0967786 -0.226196 -0.0669482
0.132367 -0.0967766 -0.226196 -0.0669482
0.132323 -0.0966849 -0.226224 -0.06686
0.13224 -0.0967251 -0.226279 -0.0666545
0.132224 -0.096687 -0.226287 -0.0666145
0.132195 -0.0966211 -0.226298 -0.0665394
0.132195 -0.0966211 -0.226298 -0.0665394
0.132233 -0.0965402 -0.226105 -0.0666919
0.132233 -0.0965402 -0.226121 -0.0665053
0.13238 -0.0966965 -0.225922 -0.0666821
0.13238 -0.0966965 -0.225922 -0.0666821
0.132469 -0.096713 -0.225859 -0.0667092
0.132428 -0.0967435 -0.225861 -0.0667154
0.132438 -0.0967563 -0.225806 -0.06683
0.132473 -0.0967855 -0.225803 -0.0667411
0.132514 -0.0968145 -0.225783 -0.066763
0.132514 -0.0968145 -0.225783 -0.066763
0.132587 -0.096758 -0.225689 -0.0668534
0.13261 -0.0967654 -0.22577 -0.0669276
0.13257 -0.0968475 -0.225836 -0.0667825
0.132655 -0.0967696 -0.225746 -0.0668969
0.132604 -0.0968638 -0.225915 -0.0667884
0.132591 -0.096854 -0.225914 -0.0669955
0.132635 -0.0968788 -0.226017 -0.0667964
0.13265 -0.0968861 -0.226068 -0.0668032
0.132664 -0.0968982 -0.226215 -0.0668857
0.132678 -0.0969093 -0.226168 -0.0668184
0.132842 -0.0968371 -0.226043 -0.0669904
0.132704 -0.096943 -0.226255 -0.0668438
0.132759 -0.0970824 -0.22644 -0.0670939
0.132759 -0.0970824 -0.226307 -0.0669836
0.13278 -0.0971675 -0.226249 -0.067091
0.13278 -0.0971675 -0.226247 -0.067085
0.132907 -0.0970727 -0.226007 -0.0673273
0.132994 -0.0971386 -0.226185 -0.0672008
0.13282 -0.0974368 -0.226252 -0.0674449
0.13282 -0.0974368 -0.226122 -0.0673375
0.132962 -0.0973463 -0.226 -0.0677422
0.132962 -0.0973463 -0.225864 -0.0676315
0.132845 -0.0977007 -0.225837 -0.0677256
0.132858 -0.0979078 -0.225788 -0.0679387
0.132858 -0.0979078 -0.225999 -0.0677913
0.13287 -0.0981385 -0.22594 -0.0680239
0.13287 -0.0981385 -0.22594 -0.0680239
0.13288 -0.0983972 -0.226019 -0.0683918
0.13288 -0.0983972 -0.225886 -0.0682812
0.132889 -0.098691 -0.225613 -0.0687275
0.132889 -0.098691 -0.225842 -0.0685664
0.132898 -0.0990071 -0.225806 -0.0688796
0.132898 -0.0990053 -0.225806 -0.0688817
0.132907 -0.0993504 -0.225657 -0.069511
0.132907 -0.0993504 -0.225525 -0.0694007
0.132911 -0.0995345 -0.225752 -0.0694108
0.13331 -0.0996142 -0.22547 -0.0699871
0.132921 -0.0999375 -0.225729 -0.0698037
0.132927 -0.100144 -0.225843 -0.0701216
0.132996 -0.101776 -0.225476 -0.0717251
0.132996 -0.101776 -0.225476 -0.0717251
0.133032 -0.102291 -0.225375 -0.0722765
0.133103 -0.103114 -0.225214 -0.0730964
0.133305 -0.102877 -0.22507 -0.0735679
0.133133 -0.103371 -0.22507 -0.0735658
0.133356 -0.103426 -0.224961 -0.0741226
0.13319 -0.10395 -0.225045 -0.0739352
0.133221 -0.104236 -0.224987 -0.0742124
0.133254 -0.104529 -0.224929 -0.0744863
0.133746 -0.104729 -0.224724 -0.075248
0.133321 -0.105105 -0.224836 -0.0750471
0.133189 -0.105807 -0.224751 -0.0759045
0.133189 -0.105807 -0.224751 -0.0759045
0.133189 -0.105807 -0.224751 -0.0759045
0.133551 -0.106827 -0.22472 -0.0768366
0.133551 -0.106827 -0.224626 -0.0767643
0.133782 -0.106565 -0.224684 -0.0771247
0.133593 -0.107118 -0.224595 -0.0770553
0.13416 -0.107305 -0.224392 -0.0778919
0.133684 -0.107729 -0.22456 -0.0776369
0.133993 -0.107729 -0.224383 -0.0785134
0.133785 -0.108351 -0.22459 -0.0782396
0.134109 -0.10836 -0.224419 -0.0791559
0.134402 -0.108526 -0.22433 -0.0790814
0.136323 -0.114254 -0.223008 -0.0855765
0.136323 -0.114254 -0.223008 -0.0855765
0.137774 -0.115723 -0.221915 -0.0883561
0.137774 -0.115723 -0.221915 -0.0883561
0.13791 -0.115902 -0.221693 -0.0888287
0.138046 -0.115753 -0.221589 -0.0891135
0.138048 -0.115738 -0.221589 -0.0891135
0.138072 -0.116175 -0.221413 -0.0895876
0.137938 -0.117308 -0.221538 -0.0901331
0.13775 -0.117871 -0.221507 -0.0901058
0.137718 -0.118653 -0.221567 -0.0905095
0.137718 -0.118653 -0.221522 -0.0904705
0.137838 -0.118947 -0.221354 -0.0909353
0.1376 -0.11968 -0.221553 -0.0908062
0.137702 -0.120062 -0.22145 -0.0913129
0.137442 -0.120879 -0.221451 -0.0913208
0.137475 -0.121573 -0.221709 -0.0913841
0.137475 -0.121573 -0.221709 -0.0913841
0.13771 -0.121774 -0.221811 -0.0916569
0.13771 -0.121774 -0.221811 -0.0916569
0.138107 -0.121647 -0.221668 -0.0920385
0.137947 -0.12209 -0.221899 -0.0919495
0.138191 -0.122457 -0.221786 -0.0925682
0.138191 -0.122457 -0.222011 -0.0922886
0.138445 -0.122878 -0.222097 -0.0926814
0.138445 -0.122878 -0.222097 -0.0926814
0.138427 -0.123261 -0.222153 -0.0931276
0.138709 -0.123355 -0.222153 -0.0931276
0.139152 -0.123283 -0.221943 -0.0939893
0.139154 -0.123266 -0.221943 -0.0939893
0.139465 -0.123818 -0.221932 -0.0946093
0.139273 -0.124518 -0.222174 -0.0942674
0.139789 -0.124463 -0.222217 -0.0950544
0.139789 -0.124463 -0.222217 -0.0950544
0.140129 -0.125174 -0.221741 -0.0960978
0.140129 -0.125174 -0.221741 -0.0960987
0.140055 -0.126426 -0.221877 -0.0961664
0.140396 -0.12735 -0.221654 -0.0970865
0.140396 -0.12735 -0.221654 -0.0970865
0.140396 -0.12735 -0.221654 -0.0970865
0.140753 -0.128398 -0.22114 -0.0984809
0.142063 -0.13008 -0.220413 -0.101076
0.141721 -0.131252 -0.220413 -0.101076
0.142151 -0.132543 -0.219767 -0.102698
0.142151 -0.132543 -0.219971 -0.102403
0.142608 -0.133912 -0.219509 -0.103782
0.142608 -0.133914 -0.219509 -0.103782
0.142846 -0.134627 -0.219271 -0.104492
0.143339 -0.136084 -0.218782 -0.105954
0.143339 -0.136084 -0.218782 -0.105954
0.143855 -0.137604 -0.21805 -0.107747
0.143855 -0.137604 -0.218274 -0.107459
0.144756 -0.137773 -0.217749 -0.109002
0.144392 -0.139168 -0.217748 -0.109014
0.14495 -0.140769 -0.217203 -0.11061
0.14495 -0.140769 -0.217203 -0.11061
0.145529 -0.142383 -0.216374 -0.11256
0.145529 -0.142383 -0.216639 -0.112246
0.145827 -0.143213 -0.21635 -0.113078
0.145684 -0.144719 -0.215756 -0.114767
0.146428 -0.144026 -0.21516 -0.115952
0.146428 -0.144026 -0.21516 -0.115952
0.148478 -0.147619 -0.213895 -0.119401
0.148071 -0.149154 -0.214151 -0.119133
0.147939 -0.150779 -0.213168 -0.121162
0.148774 -0.150937 -0.213414 -0.120862
0.150751 -0.151248 -0.212402 -0.122922
0.149495 -0.1527 -0.212751 -0.122673
0.150174 -0.156051 -0.211183 -0.126161
0.150174 -0.156051 -0.211183 -0.126161
0.15091 -0.158505 -0.208906 -0.130775
0.150913 -0.158547 -0.209191 -0.130566
0.152871 -0.157203 -0.206785 -0.134648
0.154619 -0.162609 -0.207216 -0.13383
0.154503 -0.163272 -0.206236 -0.135442
0.154503 -0.163272 -0.206236 -0.135442
0.157688 -0.164252 -0.205262 -0.137005
0.157688 -0.164252 -0.205262 -0.137005
0.157688 -0.164252 -0.205262 -0.137005
0.158736 -0.16554 -0.204349 -0.138546
0.158736 -0.16554 -0.204349 -0.138546
0.159316 -0.166673 -0.202564 -0.141399
0.15784 -0.168354 -0.202564 -0.141399
0.159806 -0.170343 -0.201931 -0.142534
0.160717 -0.170421 -0.202319 -0.14227
0.161471 -0.172268 -0.201552 -0.143688
0.161471 -0.172268 -0.201552 -0.143688
0.16361 -0.172538 -0.200879 -0.145165
0.163611 -0.17255 -0.200879 -0.145165
0.163326 -0.177195 -0.199567 -0.147076
0.163326 -0.177196 -0.199567 -0.147076
0.164189 -0.176468 -0.198843 -0.14813
0.163754 -0.177776 -0.199151 -0.147729
0.165468 -0.178292 -0.197783 -0.150179
0.165468 -0.178292 -0.197783 -0.150179
0.16632 -0.17752 -0.19785 -0.15064
0.165436 -0.180434 -0.197878 -0.150596
0.166268 -0.181916 -0.197267 -0.15202
0.167516 -0.184151 -0.196393 -0.154243
0.167516 -0.184151 -0.196393 -0.154243
0.168346 -0.18568 -0.19572 -0.155792
0.168346 -0.18568 -0.19572 -0.155792
0.169735 -0.185651 -0.194976 -0.157375
0.169178 -0.187291 -0.19497 -0.157378
0.170021 -0.188973 -0.194191 -0.158992
0.170021 -0.188973 -0.194191 -0.158992
0.171507 -0.188892 -0.192886 -0.160997
0.17088 -0.190685 -0.193389 -0.160645
0.172434 -0.19059 -0.192027 -0.162704
0.172433 -0.190583 -0.192552 -0.162345
0.173384 -0.192327 -0.191678 -0.164096
0.172675 -0.194248 -0.191698 -0.16413
0.173136 -0.195148 -0.191266 -0.165056
0.174354 -0.194121 -0.190227 -0.166346
0.174087 -0.197045 -0.190384 -0.166954
0.175064 -0.198978 -0.189482 -0.168914
0.176339 -0.197916 -0.188932 -0.169831
0.175559 -0.199943 -0.189028 -0.169907
0.176573 -0.201921 -0.187464 -0.172212
0.176573 -0.201921 -0.188004 -0.17182
0.177083 -0.202883 -0.187639 -0.172907
0.177602 -0.203877 -0.187169 -0.173904
0.18033 -0.202737 -0.1867 -0.174897
0.181346 -0.204562 -0.185753 -0.176859
0.17923 -0.206542 -0.185753 -0.176859
0.17919 -0.207992 -0.184194 -0.179043
0.17919 -0.207992 -0.184194 -0.179043
0.182988 -0.209364 -0.182809 -0.182524
0.185939 -0.20998 -0.180587 -0.186118
0.187066 -0.20905 -0.179578 -0.187171
0.187066 -0.20905 -0.179578 -0.187171
0.192035 -0.206857 -0.175236 -0.192959
0.191586 -0.207295 -0.175531 -0.192767
0.193172 -0.205966 -0.173816 -0.194507
0.192259 -0.206811 -0.174119 -0.194282
0.19415 -0.205575 -0.172386 -0.196012
0.193509 -0.206339 -0.172386 -0.196012
0.195303 -0.205124 -0.171023 -0.197496
0.194348 -0.205926 -0.171077 -0.197506
0.195855 -0.204753 -0.169735 -0.198986
0.195147 -0.205559 -0.170199 -0.198737
0.195643 -0.205333 -0.168925 -0.200183
0.195957 -0.205283 -0.168925 -0.200183
0.196339 -0.205059 -0.168435 -0.200929
0.198681 -0.20354 -0.166183 -0.203538
0.198681 -0.20354 -0.166183 -0.203538
0.200613 -0.202315 -0.163202 -0.206706
0.200185 -0.202849 -0.163202 -0.206706
0.202076 -0.20145 -0.162897 -0.207366
0.201343 -0.202134 -0.162964 -0.207423
0.202557 -0.20149 -0.161906 -0.208657
0.202551 -0.201479 -0.161906 -0.208657
0.203778 -0.200882 -0.160896 -0.209865
0.203778 -0.200882 -0.160896 -0.209865
0.204397 -0.200596 -0.160395 -0.210456
0.2085 -0.197878 -0.156403 -0.214536
0.2085 -0.197878 -0.156403 -0.214536
0.216473 -0.191673 -0.150523 -0.220736
0.218204 -0.190146 -0.14888 -0.222185
0.21881 -0.189483 -0.148168 -0.2227
0.21894 -0.189445 -0.148218 -0.222743
0.219831 -0.188662 -0.147267 -0.223568
0.219831 -0.188662 -0.147267 -0.223568
0.219831 -0.188662 -0.147267 -0.223568
0.221752 -0.18718 -0.145514 -0.224974
0.221308 -0.187644 -0.14583 -0.224858
0.222203 -0.186862 -0.144967 -0.225674
0.222976 -0.186105 -0.144257 -0.226274
0.222631 -0.186479 -0.144545 -0.226066
0.22324 -0.185861 -0.143685 -0.226752
0.223452 -0.185797 -0.143738 -0.22682
0.22423 -0.185094 -0.142973 -0.227537
0.224867 -0.184359 -0.142187 -0.228085
0.224607 -0.184734 -0.142595 -0.227882
0.22534 -0.184059 -0.141487 -0.228824
0.22534 -0.184059 -0.141867 -0.228544
0.226049 -0.183341 -0.141101 -0.229129
0.226049 -0.183341 -0.141101 -0.229129
0.227374 -0.18184 -0.139276 -0.230631
0.227091 -0.182183 -0.140036 -0.230064
0.227437 -0.181777 -0.139275 -0.230633
0.227437 -0.181777 -0.139648 -0.230352
0.228124 -0.181011 -0.138853 -0.230906
0.228124 -0.181011 -0.138853 -0.230906
0.228465 -0.180621 -0.138467 -0.231174
0.229142 -0.179816 -0.13772 -0.231692
0.22948 -0.17939 -0.137351 -0.231945
0.229819 -0.178949 -0.136962 -0.232194
0.230844 -0.17758 -0.135692 -0.232924
0.230844 -0.17758 -0.135692 -0.232924
0.231544 -0.176596 -0.134762 -0.233404
0.231544 -0.176596 -0.134762 -0.233404
0.232259 -0.17561 -0.133829 -0.23389
0.232259 -0.17561 -0.133829 -0.23389
0.232621 -0.175114 -0.133368 -0.23413
0.232984 -0.174621 -0.132912 -0.234373
0.23394 -0.173369 -0.131678 -0.235095
0.233939 -0.173368 -0.13201 -0.234848
0.234647 -0.172328 -0.130801 -0.235583
0.234432 -0.17254 -0.13113 -0.235323
0.235365 -0.171254 -0.129939 -0.236067
0.235153 -0.171458 -0.129939 -0.236067
0.236082 -0.170161 -0.129059 -0.236527
0.235874 -0.170354 -0.129388 -0.236263
0.236593 -0.16923 -0.128614 -0.236794
0.23715 -0.168488 -0.127829 -0.237265
0.236952 -0.168659 -0.128216 -0.23705
0.237677 -0.167419 -0.127444 -0.237573
0.237677 -0.167419 -0.127444 -0.237573
0.238428 -0.166093 -0.126701 -0.238107
0.238428 -0.166093 -0.1267 -0.238108
0.238961 -0.165363 -0.126243 -0.238311
0.239728 -0.164048 -0.125524 -0.238863
0.239606 -0.164096 -0.125634 -0.238945
0.240403 -0.162763 -0.124961 -0.23953
0.240403 -0.162763 -0.124957 -0.239531
0.240907 -0.162051 -0.12463 -0.239834
0.241196 -0.161435 -0.12431 -0.240144
0.2435 -0.157535 -0.122557 -0.242151
0.2435 -0.157535 -0.122557 -0.242151
0.243876 -0.156905 -0.122083 -0.242361
0.244685 -0.155634 -0.121353 -0.243261
0.244604 -0.155671 -0.12161 -0.243441
0.245374 -0.154434 -0.120983 -0.244411
0.245374 -0.154434 -0.121328 -0.244122
0.24601 -0.153271 -0.120741 -0.245125
0.24601 -0.153271 -0.120904 -0.244988
0.249741 -0.145462 -0.118798 -0.252818
0.249741 -0.145462 -0.118798 -0.252818
0.250405 -0.144382 -0.118643 -0.25396
0.25089 -0.143361 -0.118542 -0.25508
0.251212 -0.142832 -0.11801 -0.255344
0.251162 -0.14283 -0.118475 -0.25566
0.251703 -0.141748 -0.118354 -0.256819
0.251914 -0.141276 -0.117821 -0.257076
0.251971 -0.141197 -0.118298 -0.257398
0.252493 -0.140056 -0.118204 -0.258552
0.252746 -0.139473 -0.117604 -0.258858
0.25275 -0.139476 -0.118155 -0.259129
0.253508 -0.137685 -0.118058 -0.26084
0.253832 -0.13712 -0.117444 -0.261151
0.253763 -0.137093 -0.118018 -0.26141
0.253763 -0.137093 -0.118018 -0.26141
0.254267 -0.135869 -0.117972 -0.262536
0.254512 -0.13523 -0.117852 -0.26318
0.254512 -0.13523 -0.117954 -0.263095
0.254758 -0.134587 -0.11794 -0.26365
0.255324 -0.133362 -0.117298 -0.264521
0.25572 -0.131941 -0.117921 -0.265856
0.256034 -0.13136 -0.117287 -0.266172
0.255965 -0.131287 -0.117924 -0.2664
0.256394 -0.130512 -0.117928 -0.266954
0.256208 -0.130629 -0.117932 -0.266953
0.256667 -0.12923 -0.117965 -0.268051
0.256894 -0.128532 -0.117988 -0.268598
0.257192 -0.127955 -0.11736 -0.268909
0.257128 -0.127862 -0.118014 -0.269142
0.257837 -0.126279 -0.11807 -0.270244
0.257572 -0.126451 -0.11808 -0.270241
0.25801 -0.125033 -0.117615 -0.271004
0.25801 -0.125033 -0.118161 -0.271338
0.258451 -0.124185 -0.118199 -0.271891
0.258712 -0.123082 -0.117662 -0.272731
0.258652 -0.122898 -0.118311 -0.272996
0.258914 -0.12236 -0.117722 -0.273284
0.259518 -0.120221 -0.117853 -0.275001
0.259472 -0.120036 -0.118561 -0.275221
0.259472 -0.120036 -0.118561 -0.275221
0.259677 -0.119024 -0.118127 -0.276005
0.259879 -0.118646 -0.118705 -0.276342
0.260264 -0.117228 -0.118863 -0.277472
0.260483 -0.116748 -0.118365 -0.277702
0.260456 -0.116532 -0.118946 -0.278038
0.260822 -0.115125 -0.11911 -0.279191
0.260821 -0.115124 -0.119124 -0.279179
0.261177 -0.11375 -0.119314 -0.280321
0.261351 -0.113073 -0.119413 -0.280896
0.261351 -0.113073 -0.119413 -0.280896
0.262221 -0.110517 -0.119395 -0.283419
0.262221 -0.110517 -0.119361 -0.283448
0.262852 -0.107856 -0.120301 -0.285508
0.262682 -0.107981 -0.120301 -0.285508
0.262838 -0.107604 -0.119882 -0.285709
0.262987 -0.106801 -0.12061 -0.286611
0.262987 -0.106801 -0.120549 -0.286663
0.263249 -0.105569 -0.12081 -0.287826
0.263249 -0.105569 -0.12081 -0.287826
0.263492 -0.10434 -0.121083 -0.288982
0.263626 -0.104004 -0.120707 -0.289162
0.26361 -0.10373 -0.121224 -0.289566
0.263834 -0.102511 -0.121515 -0.290736
0.263834 -0.102511 -0.121515 -0.290736
0.263941 -0.101901 -0.121666 -0.291321
0.263941 -0.101901 -0.121666 -0.291321
0.264426 -0.0997383 -0.122284 -0.29363
0.264426 -0.0997383 -0.122284 -0.29363
0.264426 -0.0997383 -0.122284 -0.29363
0.264857 -0.0983479 -0.122749 -0.294679
0.264667 -0.0978972 -0.12278 -0.295391
0.264667 -0.0978972 -0.12278 -0.295391
0.264824 -0.096668 -0.123127 -0.296561
0.264901 -0.0960486 -0.123308 -0.297157
0.26519 -0.0952956 -0.123653 -0.297611
0.264986 -0.0954553 -0.12349 -0.297746
0.265134 -0.0942219 -0.123871 -0.298948
0.26521 -0.0940048 -0.123622 -0.299067
0.265204 -0.0936021 -0.124068 -0.299552
0.265335 -0.0923488 -0.123828 -0.300443
0.265562 -0.0905612 -0.124464 -0.302306
0.265562 -0.0905612 -0.124464 -0.302306
0.266586 -0.085878 -0.127439 -0.30882
0.266586 -0.085878 -0.127439 -0.30882
0.266706 -0.0855124 -0.126998 -0.309031
0.266776 -0.0850531 -0.126998 -0.309031
0.267046 -0.0838223 -0.128648 -0.31175
0.267046 -0.0838223 -0.128648 -0.31175
0.267046 -0.0838223 -0.128648 -0.31175
0.2673 -0.0828379 -0.129137 -0.312892
0.2673 -0.0828379 -0.129137 -0.312892
0.267717 -0.0815724 -0.129426 -0.314084
0.267717 -0.0815724 -0.129232 -0.314241
0.267717 -0.0815724 -0.129232 -0.314241
0.267168 -0.0818135 -0.128669 -0.314574
0.267168 -0.0818135 -0.128669 -0.314574
0.267069 -0.0812886 -0.128235 -0.315594
0.267069 -0.0812886 -0.128235 -0.315594
0.267069 -0.0812886 -0.128235 -0.315594
0.267378 -0.0794636 -0.129787 -0.317479
0.267378 -0.0794636 -0.129787 -0.317479
0.267748 -0.0775878 -0.131868 -0.318945
0.267748 -0.0775878 -0.131868 -0.318945
0.267992 -0.0758294 -0.132785 -0.320538
0.267992 -0.0758294 -0.132785 -0.320538
0.268018 -0.074643 -0.133065 -0.321131
0.268018 -0.074643 -0.133065 -0.321131
0.268051 -0.0735258 -0.133963 -0.322877
0.268051 -0.0735258 -0.133963 -0.322877
0.268104 -0.0725093 -0.134582 -0.324096
0.26811 -0.0714893 -0.13523 -0.32538
0.26811 -0.0714893 -0.13523 -0.32538
0.268131 -0.071038 -0.135373 -0.325316
0.268123 -0.0710357 -0.135561 -0.326026
0.268097 -0.0707559 -0.136081 -0.326614
0.26811 -0.0701397 -0.13625 -0.327404
0.26808 -0.0696848 -0.136607 -0.328106
0.268042 -0.0692316 -0.136833 -0.328005
0.268008 -0.0688224 -0.137348 -0.329568
0.267936 -0.0680441 -0.137312 -0.330746
0.267932 -0.0680428 -0.138123 -0.331101
0.267832 -0.0679311 -0.139683 -0.332116
0.26784 -0.0673213 -0.138931 -0.332696
0.267719 -0.0672394 -0.139688 -0.333365
0.267724 -0.0666274 -0.139775 -0.334378
0.267668 -0.0663113 -0.14021 -0.335233
0.267594 -0.066594 -0.140579 -0.335064
0.267541 -0.0656929 -0.141109 -0.337013
0.267403 -0.065108 -0.142966 -0.338172
0.267403 -0.065108 -0.142045 -0.338863
0.267259 -0.0651709 -0.144007 -0.340055
0.267262 -0.06456 -0.143018 -0.340793
0.267071 -0.0638323 -0.143457 -0.343308
0.267071 -0.0638323 -0.143457 -0.343308
0.267071 -0.0638323 -0.144542 -0.343768
0.266948 -0.0633886 -0.146678 -0.345056
0.266948 -0.0633886 -0.146678 -0.345056
0.266624 -0.0636188 -0.146693 -0.347966
0.266393 -0.064105 -0.147253 -0.34906
0.266393 -0.064105 -0.147252 -0.34906
0.266632 -0.0623497 -0.147821 -0.350167
0.266495 -0.0618413 -0.147718 -0.351896
0.266495 -0.0618413 -0.148985 -0.352419
0.266367 -0.0613262 -0.150181 -0.354727
0.266367 -0.0613262 -0.150181 -0.354727
0.266076 -0.0615971 -0.152713 -0.356176
0.266077 -0.0615975 -0.15141 -0.357092
0.266126 -0.0602578 -0.152669 -0.359513
0.266022 -0.0606882 -0.153276 -0.359231
0.266081 -0.0600128 -0.15331 -0.360744
0.265946 -0.0602487 -0.156079 -0.362245
0.265993 -0.059532 -0.154609 -0.363257
0.265888 -0.0590269 -0.155944 -0.365807
0.265888 -0.0590269 -0.155944 -0.365807
0.265776 -0.0595059 -0.156631 -0.365487
0.265755 -0.0583549 -0.157994 -0.369751
0.265638 -0.0588638 -0.158731 -0.369406
0.265708 -0.058141 -0.15869 -0.371083
0.265681 -0.0576189 -0.160169 -0.372067
0.265597 -0.0576969 -0.160103 -0.373789
0.265499 -0.0573051 -0.161538 -0.376549
0.265329 -0.0579071 -0.164072 -0.376764
0.265455 -0.0571353 -0.162265 -0.377948
0.265409 -0.056723 -0.163886 -0.378939
0.265341 -0.0567851 -0.163735 -0.380801
0.265142 -0.0572485 -0.163462 -0.383026
0.265142 -0.0572485 -0.163462 -0.383026
0.265159 -0.0563274 -0.165981 -0.38511
0.26482 -0.0566802 -0.16794 -0.391809
0.264918 -0.0560371 -0.1698 -0.392443
0.264612 -0.0568317 -0.173865 -0.397784
0.26462 -0.0568354 -0.173642 -0.399582
0.264605 -0.0566176 -0.173584 -0.401318
0.264485 -0.0572059 -0.175993 -0.401324
0.264561 -0.0567126 -0.175703 -0.402835
0.264481 -0.0568036 -0.176397 -0.403947
0.263752 -0.058406 -0.178494 -0.409667
0.263752 -0.058406 -0.178494 -0.409667
0.263202 -0.0594122 -0.185641 -0.414122
0.263202 -0.0594122 -0.183343 -0.415434
0.262968 -0.0599285 -0.184503 -0.416471
0.262968 -0.0599285 -0.184503 -0.416471
0.26267 -0.0603248 -0.185854 -0.417849
0.26267 -0.0603248 -0.185854 -0.417849
0.262355 -0.0606363 -0.185773 -0.419224
0.262207 -0.0612429 -0.188301 -0.419149
0.262207 -0.0607828 -0.187976 -0.420659
0.261701 -0.0617483 -0.192117 -0.422813
0.261701 -0.0617483 -0.192117 -0.422813
0.261701 -0.0617483 -0.192117 -0.422813
0.261587 -0.0614855 -0.191328 -0.424727
0.261587 -0.0614855 -0.190477 -0.426289
0.261307 -0.0616537 -0.18932 -0.428234
0.261307 -0.0616537 -0.191002 -0.428665
0.261022 -0.0617338 -0.191286 -0.431221
0.261022 -0.0617338 -0.191286 -0.431221
0.260795 -0.0618636 -0.191181 -0.433592
0.260795 -0.0618636 -0.191181 -0.433592
0.26069 -0.0619369 -0.191027 -0.434726
0.260471 -0.0620536 -0.19059 -0.436867
0.260246 -0.0621469 -0.19009 -0.439068
0.260246 -0.0621469 -0.19009 -0.439068
0.260147 -0.0622194 -0.191435 -0.438436
0.260147 -0.0622194 -0.189766 -0.44007
0.259953 -0.0623305 -0.188388 -0.441404
0.259953 -0.0623305 -0.188388 -0.441404
0.25971 -0.0623285 -0.186789 -0.442895
0.259713 -0.0623303 -0.186789 -0.442895
0.259382 -0.0631785 -0.185125 -0.444648
0.259479 -0.0623368 -0.185125 -0.444648
0.259272 -0.0624147 -0.185735 -0.444834
0.259272 -0.0624147 -0.183278 -0.446323
0.25917 -0.0624681 -0.184786 -0.445648
0.259058 -0.0625236 -0.181321 -0.447848
0.258807 -0.0633975 -0.180349 -0.448645
0.258803 -0.0625762 -0.179369 -0.449402
0.25843 -0.0634465 -0.177404 -0.450884
0.258544 -0.0626317 -0.177404 -0.450884
0.258301 -0.0627415 -0.175456 -0.452199
0.258301 -0.0627415 -0.175456 -0.452199
0.258174 -0.0627913 -0.17451 -0.452825
0.257895 -0.0628299 -0.172661 -0.453997
0.257895 -0.0628299 -0.172661 -0.453997
0.257624 -0.0628548 -0.17085 -0.455052
0.257624 -0.0628548 -0.17085 -0.455052
0.257496 -0.0628724 -0.16996 -0.455548
0.257295 -0.0636398 -0.171384 -0.454966
0.256881 -0.0628683 -0.165705 -0.457689
0.256686 -0.0636014 -0.167071 -0.457147
0.25678 -0.0629315 -0.164906 -0.457986
0.256149 -0.0637508 -0.165272 -0.457809
0.256149 -0.0637508 -0.165272 -0.457809
0.255645 -0.0640707 -0.159154 -0.459348
0.255645 -0.0640707 -0.159154 -0.459348
0.255387 -0.06479 -0.160087 -0.458965
0.255408 -0.0643506 -0.158957 -0.459404
0.255143 -0.0644946 -0.158771 -0.45948
0.255143 -0.0644946 -0.158771 -0.45948
0.254882 -0.0645326 -0.158491 -0.459538
0.254882 -0.0645326 -0.158491 -0.459538
0.254602 -0.0651144 -0.159535 -0.459188
0.254559 -0.0651436 -0.159535 -0.459188
0.254371 -0.0650589 -0.160441 -0.458752
0.254371 -0.0650589 -0.160441 -0.458752
0.254118 -0.065652 -0.159778 -0.458706
0.254118 -0.065652 -0.159778 -0.458706
0.25409 -0.0642658 -0.155696 -0.459447
0.253918 -0.0649008 -0.156901 -0.458997
0.253999 -0.0642031 -0.15517 -0.459411
0.253709 -0.0648219 -0.155834 -0.458889
0.253709 -0.0648219 -0.155834 -0.458889
0.253603 -0.0637694 -0.152445 -0.459188
0.253515 -0.0636556 -0.151606 -0.459076
0.253515 -0.0636556 -0.151606 -0.459076
0.25337 -0.0635316 -0.149843 -0.458794
0.25337 -0.0635316 -0.149843 -0.458794
0.253187 -0.0633719 -0.150243 -0.458158
0.253187 -0.0633719 -0.150243 -0.458158
0.252895 -0.0630545 -0.151402 -0.456752
0.252709 -0.0637508 -0.152723 -0.456269
0.252626 -0.0636895 -0.15341 -0.455487
0.252626 -0.0636895 -0.15341 -0.455487
0.252626 -0.0636895 -0.15341 -0.455487
0.252088 -0.0656564 -0.153012 -0.45499
0.252088 -0.0656564 -0.153012 -0.45499
0.252079 -0.06446 -0.148639 -0.45505
0.251848 -0.0631384 -0.138594 -0.455985
0.251792 -0.0631747 -0.136137 -0.454567
0.251792 -0.0631747 -0.136137 -0.454567
0.251792 -0.0631747 -0.136137 -0.454567
0.251228 -0.0635276 -0.132597 -0.452342
0.251228 -0.0635276 -0.132597 -0.452342
0.25107 -0.0641075 -0.132386 -0.452152
0.250964 -0.0634919 -0.131449 -0.4515
0.250801 -0.0640905 -0.13258 -0.451132
0.250697 -0.0633252 -0.130116 -0.450562
0.250407 -0.0638403 -0.129067 -0.449851
0.250459 -0.0631003 -0.128611 -0.449545
0.250256 -0.062886 -0.129014 -0.448638
0.250256 -0.062886 -0.126981 -0.44846
0.249993 -0.0634291 -0.127327 -0.447509
0.249989 -0.0634244 -0.125215 -0.44728
0.249805 -0.0632055 -0.123927 -0.44642
0.249882 -0.0624296 -0.123339 -0.446002
0.249698 -0.0621958 -0.123596 -0.444963
0.249698 -0.0621958 -0.121386 -0.444644
0.249514 -0.0619636 -0.121614 -0.443572
0.249514 -0.0619636 -0.119381 -0.443214
0.249254 -0.0625105 -0.117988 -0.442216
0.249083 -0.0631582 -0.117614 -0.441948
0.249058 -0.0615572 -0.116596 -0.439897
0.249073 -0.0615487 -0.114461 -0.439466
0.249073 -0.0615487 -0.114461 -0.439466
0.248817 -0.0621136 -0.113209 -0.438405
0.248878 -0.061402 -0.11261 -0.437913
0.248652 -0.0611425 -0.110742 -0.436229
0.248652 -0.0611425 -0.110742 -0.436229
0.24838 -0.061626 -0.110947 -0.43502
0.248372 -0.0616343 -0.108856 -0.434455
0.248112 -0.0620854 -0.109058 -0.433228
0.248117 -0.0620823 -0.107663 -0.433248
0.248142 -0.0603864 -0.10597 -0.431653
0.247957 -0.0600796 -0.10473 -0.430344
0.247957 -0.0600796 -0.104006 -0.429672
0.247784 -0.0598258 -0.102093 -0.427681
0.247784 -0.0598258 -0.102093 -0.427681
0.24754 -0.0603156 -0.101538 -0.425663
0.247594 -0.0595428 -0.10023 -0.425637
0.247341 -0.0600036 -0.100412 -0.424301
0.247391 -0.0592271 -0.0991393 -0.424267
0.247286 -0.0590833 -0.0974695 -0.422428
0.247113 -0.0587617 -0.0956351 -0.420198
0.247113 -0.0587617 -0.0956351 -0.420198
0.247113 -0.0587617 -0.0956351 -0.420198
0.246537 -0.0579418 -0.0888435 -0.41178
0.246537 -0.0579418 -0.0888435 -0.41178
0.246558 -0.0575658 -0.0877169 -0.411223
0.246598 -0.0571549 -0.0866621 -0.410672
0.246598 -0.0571549 -0.0866621 -0.410672
0.24663 -0.0547945 -0.080946 -0.407596
0.246709 -0.0535768 -0.0786649 -0.405873
0.246709 -0.0535768 -0.0786649 -0.405873
0.246709 -0.0535768 -0.0786649 -0.405873
0.246726 -0.0531625 -0.0772203 -0.405212
0.246726 -0.0531625 -0.0772203 -0.405212
0.246845 -0.0501656 -0.0711658 -0.400874
0.246845 -0.0501656 -0.0711658 -0.400874
0.246844 -0.0501643 -0.0711658 -0.400874
0.246868 -0.0494225 -0.0695484 -0.399799
0.246846 -0.0494362 -0.069145 -0.399742
0.244239 -0.0603369 -0.086234 -0.394081
0.244072 -0.0592191 -0.0863141 -0.392141
0.244066 -0.0592226 -0.085797 -0.392084
0.243881 -0.0590978 -0.0852164 -0.390034
0.243881 -0.0590978 -0.0852164 -0.390034
0.243705 -0.0589451 -0.0845059 -0.387838
0.243705 -0.0589451 -0.0845059 -0.387838
0.24353 -0.0587587 -0.0842758 -0.386381
0.24353 -0.0587587 -0.0836819 -0.385502
0.242769 -0.0599556 -0.0817775 -0.378154
0.242769 -0.0599556 -0.0817775 -0.378154
0.242794 -0.0588589 -0.0798741 -0.37457
0.242794 -0.0588589 -0.0798741 -0.37457
0.242794 -0.0588589 -0.0798741 -0.37457
0.242605 -0.0590859 -0.0800387 -0.373525
0.242605 -0.0590859 -0.0797015 -0.372956
0.24237 -0.0595663 -0.0803427 -0.371796
0.242377 -0.0595788 -0.0803427 -0.371796
0.242229 -0.0589895 -0.0793473 -0.369704
0.242007 -0.0587772 -0.0799005 -0.368318
0.24179 -0.0591647 -0.0794223 -0.365927
0.24179 -0.0591647 -0.0794223 -0.365927
0.24179 -0.0591647 -0.0794223 -0.365927
0.239853 -0.0623433 -0.0822735 -0.350872
0.239859 -0.0623347 -0.0823093 -0.350893
0.239677 -0.0627133 -0.0831491 -0.349913
0.239571 -0.063089 -0.0837274 -0.349752
0.239577 -0.0628614 -0.0835025 -0.34933
0.239365 -0.0633792 -0.0844007 -0.348521
0.239366 -0.0630571 -0.0840327 -0.347903
0.239036 -0.0635624 -0.0849497 -0.345971
0.239036 -0.0635624 -0.0849476 -0.345976
0.239055 -0.0631709 -0.0845861 -0.345239
0.238846 -0.0636435 -0.0850286 -0.344062
0.238866 -0.0632241 -0.0846599 -0.343298
0.238781 -0.0632088 -0.0842778 -0.342149
0.238553 -0.0636239 -0.0849225 -0.341629
0.238553 -0.0636239 -0.0849225 -0.341629
0.238504 -0.0630619 -0.0838121 -0.338398
0.238375 -0.063523 -0.0840381 -0.338105
0.238346 -0.0629928 -0.0833661 -0.335833
0.238262 -0.0629318 -0.0831138 -0.334463
0.238049 -0.0633414 -0.0835363 -0.332889
0.238096 -0.0628028 -0.0825797 -0.331659
0.237886 -0.0632103 -0.0820226 -0.32879
0.237934 -0.0626651 -0.0820233 -0.328788
0.237726 -0.0630684 -0.0819296 -0.327042
0.237775 -0.0625234 -0.0814715 -0.325878
0.237616 -0.0623764 -0.0809523 -0.322992
0.237616 -0.0623764 -0.0809523 -0.322992
0.237377 -0.0621503 -0.0802811 -0.318697
0.237378 -0.0621528 -0.0802811 -0.318697
0.237378 -0.0621528 -0.0802811 -0.318697
0.237231 -0.0620695 -0.0799302 -0.315964
0.237231 -0.0620695 -0.0799302 -0.315964
0.237069 -0.0619532 -0.0796498 -0.313155
0.237069 -0.0619532 -0.0796498 -0.313155
0.236902 -0.0618144 -0.0794096 -0.310289
0.236902 -0.0618144 -0.0794096 -0.310289
0.23682 -0.0617415 -0.0792995 -0.308859
0.236657 -0.0615936 -0.0791121 -0.306085
0.236657 -0.0615936 -0.0791121 -0.306085
0.236576 -0.061519 -0.079034 -0.304671
0.236576 -0.061519 -0.079034 -0.304671
0.236576 -0.061519 -0.079034 -0.304671
0.236122 -0.061307 -0.0788386 -0.296871
0.236006 -0.0617269 -0.0793924 -0.296699
0.235964 -0.0613473 -0.0789687 -0.294539
0.235789 -0.0613579 -0.0791541 -0.292121
0.235789 -0.0613579 -0.0791541 -0.292121
0.235602 -0.0617757 -0.0793548 -0.289756
0.235612 -0.0613559 -0.0793548 -0.289756
0.235409 -0.0617623 -0.0799923 -0.288401
0.235409 -0.0617623 -0.0799923 -0.288401
0.235233 -0.0617281 -0.0802007 -0.286013
0.235243 -0.0612979 -0.0802007 -0.286013
0.235173 -0.0612755 -0.0798983 -0.283687
0.235003 -0.0612309 -0.0801164 -0.281155
0.235003 -0.0612309 -0.0801164 -0.281155
0.234839 -0.0612146 -0.0803348 -0.278683
0.234674 -0.0612043 -0.080571 -0.276215
0.234674 -0.0612043 -0.080571 -0.276215
0.234674 -0.0612043 -0.080571 -0.276215
0.23443 -0.061259 -0.0809839 -0.272534
0.234318 -0.0616648 -0.0813156 -0.271409
0.234347 -0.0612822 -0.0811296 -0.271346
0.234242 -0.0613215 -0.0814296 -0.27111
0.234264 -0.0613119 -0.0812794 -0.270195
0.234173 -0.0617066 -0.0814361 -0.269064
0.233989 -0.0613464 -0.0820877 -0.267715
0.23399 -0.0613511 -0.0819276 -0.266687
0.233799 -0.0617365 -0.08244 -0.265235
0.233744 -0.0613354 -0.0823077 -0.262992
0.233631 -0.0617371 -0.0827832 -0.262818
0.233663 -0.0613463 -0.0824842 -0.261808
0.233261 -0.0615159 -0.0834599 -0.256153
0.233261 -0.0615159 -0.0834599 -0.256153
0.232929 -0.0626905 -0.0848178 -0.255635
0.232929 -0.0626905 -0.0848178 -0.255635
0.232974 -0.0619208 -0.0841345 -0.253472
0.232974 -0.0619208 -0.0841345 -0.253472
0.232201 -0.0635117 -0.0869673 -0.247953
0.232094 -0.0638813 -0.0873802 -0.247787
0.232113 -0.0638674 -0.0872622 -0.246823
0.231911 -0.0642971 -0.0880175 -0.246015
0.231914 -0.0640995 -0.0879534 -0.245461
0.231703 -0.0643849 -0.0887004 -0.244559
0.231701 -0.0643889 -0.0886175 -0.243936
0.2315 -0.0646594 -0.089238 -0.242352
0.231388 -0.0650361 -0.0896535 -0.242175
0.231195 -0.0653044 -0.0902452 -0.240548
0.231214 -0.0650594 -0.0901233 -0.239896
0.231214 -0.0650594 -0.0901233 -0.239896
0.2311 -0.0654372 -0.0905359 -0.239718
0.230916 -0.0657211 -0.0911054 -0.238092
0.230935 -0.0654752 -0.0909875 -0.23742
0.230736 -0.0657448 -0.0916815 -0.236397
0.230736 -0.0657448 -0.0916815 -0.236397
0.230543 -0.0662539 -0.0922525 -0.234696
0.230567 -0.0660209 -0.0921351 -0.234026
0.230387 -0.0663186 -0.0927029 -0.232379
0.230387 -0.0663186 -0.0927029 -0.232379
0.230182 -0.0668463 -0.0933163 -0.231372
0.230182 -0.0668463 -0.0933163 -0.231372
0.230114 -0.0667858 -0.0935679 -0.229999
0.229816 -0.0674902 -0.0945463 -0.228294
0.229816 -0.0674902 -0.0945463 -0.228294
0.229748 -0.0674878 -0.0947531 -0.227061
0.229748 -0.0674878 -0.0947531 -0.227061
0.22954 -0.0680561 -0.0954379 -0.226211
0.22956 -0.0678773 -0.0953644 -0.225726
0.229365 -0.0682616 -0.0959958 -0.224395
0.229365 -0.0682616 -0.0959958 -0.224395
0.22926 -0.0686239 -0.0963738 -0.22421
0.228956 -0.069259 -0.0973199 -0.222349
0.228975 -0.0691185 -0.0972645 -0.221954
0.228975 -0.0691185 -0.0972645 -0.221954
0.228758 -0.069717 -0.097955 -0.221214
0.228774 -0.0695881 -0.0979071 -0.220858
0.228554 -0.0701897 -0.098601 -0.22014
0.228463 -0.0703135 -0.0988933 -0.21928
0.228358 -0.0705672 -0.0992381 -0.219085
0.228358 -0.0705672 -0.0992227 -0.218786
0.228253 -0.07083 -0.0995513 -0.218319
0.228147 -0.0711016 -0.0998723 -0.218113
0.227924 -0.0716719 -0.100566 -0.217483
0.227931 -0.0716689 -0.100544 -0.217063
0.227814 -0.0719655 -0.10088 -0.216687
0.227709 -0.0722635 -0.101218 -0.216329
0.227596 -0.0725683 -0.101567 -0.216137
0.227481 -0.0728787 -0.101903 -0.215659
0.22736 -0.0732347 -0.102258 -0.215469
0.227249 -0.0735183 -0.102593 -0.215066
0.227131 -0.0738518 -0.102938 -0.21481
0.226738 -0.0749764 -0.10407 -0.214138
0.226735 -0.0749607 -0.10407 -0.214138
0.226795 -0.0749114 -0.10511 -0.208069
0.226596 -0.0758295 -0.1063 -0.203127
0.226358 -0.0764468 -0.106946 -0.202726
0.226332 -0.0770108 -0.107409 -0.198379
0.226332 -0.0770108 -0.107411 -0.198372
0.225758 -0.0792384 -0.109349 -0.194956
0.225758 -0.0792384 -0.109336 -0.191267
0.225758 -0.0792384 -0.109334 -0.191276
0.225226 -0.0808715 -0.110797 -0.188386
0.225226 -0.0808715 -0.110797 -0.188386
0.225169 -0.0814543 -0.11139 -0.184251
0.224613 -0.0831185 -0.112894 -0.181353
0.224766 -0.0830662 -0.11294 -0.179633
0.224581 -0.0836642 -0.114117 -0.177248
0.22378 -0.0854974 -0.116951 -0.174435
0.223337 -0.0865571 -0.117846 -0.173726
0.223337 -0.0865571 -0.117846 -0.173726
0.222969 -0.0888843 -0.121787 -0.165163
0.222969 -0.0888843 -0.121844 -0.163653
0.223223 -0.0885802 -0.122054 -0.163723
0.222434 -0.0906926 -0.124172 -0.16066
0.222704 -0.0903689 -0.124222 -0.159244
0.222427 -0.0912933 -0.125454 -0.157078
0.221588 -0.0932903 -0.127572 -0.152677
0.221837 -0.0932022 -0.127572 -0.152677
0.221522 -0.0941865 -0.12859 -0.150483
0.220904 -0.0954991 -0.129544 -0.149528
0.221193 -0.0951902 -0.129581 -0.148292
0.218032 -0.10387 -0.136658 -0.130952
0.218032 -0.10387 -0.136658 -0.130952
0.209302 -0.101758 -0.146168 -0.102584
0.209302 -0.101758 -0.146168 -0.102584
0.209302 -0.101758 -0.146168 -0.102584
0.207458 -0.0966961 -0.148168 -0.097453
0.207458 -0.0966961 -0.148168 -0.097453
0.206071 -0.0934583 -0.149098 -0.0940279
0.205836 -0.0934884 -0.148618 -0.0939328
0.20517 -0.0919765 -0.149095 -0.0922905
0.20426 -0.0938717 -0.149989 -0.0906626
0.203868 -0.0889374 -0.15002 -0.0890939
0.202419 -0.0891964 -0.15127 -0.0859862
0.202212 -0.0892175 -0.150911 -0.0860015
0.202 -0.0846187 -0.151358 -0.0846808
0.201542 -0.0856124 -0.152092 -0.0833475
0.201499 -0.085981 -0.152073 -0.083178
0.201305 -0.085956 -0.152357 -0.0828347
0.201139 -0.0855078 -0.152605 -0.0824966
0.200936 -0.0855262 -0.152843 -0.0825333
0.200818 -0.0851511 -0.152977 -0.0824748
0.200563 -0.0851726 -0.153249 -0.0825154
0.200413 -0.0848495 -0.153406 -0.0824137
0.200091 -0.0844835 -0.153691 -0.0822736
0.200079 -0.0845661 -0.153709 -0.0824288
0.200021 -0.0843744 -0.153718 -0.0826092
0.199753 -0.0844528 -0.153945 -0.0826398
0.199596 -0.0844408 -0.154045 -0.0827877
0.199694 -0.0843582 -0.153927 -0.0828334
0.199291 -0.0844618 -0.154215 -0.0831166
0.199224 -0.0844609 -0.15419 -0.0833448
0.19901 -0.0845338 -0.154346 -0.0834718
0.198879 -0.0845873 -0.154397 -0.0836564
0.198982 -0.0843231 -0.154349 -0.0838161
0.198668 -0.084534 -0.154336 -0.0840214
0.198668 -0.084534 -0.154334 -0.0840044
0.198414 -0.0847915 -0.154565 -0.0843985
0.198349 -0.0849583 -0.154574 -0.0847903
0.198234 -0.0850012 -0.154632 -0.0847968
0.198159 -0.0851361 -0.154667 -0.0849969
0.19803 -0.0854837 -0.154746 -0.0854035
0.19803 -0.0854837 -0.154746 -0.0854035
0.197975 -0.0856716 -0.154788 -0.0856106
0.197917 -0.0858652 -0.15486 -0.086022
0.19788 -0.0860643 -0.15486 -0.086022
0.197848 -0.0862895 -0.154855 -0.0859498
0.197842 -0.0862615 -0.154844 -0.0858589
0.197752 -0.086885 -0.154976 -0.0870702
0.197711 -0.0871032 -0.154979 -0.087095
0.197711 -0.0871032 -0.154979 -0.087095
0.197686 -0.0873175 -0.154994 -0.0873115
0.197614 -0.088498 -0.155287 -0.0886607
0.197571 -0.0887149 -0.155246 -0.0886569
0.19756 -0.0890878 -0.155038 -0.0890882
0.19756 -0.0890878 -0.155038 -0.0890882
0.197532 -0.0893427 -0.155051 -0.0891856
0.197586 -0.0893412 -0.155051 -0.0891856
0.19754 -0.0897689 -0.155027 -0.0897698
0.197531 -0.090238 -0.154961 -0.0898826
0.197531 -0.090238 -0.155014 -0.0902273
0.19753 -0.0904561 -0.155005 -0.0904568
0.197528 -0.0906858 -0.154996 -0.0906866
0.197532 -0.0916085 -0.15504 -0.0916037
0.197532 -0.0916085 -0.15504 -0.0916037
0.197508 -0.0918792 -0.155054 -0.0917317
0.197508 -0.0918792 -0.155054 -0.0917317
0.197555 -0.0927654 -0.154873 -0.0927658
0.197555 -0.0927654 -0.154873 -0.0927658
0.197528 -0.0928 -0.154899 -0.0926544
0.197562 -0.092997 -0.154856 -0.0929971
0.197569 -0.0932283 -0.154838 -0.0932284
0.197576 -0.0934653 -0.15482 -0.0934594
0.197586 -0.0936904 -0.154801 -0.0936904
0.197565 -0.0939632 -0.154809 -0.0938166
0.197645 -0.0939614 -0.154809 -0.0938166
0.197614 -0.0943817 -0.154743 -0.0943816
