-21.7473 56.0288 28.3638 45.919
-20.6771 54.7751 29.3452 44.9015
-19.6047 53.6888 30.3439 44.052
-18.785 50.1473 31.3246 43.1457
-15.9009 47.8223 34.7591 37.0205
-14.3877 43.0537 36.1666 32.7997
-12.7039 41.6011 37.6445 31.6777
-10.9434 40.1042 39.2047 30.5105
-10.0513 37.3937 40.1976 29.6588
-8.67393 34.4257 41.3021 25.6167
-7.48568 31.4387 42.139 23.5
-5.86835 27.7765 43.3379 20.8738
-4.52058 24.4515 44.2285 18.5721
-3.6379 21.5824 44.8906 16.388
-3.51197 19.6338 45.0352 14.7197
-3.39333 17.5132 45.1712 12.9165
-1.99999 15.1526 46.5621 11.6994
-3.48703 13.4239 44.8573 10.016
-3.62851 11.4165 44.4498 8.89076
-3.53057 8.98023 44.1683 7.53123
-5.0503 7.49528 41.5766 7.04148
-3.40825 4.32023 43.2728 5.52834
-3.12157 0.359553 42.8992 4.56548
-2.87729 -0.785147 42.2593 3.96974
-4.40354 -2.51925 39.5382 4.29549
-2.67942 -5.4117 41.0959 2.45273
-2.58244 -7.75701 40.6023 1.4797
-2.86226 -9.51013 39.7896 0.974639
-2.90239 -11.6416 39.2435 0.0272432
-5.25155 -13.2483 36.0569 0.234354
-3.42729 -15.1393 37.7986 -1.33641
-9.62601 -16.1396 30.4036 -0.0371266
-7.49777 -18.3558 32.4588 -1.93115
-7.04573 -20.5691 32.567 -3.67229
-4.91908 -22.7864 32.2571 -4.2059
-6.44165 -23.9434 32.3952 -5.18653
-4.44387 -26.1783 32.3211 -5.85675
-6.42725 -26.1655 32.0997 -6.87387
-6.75765 -26.7268 31.6961 -7.3397
-4.74862 -28.9619 33.5973 -9.49319
-6.92665 -28.5178 31.5277 -9.25788
-9.53813 -27.3528 29.0975 -8.80107
-7.16313 -29.8552 31.4206 -11.0044
-9.72192 -28.2613 29.5665 -11.2658
-9.72761 -28.8856 29.5529 -11.9796
-7.35741 -31.3928 31.8716 -14.1875
-9.80915 -29.7225 29.7341 -13.6376
-7.44198 -32.233 32.0499 -15.8486
-10.9541 -29.0433 29.0556 -14.6327
-8.5897 -31.5571 31.4319 -16.2367
-8.98618 -31.5532 31.016 -16.6772
-9.4225 -31.2356 30.9371 -17.1754
-9.54204 -31.2838 30.9923 -17.0554
-10.2483 -31.9793 30.6194 -17.8658
-13.5789 -26.9861 27.6756 -16.8243
-10.9786 -29.7374 30.3208 -18.4866
-14.5029 -25.6173 30.4307 -18.5395
-11.9279 -28.3716 30.2904 -19.4485
-12.376 -27.7031 30.2068 -19.7458
-12.998 -26.6256 30.1115 -20.0069
-13.95 -25.0608 29.6285 -19.6242
-27.4199 -7.46995 19.553 -11.1667
-24.6713 -10.4206 22.3068 -13.9443
-27.5062 -5.50663 21.3257 -13.514
-24.76 -8.45665 24.0741 -16.3004
-24.9525 -7.03802 24.9775 -17.3728
-28.2442 -1.09 23.8793 -16.594
-25.4974 -4.05164 26.6261 -19.3821
-28.687 1.20527 27.46 -19.3565
-25.9512 -1.75526 27.661 -20.611
-26.0375 -0.995713 28.3292 -21.6029
-26.2201 -0.0362699 28.8845 -22.3854
-23.3322 -3.14217 31.814 -25.4205
-48.8224 36.8674 17.9078 -13.53
-45.9322 33.7338 20.8213 -16.5901
-43.0203 30.631 23.7216 -19.6667
-40.1324 27.4953 26.633 -22.7289
-37.2445 24.3596 29.5444 -25.7911
-40.6774 31.7936 30.3532 -28.0308
-37.7856 28.651 33.2606 -31.0983
-39.68 32.035 33.5961 -32.8601
-36.7451 28.8506 36.5633 -36.0204
-34.7307 26.8098 38.8375 -38.7099
-33.8677 25.8436 39.5786 -38.9584
-32.6105 24.2206 38.7011 -38.1143
-33.409 23.9891 36.6659 -35.2851
-30.4093 20.7427 39.7287 -38.586
-29.4011 19.1184 33.4302 -34.5842
-28.656 17.9756 32.5204 -34.0069
-27.5439 16.1114 31.9683 -33.6782
-34.2606 21.3685 23.5777 -22.8727
-37.444 23.9135 21.4215 -18.3318
-34.3767 20.6063 22.8659 -20.7503
-32.5705 18.4545 26.2042 -23.4376
-32.3227 17.8105 25.5018 -21.8506
-30.7993 15.9439 26.4414 -23.9477
-27.7317 12.6345 29.8278 -26.2555
-26.2448 10.706 30.8066 -26.9298
-25.1144 9.2135 31.0914 -28.6144
-25.3482 8.36865 29.414 -23.9198
-22.2814 5.0556 32.6161 -27.4585
-21.0064 3.75941 33.1173 -27.5009
-17.9015 0.447822 36.4434 -31.2324
-18.9247 -0.110986 33.577 -26.8947
-20.0299 -0.0866004 30.5041 -22.1821
-16.9101 -3.28249 33.834 -25.9188
-18.2708 -2.39608 30.1793 -23.0396
-15.1768 -5.71341 33.8903 -24.3981
-14.0541 -7.39747 34.2399 -24.2367
-13.5824 -8.95894 37.9659 -25.5479
-12.4541 -9.81241 34.1421 -22.644
-11.9562 -10.5164 33.7676 -21.305
-10.9879 -11.8682 34.0832 -21.1096
-12.7425 -10.2965 30.3131 -17.6494
-9.63431 -13.5741 34.4552 -17.4959
-8.88756 -14.3732 34.2893 -19.124
-8.00835 -13.945 34.4582 -18.5242
-7.87992 -15.2504 34.1172 -17.1909
-7.06905 -16.2085 34.4275 -16.9587
-6.97085 -17.4783 38.3119 -18.3168
-6.05758 -17.123 34.3647 -15.3379
-13.0504 -8.71721 24.8107 -1.47912
-9.97211 -11.9073 28.3746 -5.58977
-10.7479 -9.69969 27.735 -3.7432
-11.7857 -6.73367 26.9556 -1.39909
-8.70632 -9.92884 30.5262 -5.51675
-9.2029 -7.65005 30.8792 -2.66355
-8.11991 -7.88172 31.8761 -5.13879
-5.03875 -11.0804 35.4519 -9.26104
-3.66807 -11.79 37.3221 -11.0042
-2.75376 -11.7413 38.8795 -12.2471
0.328066 -14.9396 39.2509 -11.7285
-6.51675 -6.09064 34.1704 -4.66165
-3.49099 -9.15478 37.8382 -8.94836
-2.63959 -9.65485 38.9624 -10.0072
0.385915 -12.7199 42.6308 -14.2993
-1.21725 -9.78473 41.0341 -11.4621
1.80955 -12.8523 44.7056 -15.7575
-0.755067 -9.48422 41.4379 -10.9624
2.273 -12.5545 45.1127 -15.2613
-0.343973 -9.55673 41.5197 -10.3269
2.69007 -12.6295 41.2059 -12.059
2.67523 -12.3911 45.3005 -14.5654
-0.179258 -9.07339 41.3139 -12.2332
2.75969 -11.9603 45.4894 -14.319
2.62711 -11.6699 41.2969 -8.94054
2.31985 -11.0911 45.0542 -13.4039
-1.11212 -7.65784 44.7894 -12.9089
1.81414 -10.5505 43.8983 -11.5392
1.72165 -10.5749 43.7485 -11.441
-1.87472 -6.68205 43.4475 -10.9825
-5.08943 -3.50676 34.9353 -0.614267
-2.2535 -6.2004 38.7587 -5.21853
0.566032 -8.86189 42.5905 -9.84218
-5.172 -2.45283 35.2706 -4.0635
-2.35198 -5.11893 39.1014 -8.69519
0.468033 -7.78502 42.9321 -13.3269
3.2896 -10.4507 47.5163 -14.0061
-1.71786 -4.63768 42.8184 -8.12441
-1.6634 -4.38594 42.3174 -9.99223
1.15806 -7.05815 46.1602 -14.627
-1.70606 -4.16592 42.831 -11.0274
-2.24639 -3.4712 47.1032 -13.6979
0.423148 -5.85957 46.2985 -15.4497
-3.03007 -2.73883 42.1183 -11.0565
-0.359669 -5.13033 46.0242 -15.8416
2.31028 -7.52128 49.9283 -20.6333
-1.41287 -4.416 45.0617 -15.4412
-2.29103 -3.74029 43.8957 -14.2717
-2.72522 -3.69937 43.5354 -14.4282
-3.58771 -3.06141 47.9045 -16.864
-4.00749 -3.01584 46.6296 -16.4282
-13.5904 4.239 29.7069 -0.207755
-11.1036 2.17146 33.6731 -5.16284
-10.6931 3.83722 32.0217 -4.09064
-8.20347 1.76905 35.9894 -9.0512
-10.5721 3.98144 36.6107 -10.0556
-15.99 8.55855 29.9901 -3.38636
-13.466 6.69699 33.962 -8.35262
-10.9265 4.90218 35.137 -10.5189
-10.6306 4.87126 35.7732 -13.3099
-18.0872 10.693 29.4322 -5.43395
-15.7042 9.02405 33.4384 -10.4979
-15.5168 8.81962 34.7566 -12.8956
-17.5956 10.8945 32.6263 -11.0792
-15.3154 9.1993 36.6497 -16.2037
-15.1083 8.97157 37.5598 -17.8681
-14.9847 9.01149 34.3697 -14.7522
-15.1878 9.20423 38.3945 -19.8842
-17.5065 10.5843 35.5408 -17.6284
-15.2218 8.9261 39.5667 -22.7652
-19.4553 11.2048 32.7606 -15.8189
-17.3086 9.74663 36.8195 -21.0292
-17.3775 9.85574 37.5018 -22.554
-15.3289 8.59351 41.5777 -27.831
-13.3117 7.14764 45.8885 -32.1024
-17.814 10.3061 43.5508 -28.3386
-15.7663 9.04153 42.2906 -30.1147
-18.429 9.97699 37.8092 -25.7871
-16.3821 8.71097 41.8896 -31.0762
-19.1093 9.78345 37.0021 -25.9809
-17.0633 8.51607 41.0848 -31.2749
-19.8746 9.81297 36.142 -26.0294
-18.0799 9.03789 40.2752 -31.4579
-20.8478 10.4562 35.8417 -26.9757
-19.0538 9.68007 39.9779 -32.4092
-21.6113 10.8112 35.2229 -27.2179
-19.818 10.0341 39.3625 -32.6564
-20.2233 10.194 38.11 -34.5124
-22.7422 11.8438 32.6422 -28.8241
-21.0553 10.5449 37.4274 -31.2924
-27.5224 12.7673 23.9478 -15.672
-25.8478 12.2018 28.1315 -21.1708
-25.8558 12.5464 29.0054 -22.7543
-26.9395 13.3514 26.6834 -19.812
-26.6827 14.0208 30.9049 -25.3933
-25.2516 13.3375 31.6493 -26.5
-27.8435 14.2146 25.3665 -18.5837
-26.3241 13.9795 29.5913 -24.1833
-27.6069 13.8396 26.6031 -19.1532
-26.467 13.8888 28.9899 -23.5422
-25.5669 13.7231 30.5724 -25.1755
-24.2362 13.2469 31.9151 -28.8912
-23.6044 14.0431 36.5861 -32.9783
-26.6196 14.0746 26.3503 -23.9543
-26.1604 14.2043 28.7597 -22.6448
-26.1203 13.9456 31.3059 -22.8197
-24.9037 14.2975 31.7202 -25.9495
-24.2552 14.3286 33.541 -28.2384
-23.7537 13.5302 32.0525 -25.6717
-22.5296 13.8837 36.3936 -31.4149
-22.4157 14.1221 37.5489 -32.7232
-21.8146 14.1163 39.3253 -34.9529
-22.5674 14.0355 35.4545 -29.1073
-21.6381 15.047 39.857 -35.001
-21.5862 15.4425 40.5676 -35.8794
-21.5325 15.6753 39.6189 -34.9171
-21.515 16.0603 39.8191 -35.3352
-22.1054 16.7896 34.7679 -28.4586
-21.4613 16.4062 39.1953 -34.3609
-22.2742 15.5952 39.363 -34.6425
-23.7535 13.8018 27.716 -18.1579
-23.3301 13.9551 29.0514 -19.6844
-22.7159 15.6688 33.5772 -25.729
-22.2369 15.9282 34.7868 -26.8622
-21.6241 17.6427 39.3221 -32.9057
-21.8216 14.5246 41.208 -34.9398
-20.9709 16.0716 36.7767 -27.8924
-20.2815 16.0725 37.7684 -28.5511
-19.6705 17.7884 42.3314 -34.6032
-19.4466 15.9248 38.2392 -28.2977
-18.8678 17.6722 42.8155 -34.3523
-18.9444 18.0877 43.348 -35.0644
-19.7292 17.0746 38.9025 -28.9975
-19.4412 19.5417 38.1317 -31.6248
-19.6295 20.1597 43.464 -34.994
-19.7764 20.921 39.0769 -28.7829
-19.4898 23.3887 43.7688 -34.9796
-19.7591 17.2951 31.8769 -18.5356
-19.4775 19.7648 36.6042 -24.7339
-19.2427 22.1958 41.3967 -30.8507
-18.6661 16.5794 37.6986 -22.598
-16.8499 14.2796 36.9718 -25.3088
-16.8992 17.5496 42.3492 -29.3598
-14.997 15.6484 41.7623 -27.1167
-15.4529 16.7829 47.2918 -30.5944
-15.4981 20.0538 47.2687 -33.7891
-15.3458 18.208 44.0963 -29.2078
-15.3931 21.4796 48.982 -35.5548
-15.5576 19.2858 44.9017 -30.195
-15.7438 19.7204 49.8324 -36.5074
-16.0062 14.3873 34.4648 -16.4158
-16.0603 17.6609 39.4032 -22.7677
-14.5627 10.9672 32.4739 -12.2083
-14.9436 15.0902 37.545 -18.7033
-12.7458 12.2176 38.1033 -17.765
-13.1419 16.3315 43.2108 -24.2292
-12.3282 19.6052 44.5961 -25.2619
-11.7081 14.2638 47.6956 -24.8601
-12.087 18.388 47.0086 -27.6842
-11.9852 16.1021 43.8854 -23.6611
-12.3925 20.2172 49.0455 -30.1201
-12.7821 24.3416 49.4606 -30.6352
-10.9688 4.05254 25.0712 -1.73408
-10.7034 5.66037 30.7981 -6.66242
-8.69589 2.94059 30.5909 -8.11206
-9.41961 7.96563 36.4746 -12.2582
-6.91588 2.76863 35.4206 -9.33305
-7.64467 7.79398 40.7954 -15.9774
-8.37346 12.8193 46.1702 -22.6218
-4.90015 6.02196 45.9663 -20.657
-5.63417 11.0476 51.369 -27.3001
-6.79795 13.627 56.7978 -33.9013
-6.59802 18.5512 58.1052 -34.7905
-7.64923 24.5273 63.6552 -41.5794
-7.27906 22.3262 60.0841 -36.8648
-9.0014 24.3358 65.6542 -43.6532
-9.71741 21.8082 56.4147 -35.4447
-9.4132 26.8672 54.7573 -34.8471
-11.1259 24.5954 46.7174 -26.8441
-10.7697 29.5558 52.3512 -33.5932
-10.3917 17.181 35.739 -14.0586
-11.457 23.1575 41.3939 -20.8574
-11.0261 20.0171 39.7344 -18.2015
-12.3944 26.9994 45.5677 -25.1573
-11.6416 23.3603 42.4067 -21.4675
-13.0445 30.3306 48.2918 -28.377
-13.3784 31.872 48.4812 -28.685
-6.01882 -3.72024 20.703 2.77753
-5.58474 -1.54965 25.4619 -2.21438
-5.62247 -3.29181 30.7642 -7.74313
-3.92903 1.57793 34.3903 -11.026
-1.48633 -1.86233 39.4261 -14.5228
-3.0728 5.81795 43.2715 -20.2437
-0.902273 7.74533 47.2499 -22.1764
-3.23793 11.5119 50.0487 -27.2876
-4.52812 11.0619 52.7826 -30.1637
-6.20577 19.1094 59.4551 -35.2763
-5.60883 15.1865 56.7486 -34.5982
-5.23291 21.8128 56.6699 -34.7623
-6.44492 25.0781 57.809 -36.4001
-6.93851 26.3859 57.1601 -36.5174
-6.95927 22.2131 50.2721 -30.2179
-8.80291 30.9142 56.7118 -37.4278
-9.48232 28.329 49.6516 -30.6434
-11.4665 37.5042 56.2091 -37.9263
-11.5767 33.3238 48.9045 -30.751
-13.5654 42.4995 55.4876 -38.0337
-14.5907 44.767 55.0671 -37.9869
-12.6484 38.29 40.3915 -26.367
-14.6598 47.4639 47.015 -33.6504
-12.3867 23.7218 31.2816 -14.9349
-14.4348 32.8845 38.0009 -22.1721
-14.6808 35.1639 40.1787 -24.7711
-16.2722 31.6326 37.4398 -24.8749
-14.6744 39.3819 44.8603 -29.7678
-14.0217 35.3117 46.6332 -28.9676
-16.2972 45.6924 47.3718 -32.8984
-14.3394 46.1384 41.9836 -27.9868
-17.3791 49.9278 49.0417 -35.4511
-14.8937 49.6555 42.4595 -29.6284
-18.0364 52.2305 49.5474 -37.0912
-14.0225 28.2203 30.0732 -19.2931
-16.4401 39.1537 37.3699 -26.8299
-14.8941 34.3598 35.6108 -25.4891
-17.4242 46.032 43.1008 -33.1581
-11.7886 31.3059 45.0198 -34.6071
-14.4053 42.9633 52.6183 -42.1886
-15.0138 47.0997 51.3216 -39.8653
-11.8296 37.6617 46.8514 -38.8584
-15.2396 41.8226 47.8927 -37.2522
-15.1253 51.6696 55.5023 -44.8974
-16.8484 44.7395 45.5463 -35.8594
-16.1858 54.6458 53.3267 -43.5808
-15.7989 48.5479 44.7966 -36.4663
-18.7158 61.5816 52.9331 -44.253
-21.5572 74.6365 61.0984 -52.1075
-15.6655 44.0726 35.551 -29.5057
-18.5069 57.1409 43.6935 -37.3639
-18.9294 68.4255 51.9102 -45.1431
-22.4451 73.4215 52.6172 -46.5018
-15.1516 48.4814 33.7655 -29.6519
-18.8079 52.9292 34.009 -30.8501
-15.0832 52.8152 35.9928 -33.0824
-19.0796 56.4472 36.1891 -33.3451
-16.4194 46.2876 30.5302 -28.7155
-19.5341 60.8638 39.3259 -36.8021
-20.321 64.4223 40.5355 -38.0749
-20.6876 66.1853 41.5576 -39.1547
-19.2918 77.734 40.5729 -38.5717
-21.2272 68.9329 42.1085 -36.8102
-20.8071 68.4791 51.0256 -44.8694
-17.3483 67.9206 41.4647 -37.1616
-21.3571 70.3831 39.3124 -39.5166
-17.9481 70.9332 40.3855 -40.7786
-22.135 74.3134 39.0493 -39.928
-19.0625 60.9867 30.7554 -33.5954
-19.1664 74.8134 30.9815 -34.068
-24.0807 67.8007 40.716 -42.316
-23.2764 81.1588 40.8938 -42.8736
-19.7033 66.254 31.519 -35.4626
-23.1653 82.5197 41.2416 -43.7745
-19.5212 67.1401 31.6612 -36.2927
-23.0329 83.642 41.5235 -44.6348
-19.4743 69.3283 32.7427 -37.7423
-23.2116 87.3786 43.2694 -46.3444
-19.3156 72.3291 35.3843 -40.2603
-23.2833 90.3554 46.078 -48.7578
-23.0085 91.4812 45.7046 -48.5292
-23.5547 76.4549 36.092 -41.1466
-21.9172 90.8511 46.7616 -49.7211
-14.1007 71.9463 34.1 -39.7969
-18.2178 90.0249 33.4378 -37.2185
-22.1745 108.227 44.2852 -45.7691
-26.3815 128.256 55.9382 -54.6477
-18.9021 82.4828 39.8029 -43.8873
-16.7573 80.2229 42.7017 -46.3245
-17.5456 84.1432 54.5724 -55.0835
-21.7294 104.276 56.2481 -56.4937
-21.3516 103.319 37.9657 -42.5086
-20.4554 101.238 49.8024 -51.3667
-22.0228 86.407 34.4193 -41.199
-21.6034 103.369 46.4461 -50.0478
-21.4806 102.574 44.8272 -49.2876
-21.8676 103.674 28.9712 -37.9357
-26.6232 106.265 42.0151 -47.1509
-17.0841 83.5935 28.703 -38.0747
-21.7404 106.03 41.8235 -47.2733
-16.3769 83.44 28.0657 -37.6369
-16.028 102.192 27.7937 -37.5013
-16.3715 85.6368 41.3027 -46.5665
-21.434 108.116 43.8487 -48.626
-19.6705 105.246 43.0904 -47.9659
-13.3531 100.217 26.8175 -36.86
-18.59 124.932 41.3323 -46.3883
-13.3601 102.699 25.7737 -35.9937
-18.6932 127.712 40.5012 -45.5449
-8.07995 81.9925 31.3181 -39.743
-13.1173 86.8674 37.8881 -44.1077
-18.7865 111.982 52.9053 -53.4764
-23.6731 116.83 55.1521 -57.623
5.48093 13.2585 -0.955276 -20.3261
-0.0556055 38.6203 14.0724 -28.1537
8.10187 12.9813 11.4443 -25.254
2.13113 40.6666 27.8927 -35.0568
1.45915 46.946 26.6093 -33.2586
2.91723 47.8446 43.4157 -43.111
7.69291 50.6819 50.5208 -46.2732
2.15305 58.4218 56.5035 -49.1388
8.58373 36.3532 48.6753 -45.8379
2.30411 64.7718 65.8981 -52.9544
2.6718 44.182 69.5082 -53.959
-3.85807 72.6967 86.7722 -63.4236
-9.28017 81.9201 104.679 -67.4223
19.615 7.12588 56.5035 -43.8987
12.4309 39.0093 75.6355 -54.0723
5.24675 70.8928 94.7676 -64.2459
-1.93736 102.776 113.9 -74.4194
1.37387 92.7881 112.178 -70.5989
7.72237 69.4059 104.726 -62.8847
0.560445 101.52 123.975 -72.6271
5.25376 80.3123 91.6093 -54.6752
-2.32022 112.501 111.085 -64.6714
1.008 92.8119 85.9183 -49.8837
-7.19168 127.558 106.949 -60.238
-1.79761 106.935 97.6978 -52.3307
2.11617 106.191 71.9409 -39.872
-4.30842 116.142 94.2159 -47.4361
-5.34991 95.7045 71.777 -34.337
-7.51273 127.376 93.8681 -44.8421
-2.79281 104.153 69.9518 -31.1385
11.2892 45.3259 29.3044 -10.1166
4.37766 57.3182 51.8023 -20.3725
0.42203 90.5066 59.2303 -23.71
8.94083 63.9189 56.4021 -21.0972
-1.26296 105.286 81.5733 -32.1008
5.64684 81.0851 69.9043 -25.0894
-5.12249 122.655 95.3359 -35.746
-8.08312 136.283 106.168 -40.5898
-4.11613 102.573 115.067 -38.9416
-7.55604 139.135 110.398 -39.8521
-0.189664 106.922 81.3528 -26.4338
-11.457 149.029 81.1259 -28.2317
-13.957 157.581 107.037 -37.3213
-3.49493 116.198 76.3952 -23.0793
-12.1596 131.655 78.033 -23.4758
-9.06406 133.779 79.6477 -25.6198
-17.0269 143.558 109.174 -32.7911
-22.9156 186.427 110.158 -35.1801
-24.109 190.401 110.889 -34.9826
-25.9968 193.804 75.1818 -19.699
-23.9718 189.237 104.431 -31.1317
-14.5105 149.449 74.2247 -20.0443
-21.088 192.436 73.4963 -21.4167
-28.4152 201.033 104.607 -31.724
-14.1489 148.486 107.352 -29.6406
-17.8443 159.416 74.0914 -19.8879
-18.7626 163.001 78.0381 -21.6413
-19.0999 164.613 80.696 -22.8
-27.5212 172.578 114.054 -34.4307
-35.0522 222.66 147.313 -46.3924
-3.35381 106.67 24.5608 -5.40466
-5.68554 114.309 58.1632 -17.7838
-7.11928 122.638 72.7761 -24.9712
13.2532 57.6211 55.9485 -19.8628
-6.5313 124.723 68.1485 -24.8956
-11.3331 142.858 105.559 -37.6953
3.51077 94.081 90.3005 -33.1233
-7.23396 109.719 128.206 -44.7623
-18.3517 170.671 136.28 -48.7443
-21.3688 178.72 142.799 -50.2341
-41.7696 247.702 180.581 -62.8222
13.2797 63.7078 85.3463 -33.4457
-7.53608 134.537 123.269 -44.5049
-25.8042 197.081 160.381 -56.8902
-22.0688 185.248 164.76 -58.8485
-17.5637 166.555 168.578 -56.0391
-29.9634 209.733 203.929 -67.5005
-6.39811 152.779 148.632 -50.4911
15.019 68.0672 135.665 -45.8301
8.46115 105.734 171.725 -55.6166
44.6322 -37.2362 91.7789 -31.4989
31.5271 8.10155 128.067 -42.6105
14.0829 50.1964 164.166 -54.3639
-1.87322 87.4271 99.2848 -35.5828
14.1191 31.7926 135.329 -44.1836
40.6854 -69.3008 94.2756 -31.463
29.6778 -31.6392 130.413 -40.9954
32.2747 -58.8533 134.153 -39.932
21.2998 -20.6445 131.833 -40.1138
11.7671 2.39167 137.375 -41.2984
24.8514 -55.0048 107.069 -30.7908
13.4499 -15.7747 143.418 -42.0412
1.85542 18.4528 139.13 -46.1137
-9.2566 56.6808 175.533 -57.4605
-7.22247 47.0175 178.963 -58.8773
-16.2368 78.1455 215.938 -69.6632
-16.1179 73.6413 217.959 -70.0855
-26.7884 101.66 220.203 -71.387
-26.7589 96.4349 219.438 -69.9108
-35.689 128 212.649 -68.4389
-16.9172 60.3143 168.155 -54.5313
-15.6484 52.6758 204.731 -65.502
-14.6966 35.4716 161.613 -51.9368
-22.2925 65.5132 198.442 -62.9618
-22.0564 37.6306 28.7516 -10.0853
-29.3527 62.6594 65.9214 -20.8604
-12.6369 23.9275 25.4384 -8.33943
-20.5314 49.3082 62.8108 -19.0809
-34.592 92.7423 93.5976 -27.5311
-33.6665 85.6984 110.283 -32.0588
-26.9933 78.789 125.127 -35.6762
-14.1726 45.1265 88.7311 -23.3282
-22.4181 70.7883 126.228 -34.0984
-18.9565 61.7349 95.4998 -23.6147
-24.6621 80.1147 133 -33.762
-2.10255 20.2844 142.259 -34.7061
-7.90158 38.6878 152.722 -36.9177
-7.85622 37.1281 136.206 -30.2734
-13.8731 55.5539 174.006 -40.4369
-9.42714 37.468 153.891 -32.6778
-2.31527 14.4567 129.441 -23.5954
-7.03693 27.9628 139.269 -25.1289
-19.0786 55.2119 153.267 -27.4927
-18.6 52.215 160.913 -28.8873
-15.4156 46.4844 169.628 -29.2142
-16.7501 56.1399 173.321 -28.7876
-7.94821 27.4248 177.609 -27.6006
-11.8381 39.6326 215.235 -37.074
-7.69309 24.4261 186.52 -26.4393
-11.6532 36.6831 224.199 -35.9652
-8.37131 26.1826 192.343 -24.1203
-16.4882 43.5194 200.413 -25.1364
-8.27796 20.5422 166.373 -12.5335
-12.3709 32.9167 203.927 -22.3217
-5.22071 12.605 165.695 -7.87115
-7.52546 19.7235 203.081 -16.8827
-6.33944 16.0062 158.815 -0.359105
-8.1842 22.6427 196.265 -9.43343
-4.3641 7.01789 194.117 -5.52487
-3.27435 5.0886 231.625 -14.5719
-6.17017 10.8752 186.647 1.62036
-4.81875 8.11711 224.211 -7.00451
-7.35703 12.1864 179.128 9.35181
-4.67602 4.63331 133.785 26.6317
-6.17581 8.68843 170.921 17.8699
-5.53412 7.26637 129.895 34.6158
-1.25551 -2.08165 166.937 25.9858
0.278858 -5.19922 164.715 30.0931
-2.14542 -3.07944 83.7718 60.0499
-2.06227 -1.27405 121.067 51.5195
-1.71806 -0.940721 65.3079 73.5214
-1.65328 0.875747 102.622 64.4809
-0.313284 -0.405479 82.634 71.4979
-0.265428 1.42082 120.019 62.3469
2.2045 -3.37005 107.896 64.5449
4.08606 -5.58344 144.181 56.7655
5.39717 -7.28233 180.644 48.7091
-13.4274 31.4397 165.219 52.1666
-22.6321 49.1284 137.14 59.912
-20.8649 46.8676 173.479 51.9865
-20.116 46.2509 179.702 50.1916
-19.5968 44.79 190.242 43.5512
-17.6955 42.594 196.642 45.1422
-16.9648 40.9718 166.427 56.2262
-15.3162 37.6974 201.204 44.7985
-14.9559 34.5214 165.727 54.2622
-11.5417 29.1786 200.866 46.8181
-9.81398 25.1345 200.324 47.8335
-8.1689 21.2086 199.389 48.7177
-9.17893 19.452 156.564 60.4976
-5.70575 14.1461 191.628 52.9032
-2.23257 8.84021 226.693 45.3088
-2.45925 6.59579 179.762 50.395
1.02752 1.3052 214.572 43.0506
3.51394 -4.07006 214.046 43.2685
4.47144 -8.90524 178.415 56.5732
9.40632 -17.1139 210.158 44.974
8.86327 -20.5988 166.951 61.4121
12.7134 -26.2985 198.573 49.2504
15.4659 -32.5874 193.78 51.129
7.00446 -21.3825 149.26 61.0771
12.0296 -29.5402 182.227 54.2666
12.636 -31.5535 180.6 54.0667
17.6761 -39.6997 213.516 47.2004
0.50197 -11.4363 155.082 54.6979
4.41652 -20.1654 152.556 54.9929
10.8247 -30.9102 183.396 49.5558
12.717 -35.5136 150.362 54.0141
19.163 -46.2233 181.08 48.487
7.26839 -26.7326 147.723 52.4481
6.7817 -26.0815 145.589 51.9141
13.3708 -36.6949 176.004 46.6293
18.9398 -46.1053 206.49 41.0271
7.45104 -26.829 143.97 47.0547
14.4454 -38.293 173.523 41.9597
14.235 -38.2227 169.055 42.6354
13.1695 -36.5362 137.011 45.4381
21.0478 -49.2725 165.056 41.6737
22.0717 -48.2843 192.904 37.6108
17.4003 -43.3563 157.481 41.4814
10.6593 -32.746 185.042 37.3376
13.5429 -37.1512 147.755 41.7118
11.1872 -33.4952 142.775 41.5387
15.2246 -39.4607 109.533 43.6313
12.282 -34.8216 136.672 39.8672
5.07301 -22.875 103.986 42.3003
14.0103 -37.2889 129.561 39.8313
13.8291 -36.027 101.07 39.865
22.8131 -50.3542 126.589 37.3365
12.6628 -33.4761 100.358 35.8514
3.59531 -18.3168 74.5608 33.7341
12.669 -32.4585 99.9913 31.1026
21.8499 -46.5521 125.552 28.7138
30.0212 -58.2813 127.814 24.7164
31.0608 -62.1031 105.783 20.9282
28.7659 -55.1265 128.86 20.3772
15.7775 -32.9038 98.14 20.7984
25.831 -48.4497 121.23 20.2102
17.2619 -36.8648 92.7027 19.3907
27.4689 -52.2463 115.785 18.9798
27.3588 -51.9931 113.803 17.4598
35.4378 -62.8973 113.525 15.6701
23.2446 -45.1915 109.682 15.2297
9.63262 -21.4845 86.5761 23.6194
16.3125 -34.5618 105.975 11.8794
23.3497 -44.2393 101.839 12.5218
34.3294 -60.7014 122.749 14.1482
39.0201 -57.5202 11.2124 -12.5108
36.5918 -50.7974 29.7035 -22.7986
44.1068 -64.7103 40.9271 -16.3223
11.7224 -19.352 32.8389 -14.1677
22.9884 -35.2183 50.4312 -23.8778
34.2164 -51.1068 72.5147 -22.3229
24.2546 -33.5061 41.9936 -37.1382
28.7395 -38.8776 31.4165 -47.4485
25.1994 -30.4815 29.7803 -60.5185
33.3532 -45.0559 36.6675 -50.5294
36.3688 -49.1188 39.0878 -51.5077
22.9966 -31.3483 20.2742 -57.2487
35.0173 -47.8185 42.273 -53.2663
22.105 -29.5654 6.86142 -65.0944
24.292 -32.4126 11.2504 -66.1655
34.2285 -46.8808 -1.16158 -73.7807
34.8323 -45.6429 26.3843 -69.8133
18.2607 -24.7642 35.4339 -70.7351
30.9306 -41.6853 37.5429 -68.8177
18.0077 -25.4839 42.2843 -66.1541
30.7287 -42.2738 44.1407 -63.8144
36.3737 -49.2032 44.8429 -72.0508
30.7181 -42.7861 51.7535 -59.4876
27.3597 -37.5742 34.2266 -62.7194
40.2355 -54.0363 76.3374 -55.6384
53.0606 -70.5415 92.2043 -43.3762
43.5696 -62.402 166.624 -47.3667
34.5009 -47.5256 293.206 -40.161
22.5798 -32.1649 -89.2898 -52.0157
35.9594 -49.047 -123.327 -41.5353
40.0874 -53.8571 -56.0058 -36.9296
23.7022 -33.5283 -19.0929 -38.8998
37.0379 -50.2511 -24.3594 -28.3905
22.5622 -31.9917 -6.87393 -31.7112
35.9141 -48.5659 -7.8685 -21.2
27.3802 -36.8318 -5.2508 -25.5741
28.7581 -36.7605 0.372576 -12.3262
40.2505 -52.3484 -3.47248 -12.5003
47.9165 -62.2672 -0.0065701 -5.88711
61.7 -79.1458 6.02896 8.4593
31.6972 -32.2652 -23.6939 -45.2549
45.5499 -48.6349 -17.2398 -30.9284
45.0082 -48.4394 -15.9594 -27.6263
58.8697 -64.7492 -9.46603 -13.2999
59.1764 -66.3337 -12.9071 -19.3487
73.0746 -82.5603 -6.35534 -5.01352
76.7779 -82.2204 -10.3341 -8.56309
45.0628 -54.1778 -15.9956 -18.6727
37.2924 -42.7098 -8.84506 -2.56082
51.5248 -59.1196 -1.55652 15.9139
53.3729 -60.1126 -4.28525 13.9314
30.7064 -32.1221 -18.5394 -14.2028
44.9376 -48.1853 -11.3817 4.26565
47.226 -51.3538 -9.06188 11.4124
39.8828 -44.2722 -11.485 8.79898
54.1137 -60.1666 -4.36363 27.2733
68.3446 -76.061 2.75772 45.7476
23.3798 -29.1279 -4.83725 23.9482
37.7991 -45.0898 -3.75545 33.0766
52.2823 -61.1708 3.43472 56.01
8.94479 -13.8402 -1.23861 29.3438
23.3866 -29.6852 5.91645 52.2781
37.8283 -45.5301 13.0715 75.2124
35.9185 -41.8933 11.4703 67.7064
50.362 -57.6078 18.5867 90.6451
44.2916 -51.9015 21.0092 93.8817
13.6987 -20.8864 18.8845 77.8185
28.0916 -36.4259 26.0192 100.763
32.7828 -40.3941 27.0835 115
40.0082 -47.4451 31.0811 117.388
36.5327 -41.7851 31.286 130.963
18.5649 -23.1812 29.0803 115.798
29.7321 -37.7842 38.6864 133.744
6.21888 -12.0609 32.0331 94.2408
23.2512 -28.0247 34.8683 100.916
30.7474 -32.0921 32.2052 83.2006
42.0383 -46.4889 39.4557 110.975
40.1743 -47.4 35.427 91.0204
43.6106 -49.7628 42.7016 121.693
28.1394 -35.436 46.4391 121.852
42.6878 -50.6501 45.9593 138.926
28.9429 -35.8805 41.7272 120.858
40.8447 -50.3745 49.1171 153.86
25.0522 -35.1354 44.5385 132.362
39.5601 -50.1617 52.0083 165.373
36.9734 -49.5679 47.1674 140.963
38.6329 -49.85 54.7251 173.986
23.5497 -34.6422 49.7026 146.753
25.1987 -34.9543 48.1804 163.761
37.976 -49.4909 58.7494 190.16
33.4646 -48.4904 53.1141 160.485
47.9976 -63.3906 61.0289 199.252
29.8445 -41.9546 62.6936 207.453
25.3326 -37.6687 63.1543 208.132
31.5127 -42.8612 64.7875 214.589
29.7941 -39.2899 72.9578 253.387
32.4972 -43.0147 66.9766 217.869
44.2273 -57.1327 75.5402 256.642
58.6614 -71.7947 84.0304 298.03
44.7821 -51.0608 63.1698 196.574
59.2439 -65.5723 72.2183 241.822
50.4744 -58.1492 72.6589 241.44
17.453 -27.7156 64.4266 200.7
14.109 -24.5738 65.289 206.852
18.4708 -28.0202 75.1539 252.127
32.8002 -42.321 75.8614 255.032
47.747 -55.1402 77.1301 261.4
37.0966 -45.6129 90.8696 282.565
10.2465 -19.965 64.7005 204.185
24.574 -34.171 65.8473 212.491
29.599 -37.8996 77.2886 265.259
36.6827 -43.9207 78.7 269.641
50.9471 -58.0411 90.4572 322.451
37.5421 -42.9172 83.2691 257.586
51.7406 -56.9227 82.2456 283.007
44.8138 -51.4218 81.646 280.523
58.9602 -65.415 77.9281 302.71
27.2935 -36.0678 82.1356 279.523
23.5693 -32.3457 81.7501 280.077
14.0153 -21.1206 66.4294 221.843
28.1201 -34.9133 82.7523 283.675
24.9511 -29.4038 67.2127 257.908
38.8548 -43.1313 86.6745 295.178
41.0724 -44.9253 88.6227 295.87
40.935 -44.4801 89.4251 295.767
39.8585 -43.4084 90.8209 294.926
38.9719 -42.6632 72.3918 227.993
52.7985 -56.3256 94.0859 290.663
23.1729 -26.7792 78.0784 230.108
37.0319 -40.2922 106.1 303.264
27.3905 -30.0012 88.4837 233.546
41.1738 -43.4742 120.901 307.121
25.8876 -28.3117 105.015 240.026
25.4494 -27.8279 116.844 240.925
34.7898 -35.7687 141.26 250.909
48.4152 -49.1723 192.157 325.652
61.7367 -62.7335 244.044 400.299
69.3227 -69.4323 296.402 403.435
55.8475 -63.2344 71.9964 241.338
69.2127 -76.7358 48.4069 327.728
46.1504 -49.2422 2.36819 60.8191
59.3315 -62.6308 -11.4068 149.231
40.9518 -38.2885 -22.143 241.723
29.8308 -30.6353 -144.73 -32.3477
42.7225 -43.9779 -156.661 59.5531
55.5371 -57.4367 -159.867 96.1249
67.8336 -73.144 -159.451 142.074
75.9966 -85.8412 -214.03 164.257
39.1501 -39.9539 -150.79 134.174
33.9832 -34.2261 -153.63 66.6257
38.2454 -37.6192 -150.171 45.7462
37.9939 -34.8075 -150.664 -15.6592
40.8443 -38.6142 -147.874 -30.9684
37.4415 -34.7299 -144.529 -50.8457
40.959 -37.8141 -136.396 -30.499
36.6912 -33.6545 -130.982 -35.7248
23.033 -19.0904 -122.7 -16.2183
35.8311 -32.9601 -119.371 -29.4554
25.8119 -19.5141 -112.577 -91.3461
35.2714 -32.9988 -113.799 -41.428
34.6747 -36.2674 -129.546 -75.6703
34.8481 -33.9853 -112.828 -60.9927
21.116 -20.2529 -111.377 -56.1486
16.6383 -14.1204 -101.918 -136.48
29.2427 -28.0778 -102.262 -85.9209
40.3545 -41.8376 -101.982 -35.3606
35.5951 -36.665 -62.7378 72.7105
48.0739 -50.6248 -59.7301 117.924
42.5479 -45.18 -32.2667 195.156
17.4043 -17.4667 -19.3688 102.969
28.9243 -31.462 -18.9412 74.1432
31.8016 -32.7125 -20.1555 115.017
31.2317 -27.259 -11.7707 138.051
39.699 -40.6945 -18.4339 166.943
37.6886 -39.388 -7.28218 124.676
30.4382 -32.4102 -10.2871 92.1539
32.2773 -34.7251 -7.66557 93.1948
28.9368 -31.7116 -6.81134 82.3137
32.7393 -36.0995 -2.32261 97.725
20.7506 -23.4216 1.94881 52.4548
32.6701 -37.3946 -2.47123 84.3027
23.2689 -23.9985 -1.94392 87.8006
30.4464 -37.264 -3.35781 83.7568
30.9627 -38.9422 -4.70815 78.7199
38.6736 -52.3389 -8.36927 58.6991
21.1957 -28.5577 -1.81747 44.7061
32.8497 -42.5007 -6.5539 76.804
33.1557 -41.7278 11.7898 84.6837
44.4879 -55.7896 7.13475 116.846
44.7503 -57.6611 0.908413 107.811
21.3105 -34.2435 -5.32467 55.0352
32.6359 -48.143 -11.9802 78.1939
12.8831 -22.095 -11.0941 37.7942
5.94869 -14.9896 -10.2518 13.0599
17.0437 -28.9075 -16.9048 36.3074
27.5812 -39.4491 -17.0791 54.6461
38.7216 -53.3162 -23.8654 77.8587
15.5474 -23.4229 -10.9483 56.3041
26.4528 -37.333 -17.6523 79.5595
33.7038 -44.9111 -21.8991 73.0882
36.4313 -48.5165 -25.5159 71.8108
43.2437 -61.6693 -39.4538 65.314
28.777 -39.6569 -33.241 27.7982
24.2934 -34.1869 -34.1838 28.0664
27.0799 -36.6042 -34.2915 34.7023
26.9822 -33.7419 -34.0974 31.1661
13.6071 -15.8969 -16.9553 20.8449
24.126 -29.6342 -25.1707 35.6456
30.8951 -37.1252 -26.1811 42.363
41.4204 -50.7186 -35.0094 52.7415
40.4963 -44.9777 -29.1727 34.3298
46.7885 -57.8824 -40.0409 35.0649
30.7868 -46.8456 -40.3045 18.9017
24.3902 -33.9511 -41.2855 5.64449
23.0483 -31.8341 -40.1671 7.13576
26.6493 -35.262 -38.719 12.198
36.8747 -48.7735 -47.968 19.1904
16.6395 -25.4585 -3.13774 6.46348
26.0387 -38.3797 -12.6146 13.1027
29.6811 -44.7701 -21.589 14.2619
39.1187 -58.2138 -31.285 14.2029
38.1202 -58.5239 -39.2764 7.32417
34.7544 -55.7925 -45.7532 0.272652
15.506 -30.2312 -35.6492 -0.0903475
17.6139 -31.6534 -45.4762 -0.196256
27.09 -45.089 -55.3038 -0.188537
35.0033 -53.3793 -58.3649 0.470083
35.5345 -53.5641 -60.9975 0.742736
27.6207 -43.1694 -67.7319 15.2167
12.4482 -19.8255 -61.5852 1.08182
21.6254 -32.971 -59.7875 -3.29095
24.4016 -34.5633 -45.9828 -7.53362
32.161 -47.5086 -56.0342 -13.648
16.1042 -18.5799 -46.5601 -35.786
25.1587 -31.6896 -52.657 -22.3449
27.797 -34.2185 -50.9459 -22.228
25.5005 -30.9624 -47.81 -15.8951
27.8232 -33.4013 -45.7362 -16.5521
18.7896 -20.0481 -34.4267 -31.0303
27.6591 -33.0293 -40.8215 -19.8066
30.188 -36.5846 -39.4177 -28.4211
29.831 -32.8244 -44.7262 -14.2947
26.7821 -33.3613 -35.0296 -36.0874
17.7847 -19.725 -21.3161 -26.7358
24.8795 -32.2674 -31.078 -38.1353
20.3601 -26.1109 -19.6299 -31.8719
28.9293 -38.8827 -29.309 -43.2798
31.3672 -40.4305 -28.6708 -42.354
28.0896 -40.1918 -28.124 -41.0316
36.4047 -52.9736 -31.2232 -64.8371
14.8691 -23.4408 -15.5063 -32.2876
23.098 -35.9025 -24.7143 -48.0787
20.7033 -37.5253 -14.3221 -43.7276
12.0859 -21.3432 -14.0997 -43.2469
20.1524 -33.8379 -19.7851 -31.7793
21.9255 -36.1842 -23.0665 -56.5918
28.0173 -44.316 -23.9064 -65.4873
23.3219 -38.9603 -23.5543 -51.0367
21.3249 -36.8534 -23.3924 -47.0947
20.0765 -31.4116 -28.552 -30.2007
17.4058 -31.6386 -21.2223 -48.6537
7.79506 -13.8907 -17.7904 -28.2901
13.2043 -25.5957 -25.9923 -47.5045
20.7113 -37.7137 -17.7128 -66.8948
6.45742 -11.434 -1.20246 -36.8648
14.1235 -23.4785 -9.05881 -55.9928
21.6978 -35.5759 -17.109 -75.0725
27.682 -43.3043 -17.481 -87.6295
36.1745 -55.0985 -19.2238 -102.784
32.5221 -51.8947 -24.7191 -93.4554
25.122 -44.0808 -26.0823 -74.8088
15.3605 -32.033 -25.4216 -51.4399
4.10442 -13.6067 -18.5432 -59.9162
11.3875 -25.2592 -23.3754 -46.701
14.647 -28.129 -21.0344 -58.9171
21.8836 -39.7909 -27.8676 -80.6694
17.6126 -29.7419 -17.5387 -64.244
15.8214 -27.5952 -9.09423 -40.4389
18.5443 -29.8554 -15.5578 -62.0174
15.2819 -23.1397 -8.37188 -75.4575
22.1808 -34.3591 -14.1403 -99.324
22.1055 -34.8316 -13.7929 -103.584
25.8182 -39.8237 -11.2266 -89.5242
0.771734 -1.99209 -3.42154 -16.479
7.57739 -13.1747 -0.641297 -36.4928
17.0379 -25.1673 2.77784 -67.8805
27.5664 -39.4467 4.79459 -99.6759
24.9308 -38.3846 -0.641414 -123.046
13.753 -25.2098 -1.35303 -62.0618
16.7608 -30.0426 -6.46407 -70.4665
23.1981 -40.8083 -6.6462 -99.2924
25.9669 -45.3328 -8.18805 -106.969
19.1668 -37.4489 -13.8493 -81.1003
4.83295 -16.0336 -16.2293 -71.1879
11.1489 -26.7787 -18.1865 -57.9203
12.4198 -27.2427 -16.2614 -64.9089
18.7528 -37.9861 -20.2696 -89.4982
14.5912 -27.5084 -13.2011 -69.2918
20.8345 -38.2718 -17.2535 -93.7209
10.6307 -15.7973 -0.277015 -42.2756
14.2977 -20.8058 -3.3102 -67.5629
18.8542 -27.9314 -6.47846 -92.9605
13.0447 -18.9987 5.43951 -17.2789
20.9375 -31.0591 8.81245 -45.1559
12.0045 -22.4036 8.91732 -25.96
17.7759 -32.665 6.52253 -50.706
16.1197 -32.388 6.53719 -79.7651
21.8613 -42.6562 3.68651 -95.7514
20.1746 -42.4622 -9.51394 -56.1909
14.5868 -36.2699 -12.0969 -80.796
8.03818 -24.2382 -18.1448 -55.7787
13.422 -34.0247 -19.8477 -80.9997
14.4193 -34.2785 -18.2397 -87.1246
1.90926 -3.65009 -10.383 -19.5233
7.36511 -13.7631 -12.0733 -44.4719
15.9272 -24.0129 -4.20516 -75.4653
17.9397 -31.078 -4.27877 -57.745
18.8675 -30.3938 -6.37335 -82.2009
9.07884 -17.5017 -8.81121 -55.9141
14.3526 -27.2699 -10.2829 -80.6613
13.2238 -27.4691 -12.8244 -56.5385
15.0977 -29.0102 -10.3205 -83.7547
7.743 -16.8487 -9.13786 -84.5888
12.6585 -26.0877 -13.5179 -69.9611
8.76301 -17.6034 -14.4621 -47.5536
13.7009 -26.8393 -9.17672 -76.1996
10.504 -19.5906 -4.89536 -57.0814
15.3193 -28.8506 -5.63679 -81.6427
15.4361 -29.0556 -4.95705 -80.8587
7.00779 -15.5229 -3.35377 -80.3509
11.5522 -24.37 -7.71099 -65.3693
11.305 -23.7496 -5.80038 -65.8095
9.3377 -20.634 -9.46443 -56.448
10.6407 -21.6381 -1.69016 -64.3908
6.78737 -13.01 1.88776 -41.046
11.2626 -21.6574 2.2403 -65.0036
13.0862 -24.0344 9.8536 -73.9874
17.4758 -32.6861 7.47987 -74.9788
11.7146 -22.8615 7.64152 -75.4664
9.75284 -20.7466 3.30434 -62.4509
13.9311 -29.0568 3.98327 -85.9048
12.3268 -29.5671 11.7758 -89.1175
16.3775 -37.6183 12.7883 -112.253
20.4282 -45.6694 4.19062 -62.2574
16.6038 -27.5477 22.0148 -82.6387
22.0799 -35.7813 27.8991 -107.687
25.984 -43.8519 26.0751 -110.104
30.0091 -51.8828 27.38 -132.893
8.91645 -21.2525 7.31494 -65.1945
6.64573 -19.6855 3.24699 -57.574
8.36656 -21.3503 4.11998 -60.3946
7.58547 -19.6352 2.10229 -54.5377
11.1982 -27.0139 3.91779 -76.1461
9.929 -18.2273 1.75456 -51.6902
13.5371 -25.5951 13.374 -77.5507
13.2611 -25.7073 12.6019 -77.3699
12.652 -21.6101 5.66096 -61.7396
8.20018 -19.7683 3.70528 -57.5298
2.98646 -7.73606 -2.70065 -30.3868
5.3163 -14.9121 3.6494 -53.4703
7.28414 -16.6526 7.43159 -59.6121
9.5739 -23.1894 10.979 -80.079
8.27368 -16.89 7.62282 -53.8905
7.18621 -15.2876 5.71049 -47.0846
6.57084 -15.9012 9.46683 -50.1549
7.01405 -14.7086 7.0745 -45.1558
5.43041 -8.38517 9.78949 -49.2178
8.59014 -15.0418 12.2548 -68.9454
9.66006 -14.4517 15.893 -44.4518
12.7918 -21.1137 18.4726 -64.0375
15.7862 -27.506 21.0898 -83.0475
9.46049 -17.1095 26.1785 -66.1982
12.4022 -23.0837 28.7769 -84.1298
8.26984 -13.7663 4.21727 -27.8699
7.60238 -19.1669 7.00531 -45.6764
10.3149 -25.0811 9.79335 -63.4829
4.56441 -15.1528 8.56233 -63.6225
7.26435 -21.0678 10.3957 -67.889
9.94752 -27.0021 12.9688 -85.6637
5.89312 -17.9719 5.44751 -58.4239
2.169 -8.85337 -1.90531 -27.4326
4.55793 -13.9712 0.903966 -43.1617
7.26362 -19.1752 0.00685222 -43.1776
9.53044 -24.2956 6.75628 -60.1257
5.13628 -4.96255 13.8946 -21.5832
7.37412 -10.0867 16.7037 -37.2043
9.69944 -13.8535 22.5015 -45.6704
11.9386 -18.9674 25.2168 -56.7372
1.7223 -4.85726 17.8116 -41.1584
3.90278 -8.15537 17.8773 -45.0201
7.7444 -13.7652 9.44335 -30.9142
7.28625 -14.5709 7.76961 -42.9342
6.91288 -15.3101 5.48053 -42.3782
4.83789 -13.2721 5.76649 -54.9644
4.37253 -12.81 1.7716 -37.2794
2.15837 -7.45128 0.0141479 -23.4572
2.91555 -8.36248 5.02146 -37.2346
4.75284 -12.6319 5.31033 -39.9503
4.13661 -13.1394 2.47544 -24.2267
4.25217 -11.808 4.2517 -37.1104
4.16844 -11.7035 4.38002 -36.648
3.97481 -9.73512 6.30755 -47.0641
2.5906 -4.33124 9.25964 -20.1512
3.3305 -4.30796 9.09547 -14.9195
4.65185 -7.64652 11.4216 -25.376
5.35162 -9.25799 12.4825 -28.7316
6.45227 -11.5533 14.931 -35.104
6.49442 -10.688 14.2757 -44.8678
4.11199 -9.89893 8.69448 -29.4046
1.66242 -5.30242 3.22675 -15.495
2.93368 -8.58701 5.51048 -25.736
2.52883 -8.21134 6.4662 -25.4179
2.32348 -6.53431 9.14548 -33.0952
2.16208 -5.87903 6.96477 -17.1375
1.58906 -3.13066 6.23126 -15.21
2.46365 -5.47011 8.02525 -22.6609
3.09034 -6.51946 6.50643 -14.3991
3.38943 -6.69544 7.78289 -21.7271
2.22792 -3.0461 6.46272 -19.8835
2.25977 -5.23418 6.22038 -18.9092
2.2218 -5.1478 6.16055 -18.7084
2.16863 -6.32545 4.8148 -12.7398
1.46484 -2.89915 3.77847 -9.73736
0.530906 0.232521 1.8089 0.90091
0.972749 -1.02407 2.89686 -3.21306
0.994274 0.41772 5.70956 -3.72428
1.48767 -0.849588 5.98188 -4.41823
1.84333 -1.19862 7.04665 -5.41115
1.78724 -1.15758 6.448 -4.36993
2.01195 -1.59138 6.60931 -4.92641
1.85844 -1.56844 5.85683 -4.30308
1.71166 -0.92282 5.43989 -2.06225
1.42434 -0.213012 4.97893 0.135128
1.44207 -0.297433 5.18244 -0.271591
0.480523 2.15131 2.676 7.46638
0.501767 2.06582 2.8926 7.05455
0.606292 2.21474 3.51864 7.00196
0.834192 2.06305 4.16789 6.49704
0.999938 1.85464 4.35595 6.1901
1.11592 1.60878 4.4359 5.68807
1.11365 1.297 3.90575 5.07791
0.789169 2.26952 3.24319 8.10053
0.356941 3.34917 1.49042 11.6901
-0.0401248 4.53699 0.732154 15.1013
-0.563063 5.5894 -0.563512 18.6915
-0.434692 5.78016 -1.04126 20.8851
-0.294069 5.96729 -0.50031 21.4064
0.153979 5.49127 0.386996 20.8566
0.279078 5.39139 1.24452 19.899
-0.0878763 6.58107 1.3959 23.4187
0.465977 4.85384 2.69255 16.6113
0.847232 3.52316 2.61385 12.4078
-11.4052 -8.47907 -13.3194 -0.0781936
-11.4095 -8.8968 -13.4755 -0.675816
-11.4108 -8.89673 -13.4672 -1.46446
-11.4859 -8.86088 -13.4698 -1.44001
-11.218 -8.02039 -12.7472 -2.0239
-11.1197 -5.42786 -11.5642 -2.13491
-11.1197 -5.42786 -11.5642 -2.13491
-8.17809 -2.44788 -6.61019 -2.05617
-8.17809 -2.44788 -6.61019 -2.05617
-8.29756 -1.80265 -5.91654 -1.95997
-7.61051 -1.98259 -5.92056 -1.95959
-6.52603 -1.29277 -4.71667 -2.00444
-5.46947 -1.17131 -4.27846 -1.63208
-5.46947 -1.17131 -4.27846 -1.63208
-5.08507 -0.651999 -3.45037 -1.43168
-4.65946 -0.498864 -2.75225 -1.42509
-4.65946 -0.498864 -2.78437 -1.24186
-2.91125 -0.0702982 -1.80428 -0.92374
-2.91125 -0.0702982 -1.80428 -0.92374
-2.36812 0.0257401 -1.46405 -0.688526
-2.36812 0.0257401 -1.46405 -0.688526
-2.36812 0.0257401 -1.46405 -0.688526
-1.8979 0.0858735 -1.15195 -0.682604
-1.68623 0.112958 -1.02659 -0.631803
-1.48694 0.128806 -0.91491 -0.58735
-1.30819 0.148483 -0.808532 -0.543296
-1.13596 0.160138 -0.716702 -0.505666
-0.98166 0.171072 -0.62833 -0.470082
-0.835045 0.180585 -0.551408 -0.436214
-0.695045 0.185346 -0.480963 -0.406746
-0.571788 0.191251 -0.416012 -0.377755
-0.453753 0.193364 -0.353019 -0.396436
9.47421 -22.6883 -1.43864 0.0531796
9.47421 -22.6883 -1.53067 0.0629772
34.1803 -78.9327 19.1201 -45.6304
33.6803 -78.9265 18.7926 -45.6074
42.6427 -103.237 28.6016 -69.7627
52.7892 -124.705 -134.398 187.763
53.852 -140.485 -154.716 195.436
57.3854 -165.636 -139.503 179.1
65.207 -176.983 -136.236 156.08
65.207 -176.983 -136.236 156.08
67.1499 -185.587 -133.56 149.831
69.2179 -199.082 -127.795 140.083
69.2179 -199.082 -127.795 140.083
69.272 -209.253 -116.571 129.409
69.272 -209.253 -116.571 129.409
-103.955 65.172 -93.0314 115.006
-103.955 65.172 -93.0314 115.006
-131.663 226.06 -85.512 108.436
-130.128 219.121 -70.861 94.0719
-130.128 219.121 -70.808 94.0871
-130.128 219.121 -70.808 94.0871
-128.077 215.933 -66.2386 90.3096
-128.292 211.858 -62.891 86.3548
-126.991 205.375 -55.4711 79.1041
-126.991 205.375 -55.4711 79.1041
-122.268 202.83 -51.4683 75.7999
-122.254 202.949 -51.4683 75.7999
-125.318 196.188 -48.3148 69.9417
-123.941 193.9 -41.3565 66.0569
-123.941 193.9 -41.3565 66.0569
-123.112 188.339 -34.8261 59.8303
-123.112 188.339 -34.8261 59.8303
-122.777 185.837 -31.8917 54.9059
-122.794 175.533 -20.5462 46.0646
-122.794 175.533 -20.5462 46.0646
-125.352 173.301 -20.4078 44.3793
-125.352 173.301 -20.4078 44.3793
-121.696 171.594 -14.9848 41.1086
-122.547 169.001 -12.7607 40.3559
-122.483 167.047 -10.4314 36.6075
-122.553 163.167 -6.0035 32.3841
-122.553 163.167 -6.0035 32.3841
-122.6 159.425 -1.85683 28.4066
-122.6 159.425 -1.85683 28.4066
-122.696 155.91 1.99265 24.7061
-122.696 155.91 1.99265 24.7061
-122.8 154.254 3.73717 23.0043
-119.721 154.514 3.83462 22.9797
-122.919 150.958 7.06927 19.7078
-122.993 147.623 8.68048 18.126
-122.993 147.623 8.68048 18.126
-122.937 146.193 11.5225 15.2073
-113.511 138.579 11.5836 13.9912
-20.1828 18.7995 -10.672 20.5702
-35.3285 17.908 -29.099 27.5356
-54.4666 23.3682 -45.4485 34.9004
-84.4017 34.7844 -73.5906 47.7232
-84.4017 34.7844 -73.5906 47.7232
-84.4017 34.7844 -73.3192 47.7301
-90.8997 38.4624 -73.0027 46.9929
-90.8997 38.4624 -73.1054 45.6533
-90.7964 39.1056 -68.2413 42.4736
-86.7458 38.3092 -65.3248 38.4658
-86.7458 38.3092 -62.1233 37.437
-84.8605 38.1468 -58.964 35.0827
-78.3165 36.196 -51.5009 30.1975
-78.0565 36.1509 -51.5009 30.1975
-74.1937 34.8679 -47.2185 27.6386
-69.9336 33.3409 -44.3833 26.2601
