0.16825 -0.162105 -0.187162 -0.132097
0.168249 -0.162119 -0.187163 -0.132111
0.168249 -0.162119 -0.187163 -0.132111
0.168235 -0.162141 -0.187166 -0.132112
0.168244 -0.162149 -0.187167 -0.132147
0.168219 -0.162221 -0.187192 -0.132219
0.16823 -0.162223 -0.187181 -0.132225
0.168242 -0.162222 -0.187169 -0.132223
0.168222 -0.162258 -0.18717 -0.132226
0.168213 -0.162293 -0.187198 -0.132299
0.168199 -0.162341 -0.187212 -0.132343
0.168188 -0.162383 -0.187224 -0.132398
0.168167 -0.16244 -0.187244 -0.132445
0.168148 -0.162498 -0.187264 -0.132502
0.168125 -0.16256 -0.187287 -0.132562
0.1681 -0.162625 -0.187313 -0.132627
0.168084 -0.162659 -0.187302 -0.132646
0.168041 -0.162764 -0.187373 -0.132765
0.168007 -0.162836 -0.187408 -0.132836
0.167971 -0.162911 -0.187445 -0.13291
0.167925 -0.163005 -0.187527 -0.133064
0.16789 -0.163063 -0.187527 -0.133064
0.167833 -0.163177 -0.187553 -0.133173
0.167798 -0.163219 -0.18762 -0.133223
0.167733 -0.163317 -0.187697 -0.133329
0.167696 -0.163377 -0.187724 -0.133384
0.167667 -0.163433 -0.187759 -0.133498
0.167584 -0.163534 -0.187838 -0.133544
0.167524 -0.163612 -0.187899 -0.133623
0.167397 -0.163763 -0.188027 -0.133776
0.167397 -0.163763 -0.188027 -0.133776
0.167117 -0.164046 -0.188311 -0.134062
0.167117 -0.164046 -0.188311 -0.134062
0.167061 -0.1641 -0.188375 -0.134173
0.167061 -0.1641 -0.188447 -0.134162
0.16689 -0.164235 -0.18854 -0.134248
0.166896 -0.16426 -0.1886 -0.134259
0.166732 -0.164346 -0.188699 -0.134359
0.16665 -0.164395 -0.188781 -0.134409
0.166653 -0.164423 -0.18879 -0.134468
0.166484 -0.164486 -0.188947 -0.1345
0.166313 -0.16456 -0.189119 -0.134573
0.166313 -0.16456 -0.189119 -0.134573
0.166137 -0.164616 -0.189294 -0.134631
0.166048 -0.164638 -0.189383 -0.134651
0.166048 -0.164638 -0.189383 -0.134651
0.165866 -0.164668 -0.189564 -0.13468
0.165866 -0.164668 -0.189564 -0.13468
0.16568 -0.164678 -0.189743 -0.134668
0.16568 -0.164678 -0.189744 -0.13467
0.165578 -0.164688 -0.189847 -0.134679
0.165489 -0.164671 -0.189934 -0.134664
0.16538 -0.164683 -0.190036 -0.134651
0.165279 -0.164665 -0.190132 -0.134653
0.165097 -0.164587 -0.190336 -0.134615
0.165095 -0.164594 -0.190329 -0.134603
0.164893 -0.164525 -0.19043 -0.134538
0.164893 -0.164525 -0.190529 -0.134535
0.164791 -0.164485 -0.190629 -0.134493
0.164671 -0.164459 -0.190743 -0.134421
0.164584 -0.164388 -0.190833 -0.134394
0.16406 -0.16408 -0.19135 -0.13408
0.16406 -0.16408 -0.19135 -0.13408
0.163852 -0.163941 -0.191554 -0.133934
0.163823 -0.163972 -0.191576 -0.133895
0.163749 -0.163868 -0.191655 -0.133858
0.163545 -0.163714 -0.191855 -0.133701
0.163545 -0.163714 -0.191855 -0.133701
0.163342 -0.163555 -0.19196 -0.133553
0.163311 -0.163586 -0.192076 -0.133493
0.163242 -0.163472 -0.19215 -0.133453
0.163113 -0.163419 -0.19227 -0.133325
0.163113 -0.163419 -0.19227 -0.133325
0.161975 -0.162326 -0.193385 -0.132286
0.161975 -0.162326 -0.193385 -0.132286
0.161862 -0.16244 -0.193475 -0.132142
0.161862 -0.16244 -0.193475 -0.132142
0.161862 -0.16244 -0.193475 -0.132142
0.161622 -0.162001 -0.193726 -0.131954
0.161622 -0.162001 -0.193726 -0.131954
0.161375 -0.161777 -0.193964 -0.131732
0.161375 -0.161777 -0.193964 -0.131732
0.161319 -0.161727 -0.194019 -0.131681
0.161262 -0.161678 -0.194073 -0.131626
0.161207 -0.161626 -0.194133 -0.131575
0.1611 -0.161522 -0.194196 -0.131493
0.1611 -0.161522 -0.194196 -0.131493
0.161047 -0.161472 -0.194354 -0.131427
0.160996 -0.161418 -0.194432 -0.131376
0.160946 -0.161365 -0.194509 -0.131325
0.160707 -0.161093 -0.194855 -0.131054
0.160536 -0.160877 -0.19503 -0.130843
0.160547 -0.16087 -0.195103 -0.130839
0.160496 -0.160826 -0.195071 -0.130792
0.160421 -0.160724 -0.195148 -0.130687
0.160386 -0.160672 -0.195219 -0.130688
0.160386 -0.160672 -0.195184 -0.130636
0.160369 -0.160605 -0.195205 -0.130607
0.160317 -0.160565 -0.195294 -0.130589
0.160252 -0.160458 -0.195323 -0.130425
0.160252 -0.160458 -0.195323 -0.130425
0.16026 -0.160359 -0.195336 -0.130402
0.16026 -0.160359 -0.195336 -0.130402
0.160158 -0.160285 -0.195422 -0.130257
0.160084 -0.160181 -0.195487 -0.130138
0.160097 -0.160163 -0.195487 -0.130138
0.160037 -0.160033 -0.195607 -0.130094
0.160037 -0.160033 -0.195552 -0.130011
0.16004 -0.159937 -0.195556 -0.129991
0.159961 -0.159919 -0.195498 -0.129903
0.159982 -0.159796 -0.19562 -0.129856
0.159916 -0.159753 -0.195681 -0.129737
0.159886 -0.15968 -0.195714 -0.129665
0.159824 -0.159524 -0.195845 -0.129609
0.15986 -0.159491 -0.195687 -0.12946
0.159793 -0.159444 -0.195814 -0.129433
0.15982 -0.159296 -0.195819 -0.1294
0.15973 -0.159276 -0.195882 -0.129267
0.159698 -0.15919 -0.195917 -0.129183
0.159641 -0.159135 -0.195817 -0.129123
0.159633 -0.159011 -0.195988 -0.129006
0.159525 -0.158606 -0.196111 -0.128671
0.159525 -0.158606 -0.196111 -0.128671
0.159427 -0.158445 -0.196207 -0.128445
0.15936 -0.158255 -0.196278 -0.128254
0.15936 -0.158255 -0.196278 -0.128254
0.159311 -0.15805 -0.19627 -0.127991
0.159261 -0.157971 -0.196381 -0.127967
0.159261 -0.157971 -0.196381 -0.127967
0.159228 -0.157878 -0.196415 -0.127873
0.15921 -0.157769 -0.196437 -0.127798
0.15921 -0.157769 -0.196484 -0.127679
0.159056 -0.157396 -0.196592 -0.127388
0.159071 -0.157381 -0.19658 -0.127408
0.15902 -0.1573 -0.19663 -0.127293
0.15902 -0.1573 -0.19663 -0.127293
0.158946 -0.157107 -0.196705 -0.1271
0.158946 -0.157107 -0.196705 -0.1271
0.158869 -0.156909 -0.196785 -0.1269
0.158869 -0.156909 -0.196785 -0.1269
0.158788 -0.156709 -0.196869 -0.126699
0.158807 -0.156691 -0.196977 -0.126696
0.158746 -0.156608 -0.196912 -0.126599
0.158659 -0.156405 -0.197069 -0.126497
0.158659 -0.156405 -0.197002 -0.126397
0.158635 -0.156282 -0.197096 -0.126191
0.158567 -0.156198 -0.197096 -0.126191
0.15847 -0.155989 -0.197126 -0.12612
0.158495 -0.155966 -0.197176 -0.126014
0.15842 -0.155885 -0.197248 -0.125877
0.158317 -0.155672 -0.19728 -0.125806
0.158211 -0.155462 -0.197464 -0.125455
0.158211 -0.155462 -0.197464 -0.125455
0.158211 -0.155462 -0.197464 -0.125455
0.158047 -0.155152 -0.197702 -0.125248
0.158047 -0.155152 -0.197702 -0.125248
0.158047 -0.155152 -0.197702 -0.125248
0.15807 -0.15513 -0.197546 -0.125075
0.157902 -0.154833 -0.19772 -0.124776
0.157825 -0.154753 -0.197859 -0.124743
0.157846 -0.154734 -0.197842 -0.124772
0.157735 -0.154538 -0.197957 -0.124577
0.157655 -0.154462 -0.197892 -0.124481
0.157655 -0.154462 -0.198034 -0.124447
0.157538 -0.154269 -0.198153 -0.124255
0.157563 -0.154246 -0.198133 -0.124289
0.157563 -0.154246 -0.198133 -0.124289
0.157446 -0.154051 -0.198253 -0.124101
0.157357 -0.153981 -0.198339 -0.123964
0.157326 -0.153857 -0.198378 -0.123911
0.157233 -0.153789 -0.198309 -0.12381
0.15717 -0.153694 -0.198375 -0.123716
0.156871 -0.153384 -0.198792 -0.123307
0.156871 -0.153384 -0.198792 -0.123307
0.156903 -0.153175 -0.19892 -0.123133
0.156903 -0.153175 -0.19892 -0.123133
0.156705 -0.153084 -0.199003 -0.12301
0.156526 -0.152839 -0.199171 -0.122791
0.156571 -0.152787 -0.199151 -0.122826
0.156591 -0.15276 -0.199233 -0.122713
0.15653 -0.152681 -0.199348 -0.122712
0.156248 -0.152424 -0.199477 -0.122401
0.156288 -0.152378 -0.199457 -0.122435
0.156189 -0.152351 -0.199536 -0.122329
0.156075 -0.152211 -0.199653 -0.122186
0.156075 -0.152211 -0.199653 -0.122186
0.156005 -0.152163 -0.19971 -0.122116
0.15599 -0.152052 -0.199823 -0.121978
0.155909 -0.152009 -0.199823 -0.121978
0.155791 -0.151893 -0.199934 -0.121848
0.155801 -0.151878 -0.199934 -0.121848
0.155644 -0.151691 -0.200096 -0.121658
0.155675 -0.15166 -0.20007 -0.121704
0.155593 -0.15163 -0.200148 -0.121597
0.155593 -0.15163 -0.200148 -0.121597
0.155629 -0.151594 -0.200074 -0.121573
0.155446 -0.151451 -0.200165 -0.12145
0.155446 -0.151451 -0.2003 -0.121415
0.15535 -0.151334 -0.2004 -0.121296
0.15535 -0.151334 -0.2004 -0.121296
0.155257 -0.151215 -0.200497 -0.121177
0.155257 -0.151215 -0.200497 -0.121177
0.155167 -0.151097 -0.200591 -0.12106
0.155167 -0.151097 -0.200591 -0.12106
0.15508 -0.15098 -0.200683 -0.120944
0.15508 -0.15098 -0.200683 -0.120944
0.154997 -0.150863 -0.200771 -0.120827
0.154997 -0.150863 -0.200771 -0.120827
0.154957 -0.150804 -0.200881 -0.120864
0.154893 -0.15067 -0.200967 -0.120751
0.154881 -0.150688 -0.200895 -0.120648
0.15474 -0.150454 -0.201047 -0.120417
0.1548 -0.150396 -0.200999 -0.120504
0.154708 -0.150397 -0.201081 -0.120363
0.154651 -0.150288 -0.201144 -0.120254
0.154641 -0.150214 -0.201097 -0.120339
0.154625 -0.150235 -0.201172 -0.1202
0.154617 -0.150025 -0.2012 -0.120128
0.154617 -0.150025 -0.2012 -0.120128
0.154545 -0.149907 -0.201201 -0.119894
0.154495 -0.149892 -0.201321 -0.119861
0.154484 -0.149849 -0.201334 -0.119815
0.154522 -0.14982 -0.201408 -0.119862
0.154476 -0.149807 -0.201345 -0.119772
0.154454 -0.149641 -0.201509 -0.119789
0.154453 -0.149601 -0.201381 -0.119562
0.154455 -0.149523 -0.201268 -0.119517
0.154515 -0.149466 -0.201336 -0.119573
0.154458 -0.149486 -0.201383 -0.119448
0.154502 -0.149421 -0.201377 -0.119373
0.154565 -0.149361 -0.201327 -0.119464
0.154478 -0.149376 -0.201372 -0.119336
0.154487 -0.149341 -0.201365 -0.119302
0.154509 -0.14927 -0.201349 -0.119225
0.154509 -0.14927 -0.201349 -0.119225
0.154594 -0.149165 -0.201282 -0.119295
0.154535 -0.149198 -0.201332 -0.119154
0.15455 -0.149162 -0.201323 -0.11912
0.154617 -0.149044 -0.201302 -0.119048
0.154582 -0.149091 -0.201302 -0.119048
0.154619 -0.149019 -0.201225 -0.119133
0.154683 -0.148911 -0.201225 -0.118871
0.154707 -0.148876 -0.201205 -0.11884
0.154707 -0.148876 -0.201205 -0.11884
0.154819 -0.148761 -0.201114 -0.118934
0.154819 -0.148761 -0.201114 -0.118934
0.154862 -0.148726 -0.200951 -0.119157
0.154849 -0.148723 -0.201081 -0.118692
0.154882 -0.148696 -0.201052 -0.118663
0.154882 -0.148696 -0.201052 -0.118663
0.154959 -0.148649 -0.200992 -0.118604
0.154951 -0.148647 -0.200992 -0.118604
0.154987 -0.148621 -0.20096 -0.118578
0.15516 -0.148475 -0.200816 -0.118673
0.15516 -0.148475 -0.200953 -0.118635
0.155098 -0.148546 -0.200862 -0.118503
0.15524 -0.148422 -0.200792 -0.118457
0.15524 -0.148422 -0.200792 -0.118457
0.155515 -0.148226 -0.200556 -0.118534
0.155515 -0.148226 -0.200556 -0.118534
0.155828 -0.147925 -0.200305 -0.11899
0.15569 -0.148168 -0.200267 -0.11851
0.155587 -0.14834 -0.200508 -0.118441
0.155587 -0.14834 -0.200422 -0.118316
0.155812 -0.14823 -0.200244 -0.118447
0.155747 -0.148318 -0.200157 -0.118318
0.155747 -0.148318 -0.200276 -0.118285
0.155857 -0.148306 -0.200176 -0.118269
0.155857 -0.148306 -0.200176 -0.118269
0.155968 -0.148296 -0.200075 -0.118257
0.156024 -0.148291 -0.199984 -0.118422
0.156196 -0.148278 -0.199869 -0.11824
0.156196 -0.148278 -0.199869 -0.11824
0.156437 -0.148269 -0.199648 -0.118252
0.156437 -0.148269 -0.199648 -0.118252
0.156565 -0.148283 -0.199531 -0.118264
0.156677 -0.148172 -0.199441 -0.118428
0.15671 -0.14818 -0.199471 -0.118267
0.156762 -0.148313 -0.199232 -0.118314
0.156762 -0.148313 -0.199351 -0.118281
0.156894 -0.148335 -0.19923 -0.118303
0.157015 -0.148216 -0.199133 -0.118479
0.157015 -0.148216 -0.199169 -0.118314
0.157493 -0.14831 -0.198818 -0.118566
0.157436 -0.148453 -0.198736 -0.118439
0.157579 -0.148497 -0.198686 -0.118609
0.157579 -0.148497 -0.198605 -0.118484
0.157798 -0.148572 -0.198403 -0.118562
0.157798 -0.148572 -0.198403 -0.118562
0.157798 -0.148572 -0.198403 -0.118562
0.158023 -0.148661 -0.198196 -0.11865
0.158023 -0.148661 -0.198196 -0.11865
0.158043 -0.148678 -0.198105 -0.118814
0.158214 -0.148577 -0.198034 -0.118841
0.158214 -0.148577 -0.198034 -0.118841
0.158373 -0.148634 -0.197891 -0.118907
0.158268 -0.14878 -0.197891 -0.118907
0.158419 -0.148845 -0.197766 -0.118976
0.158471 -0.148856 -0.197817 -0.118817
0.158568 -0.148911 -0.197709 -0.11888
0.158762 -0.148783 -0.197596 -0.119085
0.158919 -0.149064 -0.197475 -0.119026
0.158919 -0.149064 -0.197475 -0.119026
0.159071 -0.149143 -0.197338 -0.119113
0.159071 -0.149143 -0.197338 -0.119113
0.159226 -0.149233 -0.197198 -0.119205
0.159379 -0.149082 -0.197075 -0.119423
0.159305 -0.149282 -0.197127 -0.119251
0.160107 -0.149574 -0.196417 -0.119925
0.160044 -0.149783 -0.196457 -0.119782
0.160138 -0.149898 -0.196264 -0.120051
0.16022 -0.149916 -0.196297 -0.119915
0.160399 -0.150056 -0.196042 -0.120075
0.160399 -0.150056 -0.196134 -0.120051
0.160715 -0.150008 -0.195879 -0.120211
0.16058 -0.1502 -0.195969 -0.120187
0.160675 -0.150324 -0.195776 -0.12045
0.160675 -0.150324 -0.195713 -0.120349
0.160853 -0.150473 -0.195609 -0.120596
0.16094 -0.150491 -0.195644 -0.120459
0.161181 -0.150411 -0.195442 -0.120743
0.161118 -0.150636 -0.195485 -0.1206
0.161296 -0.150784 -0.195331 -0.120744
0.161296 -0.150783 -0.195331 -0.120744
0.161474 -0.150929 -0.195176 -0.12089
0.161474 -0.150929 -0.195176 -0.12089
0.161654 -0.151082 -0.195019 -0.12104
0.161654 -0.151082 -0.195019 -0.12104
0.161744 -0.151161 -0.194939 -0.121117
0.162196 -0.151153 -0.194776 -0.121496
0.162196 -0.151153 -0.194776 -0.121496
0.1624 -0.151748 -0.194353 -0.121719
0.16259 -0.15156 -0.194201 -0.121982
0.162499 -0.151841 -0.194265 -0.121813
0.162596 -0.152018 -0.194163 -0.122137
0.162701 -0.152038 -0.194084 -0.122006
0.162907 -0.152241 -0.19376 -0.122242
0.162907 -0.152241 -0.1939 -0.122206
0.163316 -0.15217 -0.193712 -0.122416
0.163118 -0.152456 -0.193712 -0.122416
0.163544 -0.152385 -0.19352 -0.122636
0.163335 -0.152686 -0.19352 -0.122636
0.163999 -0.152951 -0.192946 -0.123417
0.163999 -0.152951 -0.192946 -0.123417
0.163801 -0.153625 -0.193084 -0.123092
0.163801 -0.153625 -0.193084 -0.123092
0.164382 -0.153809 -0.192528 -0.123938
0.16459 -0.153606 -0.19236 -0.124223
0.164507 -0.153945 -0.192472 -0.123928
0.16476 -0.154237 -0.192318 -0.124323
0.164745 -0.154359 -0.192133 -0.124339
0.164888 -0.154382 -0.192133 -0.124339
0.165 -0.154657 -0.191902 -0.124625
0.165148 -0.154681 -0.191902 -0.124625
0.165411 -0.154977 -0.191668 -0.124926
0.165652 -0.154738 -0.191473 -0.125249
0.165652 -0.154738 -0.191474 -0.125256
0.165955 -0.155598 -0.191186 -0.125546
0.165955 -0.155598 -0.191186 -0.125546
0.16636 -0.155368 -0.190979 -0.125886
0.166095 -0.155756 -0.191062 -0.125708
0.166958 -0.156013 -0.190459 -0.12656
0.166675 -0.156428 -0.190549 -0.126374
0.167272 -0.156347 -0.190192 -0.126917
0.166978 -0.156779 -0.19028 -0.126729
0.16729 -0.157145 -0.190004 -0.127096
0.16729 -0.157145 -0.190004 -0.127096
0.16745 -0.157327 -0.189862 -0.127282
0.167901 -0.157231 -0.189484 -0.12785
0.168091 -0.157256 -0.189574 -0.127661
0.16824 -0.157615 -0.189102 -0.128097
0.16811 -0.158116 -0.189102 -0.128097
0.168789 -0.158037 -0.188795 -0.128508
0.168454 -0.158528 -0.188976 -0.128466
0.169153 -0.158447 -0.188563 -0.129087
0.168808 -0.158954 -0.188664 -0.12889
0.169172 -0.159395 -0.188343 -0.129333
0.169711 -0.159096 -0.188179 -0.129559
0.169329 -0.159818 -0.187909 -0.129983
0.169547 -0.159844 -0.188012 -0.129788
0.169934 -0.160314 -0.187671 -0.130257
0.169934 -0.160314 -0.187671 -0.130257
0.170333 -0.160799 -0.187321 -0.13074
0.170333 -0.160799 -0.187321 -0.13074
0.170743 -0.161299 -0.186959 -0.13124
0.170743 -0.161299 -0.186959 -0.13124
0.171167 -0.161814 -0.186586 -0.131756
0.171534 -0.161452 -0.186287 -0.132213
0.171383 -0.162077 -0.186396 -0.132016
0.171555 -0.162595 -0.186006 -0.132552
0.171827 -0.162623 -0.186006 -0.132552
0.17295 -0.16281 -0.185284 -0.13359
0.173343 -0.162421 -0.184997 -0.133717
0.173343 -0.162421 -0.184997 -0.133717
0.173343 -0.162421 -0.184997 -0.133717
0.173627 -0.163905 -0.184444 -0.134743
0.173475 -0.164601 -0.184556 -0.134547
0.173723 -0.164895 -0.184224 -0.135041
0.173723 -0.164895 -0.184338 -0.134845
0.174395 -0.164789 -0.183895 -0.135445
0.174229 -0.165522 -0.183895 -0.135445
0.174432 -0.166116 -0.183442 -0.136066
0.174744 -0.16614 -0.183441 -0.136075
0.175005 -0.166458 -0.183212 -0.136394
0.175727 -0.16633 -0.182746 -0.137043
0.175207 -0.167091 -0.182746 -0.137043
0.176085 -0.167773 -0.182267 -0.137714
0.176085 -0.167773 -0.182267 -0.137714
0.176645 -0.168457 -0.181777 -0.138399
0.177478 -0.168004 -0.181528 -0.138748
0.17722 -0.169148 -0.181128 -0.139312
0.177709 -0.168668 -0.180871 -0.139673
0.177513 -0.169511 -0.181018 -0.139458
0.178693 -0.169399 -0.180498 -0.140179
0.178693 -0.169399 -0.180498 -0.140179
0.179319 -0.170122 -0.179964 -0.140925
0.179319 -0.170122 -0.179964 -0.140925
0.180267 -0.171239 -0.178987 -0.14228
0.179668 -0.172112 -0.179137 -0.142081
0.180188 -0.171601 -0.178706 -0.142668
0.179582 -0.172481 -0.17893 -0.142627
0.18166 -0.174471 -0.17747 -0.144602
0.18166 -0.174473 -0.177399 -0.144451
0.182351 -0.175267 -0.176796 -0.145257
0.182351 -0.175267 -0.176796 -0.145257
0.183233 -0.175138 -0.176183 -0.146061
0.183053 -0.17607 -0.176183 -0.146061
0.184398 -0.175948 -0.175431 -0.147038
0.183764 -0.176863 -0.175564 -0.146859
0.184482 -0.177665 -0.175004 -0.1478
0.184482 -0.177665 -0.174939 -0.147653
0.184727 -0.178473 -0.174171 -0.148628
0.185276 -0.177938 -0.173712 -0.14921
0.184625 -0.178864 -0.173582 -0.148903
0.187041 -0.18043 -0.17271 -0.150433
0.187041 -0.18043 -0.17271 -0.150433
0.187041 -0.18043 -0.17271 -0.150433
0.187041 -0.18043 -0.17271 -0.150433
0.187786 -0.181183 -0.17206 -0.151201
0.188523 -0.181966 -0.171412 -0.151944
0.189073 -0.18143 -0.170948 -0.152515
0.189847 -0.182187 -0.1703 -0.153296
0.189847 -0.182187 -0.1703 -0.153296
0.190601 -0.182936 -0.169668 -0.154067
0.190601 -0.182936 -0.169668 -0.154067
0.190763 -0.184265 -0.169508 -0.154245
0.192243 -0.184048 -0.168927 -0.155204
0.191518 -0.185065 -0.168853 -0.155019
0.191772 -0.185876 -0.168192 -0.155809
0.192277 -0.185856 -0.168192 -0.155809
0.193043 -0.186651 -0.167524 -0.156615
0.194213 -0.187884 -0.166505 -0.157866
0.194092 -0.188314 -0.165948 -0.158506
0.194607 -0.188287 -0.16616 -0.158291
0.195405 -0.189128 -0.165465 -0.159142
0.195405 -0.189128 -0.165465 -0.159142
0.196212 -0.189999 -0.164765 -0.160001
0.196864 -0.189365 -0.164213 -0.160622
0.196616 -0.190421 -0.164413 -0.160438
0.19683 -0.191391 -0.163431 -0.161346
0.197437 -0.19135 -0.163705 -0.161317
0.198261 -0.192273 -0.162993 -0.162229
0.198967 -0.191587 -0.16269 -0.162851
0.198674 -0.19273 -0.162634 -0.162698
0.199511 -0.193702 -0.161911 -0.163654
0.199309 -0.194231 -0.161545 -0.164146
0.200355 -0.194673 -0.161231 -0.164792
0.200126 -0.195235 -0.160483 -0.165188
0.200782 -0.195178 -0.160808 -0.16515
0.201213 -0.195691 -0.160436 -0.165662
0.20244 -0.195441 -0.159683 -0.16671
0.202086 -0.196766 -0.159683 -0.16671
0.202969 -0.197838 -0.158918 -0.167803
0.204528 -0.196961 -0.158576 -0.168488
0.203418 -0.198394 -0.158531 -0.168361
0.204331 -0.199556 -0.157372 -0.169543
0.204792 -0.200127 -0.157346 -0.170092
0.205259 -0.200718 -0.156942 -0.170688
0.205731 -0.201321 -0.156535 -0.171292
0.205357 -0.202032 -0.155783 -0.172047
0.206208 -0.201934 -0.155783 -0.172047
0.208582 -0.202955 -0.154464 -0.174518
0.209066 -0.203581 -0.153667 -0.175197
0.208661 -0.205061 -0.15401 -0.175096
0.209668 -0.206361 -0.153147 -0.176387
0.210567 -0.205498 -0.152716 -0.177034
0.210171 -0.206994 -0.152715 -0.177036
0.211184 -0.20828 -0.151848 -0.178327
0.210657 -0.209073 -0.151062 -0.179004
0.211692 -0.208929 -0.151415 -0.178971
0.213111 -0.208692 -0.150199 -0.180334
0.213111 -0.208692 -0.150199 -0.180334
0.214246 -0.212168 -0.149254 -0.182241
0.214246 -0.21217 -0.149237 -0.182196
0.214246 -0.21217 -0.149237 -0.182196
0.214756 -0.212794 -0.148814 -0.182879
0.216197 -0.21252 -0.147521 -0.184158
0.216197 -0.21252 -0.147521 -0.184158
0.218837 -0.212067 -0.14664 -0.185511
0.216797 -0.215412 -0.147046 -0.18541
0.219902 -0.213315 -0.145323 -0.186843
0.218284 -0.21728 -0.145728 -0.187345
0.219263 -0.216343 -0.144883 -0.18807
0.218703 -0.217762 -0.144871 -0.18802
0.220063 -0.217244 -0.144441 -0.189281
0.21943 -0.218738 -0.14442 -0.18922
0.220016 -0.219808 -0.143567 -0.190513
0.220027 -0.219858 -0.143546 -0.190452
0.220556 -0.220779 -0.142251 -0.191699
0.220556 -0.220779 -0.14268 -0.191661
0.221783 -0.220283 -0.141415 -0.19294
0.221571 -0.222024 -0.140578 -0.194095
0.221571 -0.222024 -0.140578 -0.194095
0.221857 -0.222245 -0.140555 -0.19461
0.221857 -0.222245 -0.140555 -0.19461
0.223323 -0.221601 -0.138938 -0.196388
0.223323 -0.221601 -0.138952 -0.196367
0.223574 -0.221694 -0.138534 -0.196949
0.222932 -0.222542 -0.138907 -0.196909
0.224058 -0.221705 -0.137728 -0.198068
0.224054 -0.22169 -0.138124 -0.198026
0.224463 -0.221775 -0.137361 -0.199135
0.223773 -0.222673 -0.137367 -0.199125
0.223885 -0.222658 -0.136623 -0.200226
0.224156 -0.2226 -0.136623 -0.200225
0.22547 -0.221669 -0.13448 -0.203413
0.22547 -0.221669 -0.13448 -0.203413
0.228968 -0.218382 -0.131132 -0.207246
0.228957 -0.218352 -0.131132 -0.207246
0.229782 -0.217517 -0.130245 -0.208147
0.229375 -0.217867 -0.130474 -0.208125
0.230046 -0.217423 -0.130039 -0.208568
0.231029 -0.216684 -0.129231 -0.209439
0.231029 -0.216684 -0.129231 -0.209439
0.23202 -0.215925 -0.128481 -0.210287
0.23202 -0.215925 -0.128481 -0.210287
0.232986 -0.21527 -0.127444 -0.211159
0.232986 -0.21527 -0.12774 -0.211125
0.234364 -0.214185 -0.127006 -0.211954
0.234363 -0.214183 -0.127008 -0.211952
0.234797 -0.213939 -0.126287 -0.21277
0.235635 -0.213286 -0.125579 -0.21358
0.235903 -0.212975 -0.12523 -0.213979
0.237106 -0.211851 -0.12422 -0.214806
0.236718 -0.212239 -0.124538 -0.214768
0.237902 -0.211149 -0.123532 -0.215586
0.238051 -0.211106 -0.123861 -0.215547
0.238663 -0.210462 -0.122859 -0.216364
0.238663 -0.210462 -0.122859 -0.216364
0.239399 -0.209768 -0.122196 -0.217137
0.239399 -0.209768 -0.122196 -0.217137
0.240043 -0.209057 -0.121558 -0.217895
0.239812 -0.209354 -0.121909 -0.21785
0.240511 -0.208588 -0.121288 -0.218598
0.240511 -0.208588 -0.121288 -0.218598
0.241166 -0.20782 -0.120681 -0.219343
0.241196 -0.207816 -0.120681 -0.219343
0.242201 -0.206695 -0.120092 -0.220084
0.242201 -0.206695 -0.120092 -0.220083
0.242824 -0.205902 -0.119113 -0.220872
0.242523 -0.206201 -0.119113 -0.220872
0.242852 -0.205765 -0.119241 -0.221182
0.243221 -0.205309 -0.118546 -0.221602
0.243509 -0.204874 -0.118694 -0.221904
0.244239 -0.203929 -0.118162 -0.222616
0.244176 -0.203951 -0.118162 -0.222616
0.245146 -0.202743 -0.117641 -0.223314
0.244861 -0.202997 -0.117641 -0.223314
0.245211 -0.202511 -0.117384 -0.223658
0.246282 -0.200976 -0.11663 -0.224676
0.246887 -0.200264 -0.115953 -0.225071
0.247427 -0.199363 -0.115889 -0.225639
0.247427 -0.199363 -0.115889 -0.225639
0.248273 -0.198253 -0.115398 -0.226283
0.248221 -0.198272 -0.115398 -0.226283
0.249006 -0.197191 -0.114925 -0.226966
0.249542 -0.196537 -0.114307 -0.227317
0.249488 -0.196554 -0.114307 -0.227317
0.249776 -0.196054 -0.114476 -0.227665
0.250538 -0.194862 -0.11405 -0.228389
0.251048 -0.19423 -0.113449 -0.228726
0.250919 -0.194272 -0.113845 -0.228762
0.251675 -0.193108 -0.113098 -0.229595
0.251675 -0.193108 -0.113453 -0.22953
0.252542 -0.191909 -0.113034 -0.230185
0.252413 -0.191957 -0.113084 -0.230322
0.253128 -0.190814 -0.11274 -0.231141
0.253128 -0.190814 -0.11274 -0.231141
0.253476 -0.190245 -0.112585 -0.231553
0.253818 -0.189679 -0.112422 -0.231984
0.254959 -0.187918 -0.111529 -0.233177
0.254959 -0.187918 -0.111529 -0.233177
0.254959 -0.187918 -0.111529 -0.233177
0.255435 -0.186877 -0.111743 -0.234208
0.255909 -0.186258 -0.111149 -0.234527
0.255745 -0.186326 -0.111627 -0.234669
0.256342 -0.185232 -0.111303 -0.235376
0.256343 -0.185233 -0.111412 -0.235614
0.256895 -0.18415 -0.111108 -0.23633
0.256903 -0.184144 -0.111223 -0.236584
0.257642 -0.18297 -0.110529 -0.237401
0.257686 -0.182485 -0.110992 -0.238087
0.257686 -0.182485 -0.110992 -0.238087
0.25794 -0.181924 -0.110928 -0.238601
0.25794 -0.181924 -0.110928 -0.238601
0.259224 -0.179496 -0.110179 -0.240496
0.258957 -0.179617 -0.110746 -0.240722
0.258957 -0.179617 -0.110746 -0.240722
0.259475 -0.178452 -0.110695 -0.24182
0.259475 -0.178452 -0.110695 -0.24182
0.26 -0.177228 -0.110671 -0.242944
0.260268 -0.176604 -0.110668 -0.243514
0.260699 -0.175992 -0.110073 -0.243819
0.260543 -0.175991 -0.110072 -0.243819
0.261101 -0.174714 -0.1107 -0.245264
0.261101 -0.174714 -0.1107 -0.245264
0.261385 -0.174062 -0.110723 -0.245859
0.26197 -0.172764 -0.110788 -0.247067
0.262385 -0.172157 -0.110192 -0.247368
0.262532 -0.171969 -0.110188 -0.24737
0.262978 -0.170801 -0.110278 -0.248597
0.262866 -0.170706 -0.110273 -0.248601
0.263582 -0.169396 -0.110392 -0.249848
0.263481 -0.169293 -0.111064 -0.25018
0.264203 -0.167973 -0.111221 -0.251462
0.264115 -0.167857 -0.111221 -0.251462
0.264767 -0.166392 -0.111402 -0.252765
0.264767 -0.166392 -0.111402 -0.252765
0.265439 -0.164923 -0.111608 -0.254087
0.265439 -0.164923 -0.111608 -0.254087
0.266124 -0.163422 -0.111838 -0.255429
0.26682 -0.161893 -0.112091 -0.256789
0.26682 -0.161893 -0.112091 -0.256789
0.267191 -0.161301 -0.1115 -0.257079
0.267177 -0.161142 -0.112226 -0.257476
0.267679 -0.159923 -0.112511 -0.258857
0.267896 -0.159609 -0.112511 -0.258857
0.268843 -0.15789 -0.112819 -0.260253
0.268843 -0.15789 -0.112819 -0.260253
0.269331 -0.156415 -0.113149 -0.261662
0.269684 -0.155828 -0.112557 -0.261949
0.269692 -0.155607 -0.113322 -0.262371
0.270405 -0.154231 -0.112908 -0.26337
0.270416 -0.153975 -0.113684 -0.263794
0.271387 -0.152145 -0.113647 -0.264666
0.271135 -0.152285 -0.114067 -0.265232
0.271836 -0.150866 -0.113672 -0.26624
0.271836 -0.150866 -0.113672 -0.26624
0.274116 -0.145872 -0.115778 -0.27105
0.274598 -0.145029 -0.115705 -0.271901
0.274488 -0.145091 -0.116008 -0.271782
0.275205 -0.143457 -0.115992 -0.272655
0.275487 -0.142937 -0.115941 -0.273497
0.275487 -0.142937 -0.115941 -0.273497
0.276991 -0.139723 -0.116163 -0.27592
0.276964 -0.139516 -0.117695 -0.276873
0.277773 -0.137894 -0.117938 -0.278417
0.277637 -0.137978 -0.118196 -0.278308
0.277964 -0.137207 -0.11845 -0.27902
0.278593 -0.135639 -0.118965 -0.280436
0.278593 -0.135639 -0.118965 -0.280436
0.279513 -0.133348 -0.119751 -0.28253
0.27981 -0.132581 -0.120017 -0.283218
0.280192 -0.131474 -0.120555 -0.284583
0.280397 -0.131085 -0.120553 -0.284584
0.280952 -0.129554 -0.120339 -0.285488
0.280953 -0.129555 -0.1211 -0.28593
0.281488 -0.128006 -0.120895 -0.286821
0.281489 -0.128007 -0.121654 -0.287253
0.281967 -0.126788 -0.121982 -0.288665
0.282012 -0.126444 -0.122216 -0.288558
0.282531 -0.124887 -0.122786 -0.289845
0.282733 -0.124444 -0.122314 -0.290068
0.282734 -0.124444 -0.122543 -0.289961
0.283037 -0.123049 -0.12312 -0.291226
0.283287 -0.122524 -0.123123 -0.291225
0.283776 -0.120906 -0.124243 -0.292981
0.283962 -0.120484 -0.12379 -0.293195
0.284023 -0.120106 -0.12454 -0.293597
0.284512 -0.118497 -0.125138 -0.294815
0.284512 -0.118497 -0.125138 -0.294815
0.284985 -0.116845 -0.125748 -0.296023
0.284985 -0.116845 -0.125748 -0.296023
0.285461 -0.115212 -0.126366 -0.297221
0.28586 -0.114273 -0.126133 -0.297328
0.285696 -0.11439 -0.126679 -0.297817
0.285935 -0.113339 -0.126596 -0.298594
0.285935 -0.113339 -0.126596 -0.298594
0.287827 -0.107626 -0.129574 -0.303041
0.287827 -0.107626 -0.129574 -0.303041
0.288042 -0.106931 -0.129901 -0.30361
0.288042 -0.106931 -0.129901 -0.30361
0.288381 -0.105729 -0.130237 -0.304884
0.288381 -0.105729 -0.130237 -0.304884
0.288854 -0.104288 -0.131218 -0.30583
0.288946 -0.103456 -0.131829 -0.306977
0.289255 -0.102627 -0.131609 -0.307079
0.289255 -0.102627 -0.131609 -0.307079
0.289291 -0.102025 -0.132518 -0.308069
0.290162 -0.0989568 -0.133964 -0.310208
0.290162 -0.0989568 -0.133964 -0.310208
0.290285 -0.0983454 -0.134319 -0.310749
0.29047 -0.0970785 -0.134833 -0.311909
0.29047 -0.0970785 -0.134833 -0.311909
0.29047 -0.0970785 -0.134833 -0.311909
0.290699 -0.0954061 -0.136123 -0.313428
0.29075 -0.0952543 -0.136543 -0.313949
0.29075 -0.0952543 -0.136543 -0.313949
0.291039 -0.0929501 -0.137622 -0.315601
0.291039 -0.0929501 -0.137622 -0.315601
0.291039 -0.0929501 -0.137622 -0.315601
0.291207 -0.0917857 -0.138392 -0.316693
0.291235 -0.0916966 -0.138293 -0.31674
0.291274 -0.0911866 -0.138785 -0.317256
0.291383 -0.0899645 -0.139587 -0.31839
0.291399 -0.089914 -0.139532 -0.318417
0.291597 -0.0892452 -0.140167 -0.318866
0.291505 -0.0887821 -0.140382 -0.319554
0.291707 -0.0880848 -0.141044 -0.320017
0.29179 -0.0869441 -0.141939 -0.321202
0.291623 -0.0870811 -0.141688 -0.321343
0.291878 -0.0848895 -0.143063 -0.323188
0.291777 -0.0849698 -0.143474 -0.323842
0.291977 -0.0839989 -0.144399 -0.325133
0.291874 -0.0840859 -0.144399 -0.325133
0.291772 -0.0837917 -0.145352 -0.326471
0.291925 -0.0832081 -0.145352 -0.326471
0.29194 -0.0823454 -0.145546 -0.327322
0.291941 -0.082346 -0.146333 -0.327842
0.292076 -0.0813657 -0.147344 -0.329248
0.29193 -0.0814896 -0.147344 -0.329248
0.291901 -0.0806393 -0.148386 -0.330697
0.291901 -0.0806393 -0.148386 -0.330697
0.291701 -0.0804506 -0.149459 -0.33219
0.291859 -0.0797959 -0.149459 -0.33219
0.291809 -0.0789609 -0.150564 -0.333727
0.291929 -0.0784196 -0.151643 -0.334221
0.291781 -0.0785471 -0.151129 -0.334514
0.291535 -0.0784429 -0.152284 -0.336138
0.291535 -0.0784429 -0.152284 -0.336138
0.291621 -0.0774616 -0.15309 -0.336849
0.291626 -0.0768562 -0.153474 -0.337808
0.291537 -0.0766617 -0.154329 -0.338531
0.291699 -0.0759192 -0.154329 -0.338531
0.291451 -0.0758918 -0.155604 -0.340272
0.291241 -0.0762523 -0.155894 -0.340126
0.291241 -0.0762523 -0.155894 -0.340126
0.291394 -0.0742698 -0.157904 -0.344057
0.291394 -0.0742698 -0.157904 -0.344057
0.29135 -0.0739331 -0.158569 -0.345023
0.29123 -0.0732394 -0.159925 -0.346983
0.291158 -0.0728881 -0.160618 -0.347974
0.291094 -0.0725631 -0.160994 -0.347783
0.291094 -0.0725631 -0.161316 -0.348982
0.290962 -0.0726149 -0.162437 -0.349778
0.290971 -0.0719715 -0.161442 -0.350336
0.290798 -0.0713535 -0.164214 -0.353198
0.290701 -0.071724 -0.164961 -0.354279
0.290842 -0.0709654 -0.164961 -0.354279
0.290542 -0.0712117 -0.166205 -0.355133
0.290542 -0.0712117 -0.166205 -0.355133
0.290411 -0.0702088 -0.166597 -0.358016
0.290411 -0.0702088 -0.168031 -0.358765
0.290201 -0.0704186 -0.169371 -0.359655
0.290201 -0.0704186 -0.170881 -0.360416
0.289947 -0.0699752 -0.171018 -0.362014
0.289936 -0.069299 -0.171242 -0.363528
0.289694 -0.0689355 -0.172901 -0.366017
0.289694 -0.0689355 -0.172901 -0.366017
0.289564 -0.0685695 -0.176089 -0.367706
0.289457 -0.0686624 -0.174594 -0.368534
0.289198 -0.069098 -0.176178 -0.369449
0.289204 -0.0684546 -0.17632 -0.371133
0.289067 -0.0683677 -0.177194 -0.372456
0.288775 -0.0688872 -0.178968 -0.375147
0.288776 -0.0688875 -0.178968 -0.375147
0.288446 -0.068121 -0.180771 -0.377868
0.288446 -0.068121 -0.180771 -0.377868
0.288124 -0.0681173 -0.182601 -0.380684
0.288124 -0.0681173 -0.182601 -0.380684
0.287776 -0.0681596 -0.18446 -0.383537
0.28742 -0.0688926 -0.186361 -0.384481
0.287421 -0.0682889 -0.186345 -0.386413
0.287421 -0.0682889 -0.186345 -0.386413
0.287149 -0.0690682 -0.187319 -0.385902
0.287069 -0.069124 -0.188309 -0.387335
0.285634 -0.0727229 -0.182277 -0.392346
0.285634 -0.0727229 -0.182277 -0.392346
0.284985 -0.0726304 -0.189608 -0.400499
0.284985 -0.0726304 -0.189608 -0.400499
0.285162 -0.0711238 -0.18883 -0.400854
0.283449 -0.0740855 -0.20837 -0.410083
0.283449 -0.0740855 -0.20837 -0.410083
0.283289 -0.0746757 -0.209532 -0.41083
0.282895 -0.0756501 -0.211584 -0.411044
0.282797 -0.0757262 -0.213496 -0.411565
0.282704 -0.074863 -0.213912 -0.412839
0.282683 -0.0744031 -0.213962 -0.414519
0.282285 -0.0753523 -0.216045 -0.414999
0.282371 -0.0747719 -0.21592 -0.416833
0.281858 -0.075833 -0.217932 -0.417382
0.281848 -0.0752939 -0.217544 -0.419235
0.281634 -0.0755205 -0.21817 -0.420355
0.281403 -0.0757271 -0.218724 -0.421498
0.280935 -0.0761626 -0.220407 -0.421885
0.280932 -0.0761602 -0.219573 -0.423691
0.280571 -0.0764995 -0.220185 -0.425852
0.280439 -0.0765999 -0.220184 -0.425853
0.279809 -0.0777463 -0.223359 -0.426559
0.279922 -0.0770414 -0.220608 -0.427965
0.27938 -0.0774759 -0.222045 -0.428265
0.278982 -0.0778323 -0.220935 -0.43184
0.278982 -0.0778328 -0.220925 -0.431846
0.278841 -0.0779375 -0.220925 -0.431846
0.278313 -0.0784325 -0.222843 -0.432101
0.278313 -0.0784325 -0.220554 -0.433218
0.278034 -0.0786407 -0.220073 -0.433727
0.27745 -0.0790248 -0.21901 -0.434997
0.277036 -0.0800029 -0.218423 -0.435727
0.277161 -0.0792322 -0.218439 -0.435715
0.276754 -0.0796116 -0.219224 -0.43558
0.276603 -0.079717 -0.219884 -0.435736
0.276041 -0.0808289 -0.217925 -0.436881
0.275999 -0.0801457 -0.215815 -0.438366
0.275697 -0.08037 -0.215131 -0.439034
0.275385 -0.0805793 -0.214441 -0.439713
0.275082 -0.0808115 -0.213729 -0.440331
0.274461 -0.0812555 -0.212323 -0.441551
0.274461 -0.0812555 -0.212323 -0.441551
0.274018 -0.0815686 -0.213054 -0.441373
0.273837 -0.0816994 -0.210958 -0.442639
0.273258 -0.0827568 -0.211729 -0.442434
0.27307 -0.0828923 -0.209679 -0.443693
0.272581 -0.0825004 -0.208416 -0.444613
0.272581 -0.0825004 -0.208416 -0.444613
0.271446 -0.0834746 -0.206093 -0.445873
0.271205 -0.0842265 -0.207373 -0.445238
0.271166 -0.0837319 -0.205632 -0.44612
0.27058 -0.0841463 -0.204864 -0.44661
0.27058 -0.0841463 -0.204864 -0.44661
0.270164 -0.084266 -0.203717 -0.446988
0.269406 -0.0846408 -0.20347 -0.44754
0.26917 -0.0853625 -0.204715 -0.446933
0.269152 -0.084793 -0.203098 -0.447689
0.269152 -0.084793 -0.203098 -0.447689
0.268142 -0.0852774 -0.201739 -0.448044
0.267912 -0.0859683 -0.202938 -0.447464
0.267909 -0.0854159 -0.201435 -0.44811
0.267441 -0.0862404 -0.202355 -0.447573
0.267308 -0.0863233 -0.202662 -0.447662
0.266944 -0.0864014 -0.201747 -0.447749
0.266928 -0.0857446 -0.200174 -0.448392
0.266685 -0.0858044 -0.19979 -0.448421
0.266568 -0.0857624 -0.199362 -0.448449
0.265735 -0.0860316 -0.19792 -0.448404
0.265497 -0.0867344 -0.199152 -0.447819
0.265511 -0.0861302 -0.197418 -0.448351
0.265509 -0.086127 -0.197418 -0.448351
0.265166 -0.0862835 -0.196385 -0.448216
0.265056 -0.0863498 -0.196419 -0.448228
0.264393 -0.0872087 -0.197155 -0.447598
0.264283 -0.0870954 -0.196575 -0.447533
0.264263 -0.0863801 -0.194694 -0.448039
0.263759 -0.0871318 -0.195323 -0.447326
0.263759 -0.0871318 -0.195323 -0.447326
0.25991 -0.090784 -0.188818 -0.443533
0.259885 -0.0904871 -0.188818 -0.443533
0.259516 -0.0911188 -0.189512 -0.442936
0.259345 -0.0915859 -0.190343 -0.442552
0.259318 -0.0913737 -0.189865 -0.442644
0.25893 -0.0920731 -0.191067 -0.441949
0.258484 -0.0923415 -0.19082 -0.441401
0.258468 -0.0919373 -0.19082 -0.441401
0.258272 -0.0924528 -0.191744 -0.440973
0.258275 -0.0920659 -0.190928 -0.441066
0.257873 -0.0927091 -0.191958 -0.440271
0.257865 -0.0921896 -0.191744 -0.440182
0.257442 -0.0921957 -0.191895 -0.439517
0.257439 -0.0921908 -0.190654 -0.439616
0.257003 -0.0927992 -0.189988 -0.438828
0.256909 -0.0928491 -0.189988 -0.438828
0.256612 -0.0921737 -0.189444 -0.438181
0.256612 -0.0921737 -0.189031 -0.438001
0.256404 -0.0921817 -0.188461 -0.437564
0.256186 -0.09217 -0.187807 -0.437095
0.25597 -0.0921816 -0.187108 -0.43662
0.25552 -0.0921947 -0.18611 -0.435885
0.25552 -0.0921947 -0.185546 -0.435625
0.255039 -0.0929059 -0.185918 -0.434571
0.255162 -0.0921841 -0.185303 -0.434283
0.254813 -0.0922671 -0.182953 -0.434047
0.254425 -0.0922468 -0.181069 -0.432901
0.254313 -0.0923043 -0.181069 -0.432901
0.253813 -0.0924025 -0.179163 -0.431712
0.253813 -0.0924025 -0.179163 -0.431712
0.253675 -0.092394 -0.178203 -0.43109
0.253301 -0.0925038 -0.177241 -0.430452
0.253045 -0.0931745 -0.177011 -0.430176
0.252495 -0.0925493 -0.174288 -0.428419
0.252495 -0.0925493 -0.174288 -0.428419
0.251837 -0.0933133 -0.172357 -0.427026
0.251697 -0.0925834 -0.171399 -0.4263
0.251446 -0.0932368 -0.171767 -0.42535
0.251436 -0.0925968 -0.170445 -0.425553
0.250938 -0.0932901 -0.170662 -0.424332
0.250924 -0.0926399 -0.168579 -0.424022
0.250663 -0.0926292 -0.167637 -0.423214
0.250542 -0.0925153 -0.1679 -0.422202
0.25014 -0.0925568 -0.165728 -0.42154
0.249761 -0.0923819 -0.165053 -0.419674
0.249625 -0.0924465 -0.165053 -0.419674
0.249261 -0.093138 -0.162894 -0.418972
0.248659 -0.0923099 -0.160138 -0.416287
0.248659 -0.0923099 -0.160138 -0.416287
0.24842 -0.0929263 -0.161212 -0.415837
0.248433 -0.0923231 -0.159294 -0.415425
0.247983 -0.0929801 -0.159553 -0.414152
0.247986 -0.0923859 -0.158765 -0.413605
0.247511 -0.0929462 -0.158931 -0.412229
0.247492 -0.0922521 -0.156107 -0.41172
0.247008 -0.0920612 -0.155379 -0.41036
0.247008 -0.0920612 -0.154419 -0.409651
0.246544 -0.0925824 -0.154611 -0.4082
0.246544 -0.0925824 -0.154611 -0.4082
0.246331 -0.0918157 -0.151845 -0.406511
0.245779 -0.0923612 -0.150098 -0.404328
0.24589 -0.0916526 -0.150099 -0.404327
0.245462 -0.0915404 -0.149312 -0.40289
0.245462 -0.0915404 -0.149312 -0.40289
0.245018 -0.0920715 -0.149486 -0.401393
0.245037 -0.0914621 -0.146783 -0.399979
0.244157 -0.0912096 -0.145343 -0.396108
0.244157 -0.0912096 -0.143605 -0.395372
0.243957 -0.0912251 -0.142899 -0.394321
0.243767 -0.0912941 -0.142265 -0.393335
0.24356 -0.0913146 -0.143194 -0.392967
0.243133 -0.0913195 -0.140452 -0.390083
0.242925 -0.0913387 -0.140606 -0.389032
0.242925 -0.0913387 -0.139924 -0.389043
0.242512 -0.0918972 -0.140305 -0.387651
0.242502 -0.0913267 -0.138882 -0.386835
0.242271 -0.0906469 -0.138338 -0.385653
0.242064 -0.0911843 -0.137764 -0.384417
0.241643 -0.0916479 -0.138077 -0.382859
0.241643 -0.0916479 -0.138077 -0.382859
0.241445 -0.0909485 -0.135999 -0.380722
0.241233 -0.0914868 -0.136883 -0.380375
0.24059 -0.0911762 -0.134469 -0.375392
0.240673 -0.0906134 -0.134469 -0.375392
0.240542 -0.0906134 -0.135323 -0.375056
0.239002 -0.0916299 -0.131625 -0.366757
0.239022 -0.0913157 -0.130224 -0.366075
0.237936 -0.0924204 -0.129772 -0.360884
0.237936 -0.0924204 -0.129772 -0.360884
0.237572 -0.0927896 -0.130519 -0.359859
0.237572 -0.0927896 -0.129898 -0.359386
0.237205 -0.0933638 -0.130033 -0.357681
0.237188 -0.0930036 -0.13003 -0.35769
0.236809 -0.093111 -0.130232 -0.355835
0.236809 -0.093111 -0.130232 -0.355835
0.236626 -0.0931461 -0.130074 -0.354862
0.235915 -0.0930888 -0.129602 -0.350484
0.235785 -0.0931489 -0.130331 -0.350187
0.235759 -0.0931455 -0.129458 -0.349484
0.235366 -0.0936995 -0.129434 -0.347396
0.235433 -0.093255 -0.12915 -0.347381
0.235084 -0.0932954 -0.128792 -0.345123
0.235084 -0.0932954 -0.128792 -0.345123
0.234658 -0.0937933 -0.128668 -0.342801
0.234732 -0.0933186 -0.12838 -0.342785
0.234378 -0.0933064 -0.128592 -0.341269
0.234378 -0.0933064 -0.127882 -0.340277
0.234024 -0.093275 -0.127628 -0.337706
0.234024 -0.0932746 -0.127304 -0.337684
0.233674 -0.0932504 -0.126679 -0.335047
0.233476 -0.0937255 -0.127389 -0.334752
0.233499 -0.093234 -0.126352 -0.333695
0.233141 -0.0931601 -0.12641 -0.332006
0.233141 -0.0931625 -0.12566 -0.330869
0.232764 -0.0935954 -0.126 -0.329136
0.232783 -0.0930587 -0.125247 -0.32797
0.232608 -0.0930132 -0.124544 -0.326481
0.232259 -0.0929131 -0.123779 -0.323499
0.232259 -0.0929131 -0.123779 -0.323499
0.23189 -0.0933581 -0.123732 -0.321707
0.23189 -0.0933586 -0.123052 -0.320575
0.231544 -0.0932664 -0.123378 -0.318822
0.231564 -0.0927438 -0.122663 -0.317603
0.231368 -0.0932109 -0.123026 -0.317287
0.230882 -0.0936736 -0.122738 -0.315424
0.230882 -0.0936736 -0.122738 -0.315424
0.230882 -0.0936736 -0.120172 -0.310811
0.230421 -0.0926877 -0.120702 -0.307626
0.230397 -0.0926909 -0.120365 -0.307572
0.230207 -0.0931426 -0.120482 -0.306335
0.230207 -0.0931426 -0.120482 -0.306335
0.229581 -0.0932032 -0.120386 -0.301928
0.229533 -0.0927745 -0.119658 -0.300783
0.229365 -0.0927754 -0.119537 -0.299399
0.228963 -0.0932117 -0.120006 -0.29771
0.228963 -0.0932117 -0.120006 -0.29771
0.228715 -0.0927733 -0.119467 -0.293921
0.228715 -0.0927733 -0.119071 -0.293864
0.228371 -0.0932186 -0.119553 -0.292247
0.228443 -0.0927482 -0.118877 -0.291058
0.228225 -0.0927478 -0.118781 -0.289624
0.227951 -0.092661 -0.11874 -0.286722
0.227898 -0.0926775 -0.118583 -0.286698
0.227556 -0.0930926 -0.119055 -0.285019
0.22751 -0.0931052 -0.118902 -0.284995
0.227426 -0.0926224 -0.118305 -0.282363
0.227269 -0.0926011 -0.118216 -0.28088
0.226888 -0.0930359 -0.118537 -0.279147
0.226957 -0.0925772 -0.118053 -0.27795
0.226688 -0.0925571 -0.118529 -0.27625
0.226688 -0.0925571 -0.118529 -0.27625
0.226139 -0.0930447 -0.118008 -0.27111
0.226139 -0.0930447 -0.118008 -0.27111
0.226139 -0.0930447 -0.118008 -0.27111
0.225573 -0.0930159 -0.117996 -0.266273
0.225373 -0.0934371 -0.118505 -0.266025
0.225139 -0.0933163 -0.118299 -0.262695
0.225097 -0.0933284 -0.118299 -0.262695
0.225097 -0.0933284 -0.118299 -0.262695
0.224773 -0.0934627 -0.118904 -0.261239
0.224773 -0.0934627 -0.118524 -0.260287
0.224596 -0.093872 -0.119013 -0.260046
0.224454 -0.0935547 -0.11874 -0.257789
0.224141 -0.093613 -0.118932 -0.255147
0.224141 -0.0936115 -0.118932 -0.255147
0.22375 -0.0944355 -0.119568 -0.253608
0.22375 -0.0944355 -0.119504 -0.253596
0.223244 -0.0939388 -0.119485 -0.247655
0.223065 -0.0943447 -0.119957 -0.247403
0.2228 -0.0943731 -0.120215 -0.245262
0.2228 -0.0943731 -0.119912 -0.244506
0.221988 -0.0953674 -0.121122 -0.240498
0.221831 -0.0955272 -0.121235 -0.239067
0.221521 -0.0959039 -0.12171 -0.237309
0.221537 -0.0957031 -0.121716 -0.23731
0.221201 -0.0962787 -0.122404 -0.236168
0.221214 -0.0960615 -0.122418 -0.236181
0.221052 -0.0962295 -0.122469 -0.234533
0.220729 -0.0965439 -0.122937 -0.232606
0.22059 -0.0967021 -0.123349 -0.232354
0.22059 -0.0967009 -0.123163 -0.231654
0.220209 -0.0972637 -0.123615 -0.229704
0.220252 -0.0970164 -0.123604 -0.229702
0.219913 -0.0975566 -0.124242 -0.228459
0.219958 -0.0973021 -0.124231 -0.228457
0.219281 -0.098164 -0.125028 -0.22452
0.219151 -0.0981309 -0.12508 -0.222934
0.219151 -0.0981309 -0.12508 -0.222934
0.218994 -0.0983233 -0.125303 -0.222046
0.218654 -0.0989131 -0.125938 -0.220942
0.218691 -0.0987155 -0.125919 -0.220938
0.218513 -0.0989095 -0.126007 -0.219422
0.218188 -0.0992761 -0.126488 -0.217622
0.218188 -0.0992761 -0.126488 -0.217622
0.217826 -0.0998543 -0.127127 -0.216489
0.217865 -0.0996475 -0.127111 -0.216486
0.21732 -0.100603 -0.127847 -0.213908
0.217381 -0.100216 -0.127698 -0.213316
0.217381 -0.100216 -0.127698 -0.213316
0.217024 -0.100804 -0.128207 -0.211663
0.217058 -0.100626 -0.128195 -0.211661
0.216745 -0.101031 -0.128826 -0.210576
0.216731 -0.101035 -0.1287 -0.210015
0.216382 -0.101622 -0.129337 -0.208949
0.216368 -0.101625 -0.129213 -0.208385
0.216239 -0.101661 -0.129466 -0.207583
0.215909 -0.102091 -0.129979 -0.205991
0.215909 -0.102091 -0.129979 -0.205991
0.215585 -0.102548 -0.130599 -0.204964
0.215578 -0.102548 -0.130497 -0.204496
0.215222 -0.103165 -0.131134 -0.203522
0.215243 -0.103032 -0.13103 -0.203083
0.215074 -0.103283 -0.131303 -0.2024
0.214714 -0.103914 -0.131948 -0.201469
0.214738 -0.103799 -0.131866 -0.201087
0.214368 -0.104442 -0.132511 -0.200195
0.214368 -0.104442 -0.132511 -0.200195
0.214033 -0.104894 -0.133019 -0.198674
0.213841 -0.105268 -0.133382 -0.19841
0.213856 -0.105182 -0.133317 -0.198125
0.213677 -0.105478 -0.133618 -0.197601
0.213497 -0.10578 -0.133924 -0.197098
0.213315 -0.10609 -0.134235 -0.196617
0.212947 -0.106724 -0.134869 -0.195712
0.212947 -0.106724 -0.134869 -0.195712
0.212565 -0.10742 -0.135552 -0.195021
0.212565 -0.10742 -0.13552 -0.194877
0.212186 -0.108081 -0.136204 -0.194213
0.212191 -0.108053 -0.136181 -0.194106
0.211801 -0.108771 -0.136874 -0.19349
0.211805 -0.108761 -0.136862 -0.193443
0.211609 -0.109127 -0.137207 -0.193153
0.211409 -0.109496 -0.137553 -0.192877
0.21121 -0.109883 -0.137916 -0.192663
0.210806 -0.110637 -0.138631 -0.192182
0.210802 -0.110661 -0.138649 -0.192258
0.210386 -0.111453 -0.139372 -0.1918
0.210386 -0.111454 -0.139402 -0.191905
0.210184 -0.111819 -0.13975 -0.191631
0.209978 -0.112223 -0.140155 -0.191567
0.209593 -0.112894 -0.14087 -0.191097
0.209593 -0.112894 -0.14087 -0.191097
0.20902 -0.114021 -0.142148 -0.19032
0.20902 -0.114021 -0.142148 -0.19032
0.20883 -0.114283 -0.142451 -0.190075
0.208892 -0.114275 -0.14245 -0.190081
0.208657 -0.114759 -0.143023 -0.189528
0.208408 -0.115367 -0.143693 -0.189025
0.208408 -0.115367 -0.143693 -0.189025
0.208348 -0.115444 -0.143878 -0.188786
0.208027 -0.116057 -0.144408 -0.188194
0.208027 -0.116057 -0.144418 -0.188229
0.207842 -0.116728 -0.145458 -0.187063
0.207842 -0.116728 -0.145458 -0.187063
0.207462 -0.117536 -0.146337 -0.186165
0.207462 -0.117536 -0.146337 -0.186165
0.207462 -0.117536 -0.146337 -0.186165
0.207556 -0.117554 -0.146458 -0.185846
0.207254 -0.118152 -0.147072 -0.185221
0.207421 -0.117967 -0.146947 -0.185219
0.20712 -0.118561 -0.147557 -0.184592
0.207291 -0.118375 -0.14743 -0.184589
0.207227 -0.118575 -0.14767 -0.184274
0.206926 -0.119173 -0.148274 -0.183637
0.207099 -0.118987 -0.148146 -0.183633
0.206799 -0.119581 -0.148746 -0.182994
0.206973 -0.119393 -0.148616 -0.18298
0.206806 -0.120365 -0.149083 -0.182341
0.206806 -0.120365 -0.149083 -0.182352
0.206468 -0.12332 -0.149653 -0.183129
0.206466 -0.123411 -0.149654 -0.183184
0.206218 -0.125547 -0.150004 -0.184208
0.206262 -0.128448 -0.150305 -0.176734
0.205589 -0.130643 -0.151668 -0.176865
0.204033 -0.136734 -0.153914 -0.173924
0.204218 -0.13995 -0.15411 -0.169402
0.204218 -0.13995 -0.15411 -0.169402
0.203638 -0.143368 -0.154973 -0.16705
0.202292 -0.150531 -0.15674 -0.162425
0.202292 -0.150531 -0.15674 -0.162425
0.200679 -0.158024 -0.158455 -0.157898
0.200679 -0.158024 -0.158455 -0.157898
0.197258 -0.157547 -0.160053 -0.153344
0.197258 -0.157547 -0.160053 -0.153344
0.198091 -0.151284 -0.160802 -0.151144
0.195747 -0.144904 -0.162889 -0.144779
0.195747 -0.144904 -0.16289 -0.144804
0.195747 -0.144904 -0.16289 -0.144804
0.19431 -0.143774 -0.164239 -0.141886
0.194311 -0.140946 -0.164156 -0.140838
0.192972 -0.137184 -0.165328 -0.137069
0.192972 -0.137184 -0.165328 -0.137069
0.19069 -0.136246 -0.166546 -0.13435
0.190681 -0.136319 -0.166546 -0.13435
0.191137 -0.13189 -0.16681 -0.131771
0.189931 -0.131076 -0.168044 -0.129189
0.189931 -0.131076 -0.168044 -0.129189
0.188882 -0.127846 -0.168942 -0.12597
0.188882 -0.127846 -0.168942 -0.12597
0.188379 -0.126366 -0.169165 -0.12381
0.187174 -0.119651 -0.170307 -0.119519
0.187174 -0.119651 -0.170307 -0.119519
0.187386 -0.118322 -0.170712 -0.118163
0.187386 -0.118322 -0.170712 -0.118163
0.185826 -0.117786 -0.171523 -0.115979
0.186005 -0.115624 -0.171435 -0.115981
0.185635 -0.114453 -0.171597 -0.114317
0.184961 -0.112062 -0.172156 -0.111923
0.184961 -0.112062 -0.172156 -0.111923
0.184347 -0.109804 -0.172663 -0.109663
0.184347 -0.109804 -0.172663 -0.109663
0.183788 -0.107671 -0.17312 -0.107528
0.183788 -0.107671 -0.17312 -0.107528
0.183528 -0.106649 -0.17333 -0.106505
0.182687 -0.107338 -0.173781 -0.105701
0.183047 -0.104695 -0.173718 -0.10455
0.182626 -0.102775 -0.174317 -0.102833
0.182626 -0.102775 -0.174317 -0.102833
0.182413 -0.101977 -0.174221 -0.101828
0.182152 -0.102034 -0.174508 -0.100939
0.182171 -0.102009 -0.174512 -0.10039
0.182062 -0.101781 -0.174639 -0.0998498
0.181952 -0.101519 -0.174789 -0.0995976
0.181847 -0.100773 -0.175226 -0.0992952
0.181847 -0.100773 -0.175226 -0.0992952
0.181847 -0.100773 -0.175233 -0.0993357
0.181447 -0.100312 -0.175162 -0.0992468
0.181447 -0.100312 -0.175118 -0.0991256
0.181351 -0.100212 -0.175462 -0.0990847
0.181222 -0.09982 -0.175393 -0.0990443
0.181222 -0.09982 -0.175592 -0.0990283
0.18114 -0.0998322 -0.175658 -0.0991037
0.181056 -0.0995389 -0.17573 -0.0990928
0.181039 -0.0996454 -0.17573 -0.0990928
0.181015 -0.0994801 -0.175765 -0.099165
0.180969 -0.0995034 -0.175783 -0.0991621
