24.6147 47.48 3.03654 55.8349
25.7232 46.4386 4.03978 54.9647
26.8451 45.4514 5.0541 54.1764
27.9685 44.4634 6.06844 53.3881
30.7372 39.7408 6.80187 48.8926
31.8604 38.7528 10.3204 46.8582
33.0276 36.8783 11.0706 45.8189
33.9562 33.2517 11.4558 43.6822
35.3598 32.1283 12.4687 42.8938
36.6054 29.262 13.2766 40.8805
37.6846 26.3864 13.5113 39.1717
39.208 25.0427 14.7924 36.6337
39.9978 17.8813 14.7576 34.7954
41.5519 16.5079 16.0812 32.4067
40.3137 14.0617 15.0217 31.0841
41.8662 12.6875 16.3563 28.8619
41.7937 10.9262 16.2297 27.2634
41.4151 9.47292 15.7014 26.1734
41.1738 7.68254 15.2046 24.9387
42.7238 6.30676 16.6223 23.8029
38.2437 4.98341 13.658 23.071
40.1129 3.32345 15.3801 21.665
35.5433 1.57367 12.7369 20.4433
34.147 -0.147103 12.2745 19.1333
32.7218 -0.230594 11.8997 18.7552
27.4012 -3.59617 9.09233 16.4863
29.327 -5.34726 10.8681 15.0248
28.2354 -7.49585 10.6245 13.379
30.1497 -9.21973 12.3983 11.9161
26.0491 -11.427 10.1472 10.2797
27.9591 -13.1542 11.9185 8.81541
22.7793 -14.4791 9.62366 7.27768
11.9531 -19.5843 -1.34382 -2.14856
14.1574 -21.6269 0.72944 -3.92632
14.2223 -22.3169 1.63295 -8.48299
16.4223 -24.3626 3.14716 -9.9772
15.0896 -24.3399 4.16812 -12.0274
12.8183 -23.3883 3.37267 -12.8487
15.044 -25.0537 5.37096 -15.2986
12.3353 -24.085 5.83113 -16.6773
14.5277 -26.1383 7.89255 -18.4616
14.64 -25.8793 8.06729 -19.6825
12.002 -24.9527 4.47099 -18.9074
14.5485 -26.3383 6.84304 -20.5752
14.5129 -26.7454 7.0569 -21.4793
11.0208 -24.9165 4.35533 -20.3771
13.4787 -27.2302 6.68896 -22.4507
13.4045 -26.4695 6.57286 -22.4498
12.8878 -25.2492 3.56954 -20.3495
12.5532 -26.1181 5.89844 -22.4272
12.2467 -26.0373 5.64326 -22.4241
11.7771 -24.5176 5.25033 -21.4074
11.5603 -25.5375 5.17505 -22.3502
11.424 -25.4524 5.12047 -22.4286
11.017 -23.6622 4.79888 -21.1996
13.6948 -26.1958 4.69736 -22.1294
10.5122 -24.2475 4.60133 -22.0328
6.71043 -21.6834 4.25439 -20.4745
9.54636 -22.6917 4.07154 -21.3605
9.12928 -23.6044 3.82862 -22.2158
-2.37418 -8.03853 -6.82856 -10.2987
-4.43332 -3.7966 -5.43738 -11.5414
-4.19059 -5.10984 -2.66061 -14.1509
-1.10538 -5.71962 0.117887 -16.7609
-0.388382 -5.25639 0.367182 -16.79
0.0716346 -4.73166 -0.502783 -16.2467
0.438799 -4.10107 2.27193 -18.8632
1.04144 -3.89707 3.54773 -19.1431
1.21941 -3.13277 1.99706 -17.0061
1.28636 -4.35784 4.77104 -19.6266
4.48956 -4.04404 5.61732 -20.3094
2.31209 -0.771756 3.8816 -18.0043
2.76122 -2.24655 6.8449 -20.8563
3.25315 -2.14358 7.5464 -21.2134
3.42182 -1.68379 7.60439 -22.4871
6.43179 -4.54544 10.5652 -25.3427
4.36004 -1.84701 8.82257 -21.3005
4.47564 -3.145 11.7823 -24.1601
5.06059 -0.0126221 6.28554 -21.1898
8.07422 -2.88027 9.64477 -20.7727
5.67809 -1.64463 9.85897 -20.5455
5.88414 -0.0867096 6.29646 -17.877
9.00872 -3.03939 9.63451 -19.2455
6.48163 -1.84935 9.95539 -19.2914
-9.81439 18.6983 -4.33406 -2.47797
-7.71481 16.3004 -1.3663 -5.4846
-4.32255 15.5666 1.82393 -8.11721
-4.18247 16.6949 3.73843 -9.86246
-2.28174 15.3715 5.91729 -11.8487
0.938746 13.1502 9.13243 -14.2982
1.52028 12.0934 9.87069 -15.6015
-0.18802 13.5208 7.31395 -12.3186
3.01497 10.4989 10.5876 -15.6219
6.21795 7.47687 13.8613 -18.9252
5.92531 7.43153 12.4592 -16.6231
9.12878 4.40732 15.7332 -19.9285
10.6021 2.47765 16.6242 -20.6795
9.33331 2.65939 17.0342 -18.6095
12.5371 -0.368112 16.8452 -19.9883
13.7757 -2.33021 17.1842 -20.1121
14.4789 -3.51291 16.8411 -19.1069
15.2087 -5.1747 20.424 -20.457
16.3337 -6.81054 16.6524 -18.1754
16.918 -7.86241 16.1836 -17.0327
17.5704 -9.17631 15.7491 -16.0895
18.5466 -10.8783 15.7587 -15.8043
19.0204 -11.7739 15.1594 -14.4693
19.5143 -13.2938 18.8764 -15.7581
20.447 -14.4616 14.5783 -13.0077
21.1559 -16.104 14.6121 -12.5948
24.5586 -18.0216 14.1269 -13.9192
22.2918 -17.1727 13.8502 -10.4295
20.2693 -15.903 10.0375 -8.03929
23.5093 -18.894 13.8488 -9.67816
24.2954 -19.9988 9.47743 -6.69449
24.5463 -20.3133 13.3474 -7.93953
25.2172 -21.252 13.4754 -7.78848
22.5908 -18.9199 13.2645 -4.76836
25.8298 -21.9173 16.7996 -8.45864
26.4765 -22.7122 13.0572 -5.87116
26.6053 -22.6919 12.5905 -4.6564
26.9373 -22.9358 12.7029 -4.4899
24.6624 -20.6567 9.16038 -2.1462
27.8688 -23.5682 12.7904 -6.01138
25.4274 -20.7272 9.38558 -3.77071
28.6342 -23.641 13.0145 -7.64013
31.841 -26.5549 16.6435 -11.5096
29.8949 -24.3913 14.7089 -4.22736
30.0922 -25.6449 18.5594 -6.71714
30.7933 -24.0031 15.786 -4.29361
30.7888 -23.6329 15.4972 -3.38893
30.6414 -24.6925 19.4503 -5.23324
31.0797 -23.6724 15.649 -3.22568
15.9454 -5.87462 0.522473 14.3904
19.0888 -8.6737 4.25883 10.3407
14.0174 0.115718 4.07563 10.4238
17.1609 -2.69173 7.80842 6.36355
19.1286 -1.81855 10.6061 4.03689
20.7151 -2.1264 13.7471 0.472393
19.7113 -0.971525 13.8853 0.43173
23.0067 -2.87012 17.6239 -3.63439
24.0499 -3.39638 19.3611 -5.64052
24.3143 -4.45958 20.0367 -8.05961
25.2717 -4.02436 21.5868 -8.40173
25.4877 -4.05401 21.968 -8.8159
25.5866 -5.0163 21.9543 -10.8491
26.1542 -5.12584 22.8275 -10.36
26.0847 -5.17429 22.558 -10.0462
25.9443 -6.00171 21.9545 -11.7423
26.2752 -6.24091 22.416 -10.5325
26.0256 -6.29522 21.7683 -9.82407
22.8918 -4.71813 17.2498 -5.49171
25.8325 -7.16896 21.1189 -9.84999
25.6994 -7.33833 20.9142 -9.91654
28.6237 -9.75963 25.1873 -11.9324
25.3279 -7.9557 19.9552 -9.40285
24.8886 -7.88955 19.1413 -8.61906
27.8125 -10.3109 18.405 -8.1257
21.1579 -6.25972 13.4873 -3.23588
24.0788 -8.69037 17.3685 -7.62873
27.0349 -10.9508 17.2072 -7.96386
30.0424 -12.904 15.9851 -9.4013
20.8067 -7.62917 12.5391 -5.46359
23.5656 -9.78989 16.4761 -10.003
23.4502 -9.33299 16.4291 -8.48183
23.2105 -9.76975 20.6845 -11.2401
23.0623 -9.86236 16.2688 -9.05259
22.6287 -9.51995 11.4101 -6.04157
25.3867 -11.6855 15.6082 -9.13951
22.3603 -10.1405 15.4959 -9.41676
19.0283 -8.24646 14.7541 -8.72957
21.7823 -10.4185 18.7005 -13.2851
21.5522 -10.1306 14.7243 -9.73236
24.1177 -11.9795 19.0519 -12.6101
20.8929 -9.60998 14.5816 -10.3944
23.4598 -11.4565 18.5858 -15.0894
16.9566 -7.51056 9.61275 -5.94693
19.5182 -9.36669 13.6156 -10.654
19.408 -8.72383 13.7182 -11.1373
21.9707 -10.5804 17.7227 -15.8461
19.1621 -8.2909 14.1991 -12.3621
12.9957 -4.10163 5.33026 -3.20448
15.4176 -5.72704 9.36919 -8.01017
17.8108 -6.95146 10.0358 -9.40208
20.1554 -8.4416 14.0934 -14.2572
20.0755 -8.1068 18.1554 -19.1083
22.422 -9.59255 22.2197 -23.9572
24.7666 -11.0832 26.2797 -28.8104
16.4467 -5.47643 31.8543 -25.9657
18.7891 -6.97205 35.9381 -30.8121
13.0872 -2.73522 27.2962 -24.218
15.4277 -4.23548 31.3812 -29.0726
17.633 -5.49413 35.6929 -33.0988
19.7317 -6.57214 39.8325 -38.0792
15.5616 -2.43447 40.6029 -35.706
17.66 -3.51537 44.7531 -40.6867
17.3111 -3.15378 21.1477 -26.3269
14.0444 -1.45935 20.6414 -23.8587
16.1422 -2.54264 20.0137 -26.0699
15.5337 -2.27833 19.3472 -25.8271
12.0761 -0.790469 18.2969 -22.3097
14.1731 -1.87599 22.4248 -27.3301
13.5405 -1.51299 16.4976 -23.8238
10.4883 0.287007 16.8914 -21.5453
12.3188 -0.328856 21.073 -26.6998
11.7151 0.206829 14.9451 -23.0678
8.49114 2.64042 14.2701 -19.3223
10.3212 2.02296 18.4577 -24.4842
9.70229 1.51789 12.4717 -21.3742
6.75062 3.37879 11.888 -17.5967
8.49714 2.30788 10.4915 -19.4355
5.93878 3.43803 4.74986 -16.4486
7.64915 3.03303 9.52276 -18.8548
7.10934 3.11163 4.82656 -16.5525
6.91511 4.06463 9.52649 -19.6042
6.66912 4.54487 9.56403 -19.8277
6.26238 5.06167 8.9849 -19.122
7.80331 4.96311 13.2401 -24.436
5.75196 5.6974 8.97975 -19.8662
5.51324 5.96548 8.45196 -19.2013
5.1577 5.44381 3.8555 -16.4123
5.30199 6.19359 8.50886 -19.847
5.31593 6.43063 8.785 -20.2765
4.98919 7.03646 8.39358 -19.7105
6.2238 7.50786 12.7207 -25.1691
3.58478 8.55122 6.04605 -14.0874
4.54838 7.55168 10.3934 -19.5488
4.8116 8.61616 9.98743 -22.1744
5.07479 8.88173 11.114 -23.6578
6.3085 9.35361 15.461 -29.1242
5.1695 9.13866 11.138 -23.5477
5.34544 10.2567 15.4934 -29.0167
5.13971 9.35229 11.1442 -23.7673
4.83426 9.88062 10.6861 -23.0905
4.72404 11.6002 15.6873 -25.9857
4.34317 10.8527 10.7474 -23.5995
3.27081 10.2367 6.13495 -17.8034
4.18137 11.3314 10.5742 -23.4168
3.97928 10.4386 10.3086 -26.1933
4.88886 11.5341 15.2917 -29.2904
4.0609 12.2726 11.5266 -24.2446
3.542 9.62847 3.90812 -14.5187
4.38864 10.8491 8.3894 -20.164
4.96482 12.6173 12.9231 -25.9143
4.81355 11.748 9.99597 -21.7162
5.38874 13.5168 14.5403 -27.4691
5.50172 13.7682 14.5273 -27.1
4.81343 12.1501 14.3665 -23.7804
5.3869 13.9198 18.9347 -29.532
5.96037 15.6896 23.5028 -35.2836
5.53031 11.0745 8.80054 -19.5809
5.786 11.0941 13.3889 -25.3393
7.51582 10.5827 11.9245 -22.0567
7.71777 10.9624 8.76937 -17.6536
8.13527 13.34 13.4514 -23.5487
8.02834 12.0193 14.309 -24.4343
8.19201 12.0724 10.1543 -18.9285
8.74678 14.3658 14.8553 -24.8272
8.42765 12.6844 15.3056 -25.2226
8.60299 12.4993 14.0844 -27.6085
8.60437 12.4699 14.4371 -23.786
8.36754 9.78447 8.17147 -19.8445
8.57571 12.3074 12.9018 -25.7514
8.31577 13.1692 13.968 -23.3519
8.17904 10.5659 14.0234 -19.1265
8.0503 13.8349 18.8742 -25.1563
7.88558 14.5482 13.3645 -22.3458
8.0041 14.449 12.7499 -21.2688
8.41326 17.3888 18.3152 -24.1427
7.3768 15.4471 12.2602 -23.8137
8.25498 14.8542 13.056 -21.4341
8.98048 8.53656 3.40756 -9.02741
8.83107 11.8157 8.33084 -15.0605
9.28265 15.3147 13.3366 -21.2279
8.3834 16.9424 14.5927 -22.6186
8.66039 17.9925 16.5921 -24.6389
8.16875 22.085 21.6206 -30.8103
8.62065 14.4499 16.1651 -23.2975
8.13258 18.5437 21.2065 -29.4742
9.01075 18.5427 15.9578 -23.0425
9.15662 18.187 15.1226 -21.9056
9.03533 18.6085 15.3755 -22.371
8.63595 14.3817 8.04829 -17.4337
8.94651 18.5759 13.9221 -20.5163
8.56277 19.6669 14.3262 -21.2153
8.55275 19.7325 13.6113 -20.1122
7.0888 20.8008 12.3604 -22.7389
9.2151 16.1377 8.70299 -14.2796
8.36135 21.1041 13.964 -20.5966
9.52472 17.0356 6.51316 -13.7342
8.66082 22.0011 11.7939 -20.052
7.79779 26.9666 17.0747 -26.3698
10.7846 13.6469 14.7927 -20.0676
11.1466 18.4666 20.2178 -26.4919
9.94302 24.3582 19.9908 -25.5794
10.2551 24.5991 21.1731 -26.9224
11.3122 29.133 26.6749 -33.3502
10.0079 25.2687 20.2825 -25.852
8.762 31.1694 25.8072 -32.279
43.0256 -42.0037 6.47741 9.44076
41.7538 -36.1146 12.1789 3.02204
41.7025 -33.2231 20.094 -2.38579
40.4207 -27.3333 25.8173 -8.79468
40.6092 -23.8228 31.8405 -13.9171
40.2993 -19.3917 38.1959 -19.6775
41.8387 -18.4474 41.4184 -21.7661
43.1824 -16.4989 43.8765 -23.9588
42.7811 -12.9594 46.5822 -26.8126
42.2547 -10.6068 47.0968 -27.0051
40.9518 -7.52257 46.4884 -30.0945
39.2079 -3.52567 47.7164 -28.2257
37.9631 -1.23194 46.5015 -26.9978
36.2605 1.64617 45.1316 -25.9083
34.051 5.95379 44.736 -26.2011
32.1479 9.75678 43.9401 -25.7402
30.4565 12.5675 41.8262 -23.7095
28.3727 15.897 39.7949 -22.3108
26.0374 20.0741 38.8923 -22.2669
24.454 22.2523 36.4858 -20.1812
22.7087 24.9765 35.307 -19.9672
20.6148 28.6177 33.976 -19.3075
19.2362 30.2347 31.5011 -17.247
17.5658 32.378 29.2925 -15.9653
15.4642 36.0628 28.5248 -16.2869
14.0573 38.1641 26.4363 -14.7723
12.3232 40.8451 24.6254 -13.8385
10.3393 44.4084 24.1993 -14.4783
8.0131 53.4117 30.7443 -21.3136
3.88467 25.8283 1.45376 -5.95702
13.3312 28.0912 9.81644 -3.19792
13.8412 29.3348 12.9695 -5.98203
15.4837 24.6963 11.3575 -4.77087
13.1438 33.7031 18.0095 -11.6097
12.5335 36.4201 15.7261 -12.1503
12.4853 37.8586 22.9765 -17.5252
11.2913 41.5587 24.4293 -21.7414
7.93803 44.6172 24.5045 -23.2046
7.52742 47.0918 26.2242 -24.7049
10.9836 39.263 22.3352 -20.8276
8.26221 49.4588 29.3659 -27.7892
8.13774 58.1818 29.2791 -28.4042
9.26318 42.2531 21.6945 -22.6813
6.59472 52.4406 28.725 -29.6755
3.80442 63.1673 35.8914 -36.7473
3.73324 58.2209 29.6781 -33.3169
3.58308 57.6075 19.4823 -25.5775
0.602948 69.0509 26.8792 -32.747
1.20789 61.4787 26.0918 -33.2844
0.787315 61.1015 23.7283 -32.1075
-0.132109 61.581 21.5799 -31.5362
-3.10977 73.0345 29.0161 -38.7017
-0.5297 71.4516 28.2951 -39.6387
-0.529559 51.2121 15.1837 -27.931
-3.61907 63.1494 14.3873 -31.068
-4.14995 63.9289 14.0339 -31.7018
-7.44393 76.737 22.5211 -35.8525
-4.91846 65.1348 12.2775 -32.2657
-4.89753 64.1884 10.7737 -31.7065
-8.20723 77.0034 18.7195 -39.0412
-5.70593 65.7224 10.6452 -34.0854
-9.1481 78.5323 18.6848 -41.3953
-2.05822 50.3358 -0.333059 -27.0238
-2.52005 51.028 7.74329 -34.346
-5.91552 64.2719 7.68054 -37.8325
-6.41898 66.6321 10.1597 -38.6679
-2.16443 51.376 0.738548 -31.5445
-5.77796 65.6861 9.27857 -39.0833
-5.96714 66.5013 9.69225 -40.2603
-5.51768 64.841 8.26527 -39.5029
-5.9716 66.2265 17.2305 -44.9799
-5.84252 66.0448 8.63146 -41.8026
-5.24914 63.828 6.96098 -40.8151
-8.9347 78.1531 15.6073 -48.316
-5.48315 64.3048 7.305 -42.9765
-9.46693 80.2231 16.5485 -50.7038
15.3327 -7.33215 -21.8524 -18.6772
11.2993 8.63978 -12.4784 -26.3818
7.21386 24.6271 -3.0326 -34.0928
6.82138 4.27428 2.56155 -33.1835
2.7928 20.2777 12.0129 -40.8485
18.969 13.5824 7.09414 -36.5527
14.8245 29.5662 16.5815 -44.2109
13.907 20.5023 18.4715 -46.1037
18.5159 6.52362 8.05366 -38.9092
14.0666 24.2856 18.2927 -46.8001
13.0101 29.5714 20.0816 -47.8495
17.3589 16.0167 20.8113 -44.552
12.8581 33.803 22.3629 -48.6386
11.7134 38.6831 24.0765 -49.3831
22.7905 -0.207384 -0.081713 -37.7622
18.1995 17.6217 10.2981 -45.5898
31.4521 -19.3972 -0.913962 -26.2175
26.7848 -1.53389 9.61613 -33.9983
22.1001 16.4259 20.1881 -41.7934
30.5391 -5.65375 14.0861 -30.6122
25.4606 14.1519 25.5572 -38.6381
23.7709 22.0602 30.0632 -40.7418
23.4803 25.4917 31.7286 -40.4643
18.2603 45.3564 43.3623 -48.3789
20.3859 50.4543 55.0315 -56.2399
14.1301 70.4836 49.233 -56.255
8.62192 90.2202 60.8917 -64.0697
41.759 -23.7109 41.8204 -32.3938
36.3325 -3.76288 53.7238 -40.2191
44.1982 -27.1136 53.4566 -32.7364
38.4877 -13.264 66.5031 -40.7982
33.3381 1.46265 72.0663 -40.1958
36.5032 6.45757 66.146 -36.6268
30.9586 17.1208 79.2783 -44.653
29.3102 27.6698 83.6286 -42.0788
34.147 30.3677 67.6985 -34.227
28.7002 39.4642 80.9281 -42.2127
25.306 49.9068 81.9475 -37.0339
26.2551 53.3081 79.2158 -33.8264
19.6133 77.6749 76.2693 -35.8945
16.2898 75.0431 76.7417 -34.0571
10.5137 85.31 76.0563 -36.9433
14.8609 89.2228 76.786 -27.8314
8.04861 113.894 92.1769 -31.1466
5.69713 105.585 72.1892 -23.6579
0.0313572 111.449 68.0204 -20.3717
15.4875 59.3703 20.1017 6.47277
8.55737 84.2091 35.1103 -1.69897
7.96779 70.4256 25.1917 0.968842
6.23636 94.2372 41.7922 -4.68942
3.55046 103.645 46.7406 -7.20557
2.56211 107.18 48.2766 -7.20129
-3.32498 114.953 49.1974 -7.75882
-1.32862 120.332 53.0222 -10.3306
8.69441 94.4031 53.1313 -7.23362
9.05059 81.1748 26.2022 0.718693
0.863707 109.011 43.1169 -7.58451
28.4053 22.5177 14.0554 2.75195
20.333 50.5401 31.1066 -5.60145
18.3955 60.5751 46.4543 -13.3441
9.4273 91.6974 57.1208 -19.4661
17.1774 72.8943 66.7603 -22.446
16.3417 76.9357 71.2322 -24.0528
7.24383 108.196 73.6584 -27.561
11.3483 92.8783 78.9975 -29.2538
10.689 94.2814 58.7779 -22.804
9.31422 98.319 78.06 -29.3228
6.30886 106.139 80.007 -31.3573
5.92306 105.615 58.0548 -24.235
2.95858 114.329 78.6102 -33.0937
9.39946 91.0719 64.3324 -27.0042
-0.995111 126.426 85.6636 -35.9673
-3.00149 132.29 93.317 -36.9013
-4.233 137.339 92.5431 -39.2524
-5.8951 141.693 91.6356 -39.0348
-6.47889 140.611 86.075 -36.3732
0.24925 113.574 59.3404 -27.9982
-10.4752 149.382 80.8523 -36.8879
48.5401 -57.2582 -12.5882 -9.04106
36.4579 -18.2346 10.5991 -18.2085
12.458 25.5213 31.5354 -28.2552
2.23525 52.7991 44.5749 -34.8929
-10.5571 93.822 68.8038 -44.017
-6.75063 63.0488 84.8683 -50.2531
1.66129 34.411 94.4958 -53.2629
-11.0748 75.8309 118.768 -62.3373
-2.78352 69.3865 120.495 -63.1316
-15.7284 111.015 144.829 -72.0879
13.0149 51.5279 106.477 -57.4147
-0.860805 96.1704 132.32 -66.626
-4.30441 108.343 135.592 -66.6423
-7.0456 115.414 129.077 -62.6092
-13.4017 133.581 128.283 -62.0254
-17.8091 145.56 129.891 -61.3699
-10.4816 116.804 94.5265 -46.881
-25.6645 164.703 121.908 -56.2404
-29.3524 173.881 120.777 -55.1472
-23.0159 135.469 112.834 -50.4078
-38.3863 183.875 140.325 -59.6528
-39.1215 194.87 100.936 -45.9095
-41.4797 197.989 95.6173 -42.1205
-59.4738 252.86 126.433 -51.8464
-50.4013 221.746 90.1428 -39.916
-51.0833 220.247 85.3115 -36.7961
-52.2347 224.54 79.2817 -34.7013
-57.2549 237.141 79.9967 -35.6394
-38.2877 175.82 38.402 -21.573
-57.2521 232.287 69.5182 -31.3012
-60.0728 242.008 70.597 -33.2327
-64.5478 254.886 82.5316 -38.1763
-72.3653 253.557 117.629 -46.6028
-66.0023 258.614 81.7658 -38.017
-64.8403 254.841 77.3346 -36.1362
-66.9348 255.498 39.1277 -26.3955
-89.7884 321.621 73.9958 -36.8479
-103.146 339.004 77.2835 -38.5634
-96.3645 289.273 86.4448 -43.4994
-69.285 265.028 87.0017 -44.3281
-56.962 243.097 80.0811 -41.647
-78.1565 303.231 79.1399 -42.6821
-51.8445 217.291 78.3313 -44.7914
-34.9575 169.798 70.2693 -42.2513
-49.2254 211.774 102.798 -51.6553
-11.5421 108.392 60.7087 -42.8538
3.80742 67.3832 56.5731 -42.0033
0.050518 101.346 53.0147 -42.2343
53.9949 -69.7425 27.2703 -36.8887
38.8857 -25.6479 59.784 -46.5046
23.6865 18.5831 67.4432 -50.2151
29.3218 -15.5497 68.6133 -50.704
17.1834 20.4593 101.372 -59.9313
21.7047 4.89482 43.9556 -44.1369
31.7049 -45.9075 76.7236 -53.3895
20.2658 -19.3904 85.6976 -57.0891
18.8907 -20.6342 89.0607 -57.0322
17.6501 -27.5582 90.9468 -57.7749
11.1306 -8.45282 25.2084 -40.0478
-2.44037 29.3078 58.0005 -49.3468
-28.096 68.5104 32.3295 -37.777
-36.0029 87.9157 65.1587 -46.7957
-50.9558 125.715 87.5718 -46.1574
-41.8901 103.633 77.3819 -33.517
-37.0162 94.6196 110.531 -41.9884
-36.0148 93.376 121.244 -42.3351
-27.3524 72.2452 87.4359 -30.5279
-31.0606 82.0521 120.811 -38.5107
-37.364 97.0373 123.698 -39.5104
-30.5063 79.6662 115.82 -36.4025
-42.462 111.221 149.209 -45.799
-37.8339 97.0687 115.568 -39.1528
-26.8301 69.9772 107.054 -36.0744
-35.8071 93.9554 140.633 -43.6788
-21.7527 57.2799 96.7993 -34.7014
-7.24202 19.1562 91.3653 -33.2455
-16.4936 43.4986 124.963 -40.8987
-27.0416 68.5713 117.896 -41.3755
-31.4381 82.0289 121.327 -42.3948
-19.2335 46.422 78.7831 -33.3502
-25.4113 61.3911 83.1942 -34.0743
-31.8598 75.5085 85.7512 -6.49085
-17.5738 48.3962 88.1191 4.0837
-11.3486 29.5907 96.3915 5.66986
-2.06595 4.38003 90.7188 14.2269
-9.02766 22.2282 123.754 -10.8743
-15.9894 40.0764 157.523 -18.1252
-14.9974 37.4917 192.163 -31.6225
-10.5648 28.9887 209.876 -37.2706
-17.7253 46.9641 243.573 -44.398
-16.2487 43.5027 255.085 -44.9038
-10.0839 29.6263 252.855 -43.8188
-11.7464 31.1468 251.051 -41.2422
-7.79593 20.1246 244.704 -36.606
-12.315 31.8935 278.184 -42.8535
-12.2474 24.7447 236.204 -31.3415
-2.21077 -2.9875 226.739 -26.1109
-6.85129 8.90955 219.386 -23.1534
-11.128 14.6371 171.569 -9.12419
-15.8491 26.58 204.998 -15.6563
-17.144 20.7115 162.407 -1.74344
-22.4432 33.0446 195.932 -8.12537
-20.5167 29.2468 123.572 11.6034
-4.96289 -4.22565 77.7807 26.4601
-5.46468 0.749938 110.819 20.4007
-7.02435 4.51653 108.617 23.6712
-7.65803 6.19482 104.481 27.4779
-10.0154 12.6488 137.403 21.8256
-3.59428 17.0555 45.2734 4.11962
-6.19731 23.5414 77.7551 -2.2196
-3.06977 21.5776 98.281 -12.2109
5.59332 6.10942 93.6512 -12.6413
4.89719 9.01854 125.446 -18.3563
4.84576 8.8254 137.658 -20.9855
3.53827 11.5639 169.35 -26.0486
8.47281 0.380435 149.874 -21.266
7.42571 -3.25137 117.975 -11.3878
7.30939 -1.43683 149.42 -16.9675
4.10688 -1.23244 117.381 -7.44567
2.81545 -0.630848 148.453 -14.7901
2.6851 1.1861 150.631 -12.331
4.00407 -3.05935 159.016 -13.3712
5.37129 -3.86795 189.739 -18.2655
-18.644 31.6372 156.391 -9.59141
-32.0797 49.3058 112.024 4.9795
-30.0193 47.3246 142.294 0.170446
-30.8785 48.0692 141.352 2.08137
-33.2981 49.2969 137.033 5.68677
-31.2711 47.4205 131.997 8.91584
-30.7159 46.41 131.552 9.92019
-30.5326 45.461 127.678 12.9395
-29.5774 44.3499 127.129 13.7187
-27.5729 41.0752 126.654 15.7263
-25.0073 37.124 121.709 19.1312
-22.1778 32.8364 120.076 21.0844
-21.3575 29.6318 37.3729 37.0883
-17.4054 24.7663 65.8604 32.8275
-13.4451 19.8363 74.7154 30.0579
-9.7465 15.109 79.9349 28.9226
-4.29917 9.0857 11.2276 24.4749
-0.253409 4.30964 39.0448 19.9318
4.68794 -1.04685 57.6141 12.5397
9.23419 -6.63981 69.1852 8.78675
16.3162 -16.31 80.2553 4.86908
20.2386 -21.6129 89.7832 1.84854
21.0974 -23.1144 94.043 1.4504
26.9802 -30.5312 120.183 -1.83328
22.4264 -26.5033 100.485 0.0288653
7.58231 -9.651 65.0915 2.02117
13.5241 -17.003 90.8147 -1.48284
19.466 -24.3551 116.538 -4.98685
28.1768 -37.1956 104.075 -12.962
34.9136 -45.6333 128.898 -15.8058
32.9873 -43.3992 140.549 -13.5953
29.9433 -39.8133 144.155 -13.6718
37.5855 -49.5222 138.239 -10.0229
27.3863 -37.5398 162.307 -11.848
15.3771 -28.7611 23.8029 5.0554
23.1577 -38.2812 47.1551 2.67476
6.93938 -14.9028 29.2403 -19.515
14.7866 -24.3262 52.1264 -21.9874
26.5275 -36.1899 46.169 -27.1383
34.961 -46.3649 68.2776 -29.0799
33.0132 -43.2424 75.1156 -37.6257
28.3305 -37.466 81.8008 -32.5841
27.5994 -36.4001 85.6934 -32.7277
21.7035 -29.7578 87.3191 -25.5048
12.9909 -20.1987 67.2377 -21.908
22.4135 -31.4453 86.7796 -29.1508
26.0783 -36.1881 87.507 -28.1549
21.6345 -31.2284 86.7849 -26.2447
31.1157 -42.3785 107.41 -27.3164
23.6536 -34.6285 85.1447 -22.9277
22.5305 -33.9676 82.6128 -19.5985
19.6246 -31.2316 80.8765 -9.56119
26.6766 -39.8299 78.2661 -13.4223
23.7413 -36.6767 76.2413 -10.4233
18.6948 -31.3895 75.3879 -0.952913
15.1716 -25.0016 53.8211 -4.01784
22.3226 -35.7358 72.3016 -3.62444
26.6793 -40.3568 72.4263 -1.93733
25.58 -36.6139 90.8429 -1.51881
25.5989 -39.253 70.9696 1.23167
22.115 -35.6086 68.1281 4.89073
34.2269 -49.3734 84.688 7.30643
30.885 -45.8437 63.028 11.814
8.20965 -18.1424 17.4237 19.6623
20.3011 -31.6444 32.0336 13.6357
35.5282 -47.2091 36.1467 12.7675
47.7869 -60.5421 50.4235 6.41795
32.6719 -42.8585 43.0203 11.6062
8.1832 -15.8155 45.526 11.3966
20.5058 -29.2255 59.2888 5.31408
31.0588 -39.9928 47.7025 13.7824
16.4865 -21.8932 47.8553 15.7099
26.0142 -34.674 61.9808 19.8161
34.5142 -43.2321 47.9867 19.6557
47.8017 -57.3291 59.816 14.5681
24.3446 -32.748 48.9772 22.1709
25.2462 -31.5035 27.1577 25.964
38.5029 -45.3435 40.9931 30.0228
31.6595 -36.0527 23.5287 9.43644
40.6863 -44.6514 28.0074 7.55493
54.762 -59.3521 39.9741 13.7705
60.1905 -64.4328 43.0029 14.433
14.9799 -16.5433 33.7576 10.415
22.2785 -28.5644 45.6037 16.637
36.1565 -42.8679 57.4089 22.984
17.5956 -21.918 43.5812 44.7164
31.7452 -36.0878 55.417 50.9744
45.8948 -50.2576 67.2529 57.2324
31.4526 -32.8973 18.6301 -14.4035
45.7262 -46.7144 30.0293 -8.03543
47.0569 -45.8303 21.9809 -12.5405
46.2341 -45.3897 23.0787 -10.337
61.1952 -59.7995 32.287 -1.25152
41.7174 -42.5808 23.7599 -4.11077
36.3367 -38.3419 24.6884 -2.3839
51.3973 -52.4794 33.7597 6.86468
39.8891 -42.0307 28.6019 13.0499
36.177 -39.1058 26.7623 4.73173
11.3595 -17.1878 22.2199 10.514
26.3462 -31.0689 30.7687 20.2478
39.0923 -42.0057 25.0238 16.873
32.9127 -39.2506 -46.3733 102.764
48.4898 -53.6335 40.7546 4.1748
39.4666 -42.8657 30.0927 20.4957
35.1436 -39.2987 28.4872 24.9498
50.7386 -53.4435 35.9198 36.305
45.7075 -48.1228 27.2903 33.3943
35.005 -39.3073 27.9448 35.1697
50.6058 -53.2254 35.114 46.8672
35.2941 -39.3167 28.6053 41.2376
12.8577 -19.8863 21.0961 36.3018
28.9002 -34.0405 25.65 51.6887
38.9489 -41.7684 24.2803 56.6178
6.37267 -12.9758 12.5668 39.4229
22.4121 -26.8066 17.1994 54.8384
44.1706 -43.0726 16.9172 58.1983
58.1228 -56.4103 21.077 74.0303
58.6708 -55.4535 22.1088 76.3257
61.8884 -57.6013 22.7317 78.8915
33.4607 -39.433 24.4451 77.6364
49.8176 -53.26 27.0875 96.0668
32.5359 -35.3806 20.7654 89.9424
30.9736 -35.4657 19.2974 93.8662
47.3998 -49.1266 22.2542 112.541
8.57824 -13.8701 5.98807 57.224
24.9837 -27.1298 8.37894 76.5401
50.5491 -43.9206 8.93502 79.3895
67.1229 -57.0555 13.0493 97.1978
57.0935 -48.5145 8.68157 83.275
70.1711 -61.0036 15.9487 98.4342
48.1163 -42.491 16.5385 120.68
60.5912 -51.1339 3.55309 98.0602
25.7001 -25.7397 7.02155 95.9476
42.401 -38.7372 2.93196 104.318
45.9135 -41.0495 1.713 108.711
36.1304 -34.5494 5.54248 106.239
41.2265 -37.5183 1.48458 114.1
48.015 -41.8001 1.51067 116.554
15.1069 -15.5726 -21.4828 32.9663
31.766 -27.8678 -20.6526 56.5773
65.7012 -41.588 -29.2368 -76.3059
82.6506 -53.7155 -30.3973 -48.1417
75.4888 -50.5058 -33.5755 -40.7376
73.3555 -50.3072 -37.9699 -28.2892
58.2891 -37.3322 -39.6626 -23.434
20.587 -18.2754 -42.3271 -34.1866
37.5297 -30.1033 -43.179 -5.94749
45.7142 -35.0395 -44.7613 4.63356
66.8797 -47.5862 -46.5258 15.6536
34.4717 -24.9786 -45.1605 -3.5408
48.4749 -36.6119 -47.0325 27.4706
49.1977 -36.9166 -49.1501 39.1763
39.2128 -30.7888 -48.7234 25.7747
43.1457 -32.8833 -51.4095 59.0017
50.5009 -36.8214 -52.3086 68.4687
41.7649 -31.3314 -51.4724 72.7769
32.3309 -25.4357 -45.4126 96.6618
41.0747 -29.8957 -45.8356 104.784
38.7765 -28.0293 -48.081 92.0016
55.7744 -39.3235 -50.4687 125.346
42.2375 -29.5448 -45.6646 106.894
40.5048 -27.6015 -46.923 120.355
32.474 -23.9292 -35.0188 110.479
49.565 -35.0997 -39.5768 149.262
43.3365 -28.0949 -44.973 141.904
9.76231 -5.87009 -43.6396 95.3364
30.2335 -17.0791 -47.5999 134.299
47.1855 -27.9333 -36.4317 131.006
64.1375 -38.7875 -40.5028 169.983
88.5176 -52.2887 -40.7539 180.183
28.6135 -18.8347 -31.5031 142.516
45.6474 -29.6005 -37.6959 187.606
42.1319 -27.7932 -37.3981 197.731
12.1688 -10.0531 -40.6346 181.529
29.1071 -20.6836 -46.4273 226.76
45.61 -27.9209 -27.9408 183.988
62.4633 -38.5213 -33.682 229.306
77.3749 -49.2194 -25.1338 256.456
55.5019 -35.4545 -30.0398 232.109
1.63469 -4.41864 -10.5222 147.792
18.3888 -14.7958 -16.9378 195.605
35.2288 -25.174 -24.8968 248.056
56.8402 -35.7977 -20.5224 222.204
73.5701 -46.2028 -28.082 274.805
63.9602 -41.6721 -19.4637 305.773
50.6282 -35.2824 -28.47 283.518
31.6647 -25.6934 -25.6008 277.657
21.8307 -20.4572 -17.0708 308.669
38.4189 -30.7184 -30.8233 332.551
15.2673 -13.5452 -1.66342 181.049
31.7764 -23.6444 -9.73182 236.306
44.0324 -30.6859 -5.26131 278.394
60.5163 -40.8015 -21.5938 310.558
57.2239 -39.508 -22.5517 315.602
18.8143 -18.4239 -12.1717 257.865
35.2353 -28.4328 -21.8158 319.671
20.8524 -17.5079 -10.7467 255.831
33.9149 -27.7857 -20.3466 317.909
38.163 -29.999 -20.3905 324.839
22.5271 -19.8553 -8.71799 259.228
38.0371 -29.8562 -18.7563 323.523
44.176 -33.0836 -20.8132 331.589
36.2361 -29.0066 -4.54106 305.909
39.9911 -29.9045 -17.6047 378.854
43.0746 -32.6376 -26.044 348.075
10.8047 -12.9897 -5.26165 204.811
26.7844 -22.7955 -18.7418 279.238
42.6864 -32.7027 -31.3316 353.689
55.5015 -40.1356 -39.1257 406.791
54.68 -39.273 -44.7659 357.953
37.5975 -29.9308 -59.0119 350.641
15.7378 -14.1783 -502.911 504.694
31.5196 -23.8626 -682.54 643.319
35.3743 -27.181 -7.38083 363.756
15.796 -12.7064 -14.0023 359.591
28.9748 -22.6565 -19.0657 360.607
36.7244 -26.4241 -22.1123 372.876
17.8333 -12.2807 -23.1811 360.634
33.3663 -21.9171 -32.5043 448.972
30.1536 -20.7818 -30.2594 457.751
43.3737 -28.8081 -23.7286 296.466
59.2695 -39.0274 -32.9675 351.321
67.2638 -44.6051 -33.9717 302.455
55.9967 -34.0775 -34.0703 235.247
40.9332 -30.6467 -34.5523 204.767
27.7205 -25.564 -33.6446 159.122
43.3751 -35.8796 -42.6678 215.304
35.5554 -27.7034 -35.8359 83.5863
34.3437 -24.6351 -29.6639 -165.226
49.7121 -34.958 -38.5443 -106.53
27.8004 -24.248 -47.0575 -36.2962
43.1443 -34.7166 -56.2873 12.5524
55.5707 -42.6228 -71.6373 -25.8571
67.4183 -53.5634 -63.5327 -7.49614
51.7276 -39.9478 -83.2689 -62.5888
18.5807 -18.2608 -85.1782 -135.265
33.6834 -28.8111 -93.3322 -85.206
11.3544 -8.21045 -61.4544 88.4224
26.2862 -18.8084 -69.3293 139.035
39.4871 -19.7144 -30.9933 133.909
54.3175 -30.3047 -39.3076 184.612
69.198 -40.9481 -47.9585 225.864
84.0857 -51.5993 -56.6579 265.754
78.5995 -47.9646 -46.9235 225.803
92.5499 -58.2924 -48.3653 269.209
107.303 -69.0186 -57.1785 309.191
27.1311 -17.2898 -58.4078 93.7844
41.7917 -27.9918 -67.2016 134.014
36.4081 -24.4403 -43.5199 85.7819
14.2209 -7.97877 -26.8194 36.1153
28.7479 -18.6908 -36.233 76.4764
37.5373 -24.114 -34.0952 93.8229
37.2528 -23.9192 -31.4744 79.191
48.5973 -35.1168 -44.2052 85.2081
39.2121 -25.7381 -27.6335 61.7799
36.6556 -24.5651 -25.8689 56.1816
32.1851 -22.4612 -14.6221 32.6963
46.4111 -33.2714 -24.2248 67.0946
43.9348 -31.3235 -24.809 82.9679
38.3526 -28.5133 -23.4816 69.4542
52.4499 -39.3453 -22.2142 53.0134
35.0536 -27.2548 -22.7137 59.4695
32.6573 -26.2322 -21.7191 47.1576
46.5663 -37.0579 -19.1621 45.2277
34.8919 -28.233 -21.483 37.1989
15.2339 -14.0912 -9.93504 8.15096
29.0049 -24.8908 -20.5593 29.4048
26.5768 -22.4234 -21.3804 47.2118
40.2661 -33.2346 -31.9823 68.5139
43.3165 -35.8067 -25.5536 58.6235
31.2349 -31.3063 -24.5513 43.7807
27.2308 -25.3331 -35.0527 59.5275
15.7661 -15.8735 -23.7485 29.3757
29.1162 -26.6841 -34.0823 42.1508
34.6265 -30.0082 -33.2552 35.9846
47.9456 -40.8122 -27.5929 34.2462
49.6982 -40.3757 -38.0057 46.9597
36.794 -32.8318 -39.8809 38.4304
33.4968 -30.8019 -28.2348 19.2053
46.6594 -41.6272 -38.8676 31.7494
30.9655 -28.4659 -28.7064 23.894
28.6202 -26.504 -27.3768 17.1609
25.3947 -23.5626 -37.2729 24.172
30.9225 -27.0593 -25.4164 4.77596
29.5413 -25.8841 -24.1353 -1.43474
42.3353 -36.611 -34.1792 3.2802
33.9473 -27.7666 -10.9065 -6.48611
46.6406 -38.4557 -21.0328 -1.93913
59.3339 -49.1447 -31.159 2.60785
66.2092 -52.1499 -34.7369 -2.37591
78.8403 -62.8787 -44.8624 2.17296
61.3019 -54.0409 -36.8039 19.6427
73.6545 -64.6387 -46.017 17.2949
86.0051 -75.236 -55.2301 14.9471
98.121 -86.0985 -64.4066 12.7732
15.2657 -23.0862 -37.7515 -28.8407
27.5185 -33.6842 -46.9514 -31.2577
17.7281 -24.7654 -45.5461 -17.4815
13.777 -19.7533 -54.9762 -19.2675
19.045 -23.0998 -16.1319 -42.4349
33.7307 -25.838 -2.42684 -21.7141
45.6071 -36.448 -11.5292 -13.6106
31.6678 -23.7612 -9.42338 -12.3121
43.3731 -34.1876 -17.4583 -20.8153
50.0525 -41.9046 -9.1627 -40.0614
46.6264 -35.8383 -17.9153 -30.7801
52.4782 -46.9668 -26.638 -24.2512
27.5882 -28.1369 -21.2248 -28.9675
14.9307 -16.666 -13.9384 -34.9056
26.4589 -27.1163 -22.6773 -28.3897
32.5963 -31.4777 -23.0893 -32.4215
20.093 -19.8347 -14.9729 -40.2004
31.2968 -30.1005 -22.7666 -35.7417
33.5279 -31.669 -21.8833 -42.4447
28.398 -27.777 -12.5436 -51.8529
23.0164 -23.2776 -21.0635 -38.23
26.2656 -25.3862 -19.6432 -43.934
25.0953 -24.1747 -19.4948 -40.6568
16.4982 -15.1804 -11.6452 -27.4986
27.5124 -25.442 -18.0829 -41.0573
32.6105 -29.3045 -16.9308 -46.8976
19.3985 -17.6126 -10.8492 -28.9963
30.0682 -27.6561 -15.9495 -46.7213
32.0039 -29.3561 -14.1714 -53.894
27.1138 -25.9251 -14.1118 -50.6422
15.2335 -14.2621 -3.76932 -64.5436
25.8074 -24.2969 -8.71401 -82.1963
29.5927 -28.0085 -10.7152 -62.1983
20.9559 -22.0342 -7.30408 -41.415
22.8001 -21.8679 -7.69209 -40.2378
33.27 -31.9102 -12.4494 -57.743
38.1228 -36.2642 -10.5637 -68.6745
30.8529 -30.8079 -12.1359 -59.1957
27.8952 -28.6306 -11.553 -58.938
19.3106 -24.2351 -11.7416 -53.3332
17.8416 -20.208 -11.1351 -48.6073
21.9339 -22.8598 -7.01525 -59.1442
31.8767 -32.7399 -14.7988 -48.9884
20.1329 -20.8312 -7.19705 -49.4415
18.7325 -19.5718 -7.31076 -44.9458
28.6703 -29.385 -14.8821 -36.3948
23.8382 -23.0323 0.745746 -72.8601
16.6999 -15.7539 3.82551 -42.047
24.3309 -22.4591 9.07784 -61.3866
33.8687 -31.9674 7.48817 -84.3945
44.7717 -41.7128 10.3175 -98.0066
55.8523 -52.8318 3.32618 -61.3268
41.6022 -43.3071 1.57045 -83.7544
28.9947 -34.4061 -4.93632 -66.1243
17.3924 -25.2312 -9.50057 -50.5149
16.8075 -23.9245 -6.12248 -57.5269
25.5121 -33.9606 -9.0196 -80.0911
34.3918 -43.3588 -9.69751 -104.842
12.4364 -17.1179 28.1108 -92.2408
21.3 -26.3741 20.2951 -78.8417
12.6768 -19.7725 2.64449 -41.4431
21.4397 -29.0883 2.77055 -65.5142
30.2469 -38.3757 2.98931 -89.5792
27.1981 -33.34 0.233445 -79.7637
23.0644 -30.3634 -5.85584 -71.3092
18.5984 -26.3472 -5.63756 -64.8448
27.3364 -35.648 -5.35187 -88.7054
24.2909 -29.0203 -5.80641 -80.2977
21.6497 -26.1937 -3.87497 -76.7871
29.9828 -35.1619 -2.49753 -101.986
20.2113 -23.1521 -7.03853 -72.935
19.0984 -21.5798 -7.65462 -68.9428
27.384 -30.5456 -6.24496 -93.9422
20.954 -21.7221 -3.98643 -70.849
20.2554 -20.8963 -4.41374 -66.9336
28.4942 -29.8586 -2.91323 -91.722
21.5705 -21.4194 -0.889061 -68.2277
20.2528 -20.283 -0.380224 -65.3037
17.7159 -18.2751 -1.1359 -59.5187
25.5176 -26.8682 1.42979 -85.0112
25.666 -21.0125 30.2148 -72.2181
33.3931 -29.6105 32.9879 -97.3614
19.5018 -21.4225 28.9667 -80.8516
27.2029 -30.0167 31.8826 -105.821
16.4447 -19.4817 20.3888 -94.3106
21.1789 -28.386 13.3719 -83.887
21.4771 -29.1519 8.10839 -78.2622
17.5301 -25.8747 4.15944 -66.9906
22.469 -34.3358 -2.29246 -57.0622
15.899 -22.7031 3.29567 -66.5356
6.35632 -10.9865 -1.36728 -35.2648
13.5486 -19.1992 2.51902 -60.2162
16.6829 -21.1259 7.73919 -68.6843
24.2302 -29.3239 13.1257 -77.5134
22.4295 -25.3026 15.4646 -81.6701
21.7766 -22.2852 19.188 -106.458
8.28655 -9.76622 19.5948 -63.6237
16.2004 -17.5534 15.1817 -59.0718
25.2625 -25.1543 19.9795 -83.7878
31.9299 -32.9559 24.6801 -108.289
30.2792 -32.8673 30.0068 -105.462
20.4517 -25.8943 13.2166 -76.4897
22.3115 -34.1823 17.9948 -100.851
12.2448 -18.5182 -2.05872 -53.3726
8.56276 -11.2581 14.0813 -57.424
15.1662 -19.0452 18.9696 -81.5472
21.7697 -26.8323 23.8578 -105.67
28.6788 -32.1754 30.4126 -107.339
7.07979 -11.7792 4.77947 -33.6228
13.2036 -19.1032 10.3191 -57.1074
12.2402 -18.0401 10.7277 -55.693
18.3363 -25.3781 16.242 -79.1173
16.5437 -20.5443 26.5405 -78.4615
14.1708 -18.6899 18.7522 -65.3348
20.2387 -26.028 27.1902 -89.3385
13.3352 -17.4538 19.2385 -64.1846
12.5661 -16.6958 14.965 -56.4488
18.3327 -23.7376 20.8297 -79.0862
16.634 -21.9521 17.2092 -70.4208
12.5498 -15.5144 16.4574 -50.7785
4.31724 -5.84436 14.2413 -30.3162
10.0706 -12.6665 25.7646 -53.6895
12.6817 -14.8896 25.9677 -59.8474
18.9301 -20.3569 34.9217 -74.061
17.0717 -19.5964 27.5228 -64.556
22.5326 -26.4703 33.5887 -86.4745
13.079 -17.128 17.5436 -51.0649
11.2919 -15.532 15.3118 -46.7168
16.2609 -21.8518 21.6086 -67.4555
14.3407 -19.8927 19.325 -48.3533
13.8547 -16.6531 25.0776 -55.6084
18.8322 -22.9499 31.5316 -76.1441
16.9717 -18.2745 43.173 -97.6885
3.78679 -4.56827 13.6748 -30.2537
8.73693 -10.8582 20.1909 -50.5808
13.6871 -17.148 26.707 -70.9078
14.7845 -21.008 19.69 -43.0728
14.3801 -18.6835 26.265 -62.6844
12.8 -17.4659 20.8423 -55.5224
9.41615 -14.4397 13.3591 -44.4323
7.22879 -11.6959 7.89858 -22.1709
8.57269 -12.3574 14.4921 -40.8743
11.2293 -14.004 21.4321 -47.9017
10.4208 -13.2009 19.8544 -44.7906
14.7996 -18.9244 26.43 -63.4211
10.2029 -12.819 19.5669 -42.5791
13.9385 -16.9358 24.6048 -40.7503
18.1072 -22.4345 31.1689 -58.6323
21.9468 -27.5282 37.5789 -75.5054
16.1888 -16.9834 36.2076 -55.5085
14.0352 -16.2921 29.2251 -50.5993
17.8439 -21.389 35.6546 -67.3182
21.5981 -26.5306 41.9111 -84.1243
20.7289 -23.5919 48.3062 -100.857
12.1602 -19.6719 24.3316 -60.7316
6.41384 -14.457 6.87597 -43.8958
10.1092 -6.07878 28.881 -17.4388
13.6827 -11.0124 35.0757 -33.4752
12.7666 -9.02119 38.1713 -54.1772
10.5775 -13.9785 39.968 -59.2342
13.7551 -18.4228 45.9359 -73.7665
8.70391 -11.7741 38.469 -73.2723
8.65364 -16.5262 30.4308 -57.6303
7.07212 -15.3206 9.59666 -48.3166
5.25157 -13.2535 2.37096 -40.1178
4.24451 -11.4632 8.18783 -54.625
6.08071 -12.0069 5.68844 -39.5423
6.14303 -11.2013 7.31601 -38.6485
5.12519 -9.47398 4.56864 -34.0812
6.11312 -9.63048 10.2754 -35.2354
5.29676 -8.47211 9.20994 -31.3596
5.12366 -7.14112 14.4323 -43.6153
5.45438 -7.83636 11.0681 -28.5851
5.34274 -7.52688 11.191 -26.941
3.44386 -4.33201 13.0613 -24.5762
6.19951 -8.04597 13.9595 -27.5139
7.6227 -9.346 17.7273 -31.2638
4.98295 -5.48592 16.1851 -28.7033
6.93492 -8.41144 20.5343 -38.407
6.52186 -8.37855 15.9688 -27.0532
3.38935 0.729476 17.3144 -6.93747
5.31023 -2.20914 17.1564 -6.48925
7.5824 -5.85042 24.15 -17.6363
5.02674 -4.34678 14.4147 -11.4346
6.91388 -7.30902 18.6818 -21.0767
8.80971 -10.2612 22.9718 -30.6897
9.48852 -11.9125 23.8879 -36.0104
10.7574 -13.9986 26.4511 -42.9259
7.15828 -11.2864 16.3804 -34.3666
8.45833 -13.3585 19.5947 -41.2267
1.9025 -6.01956 5.27069 -22.5092
0.935252 -4.49401 1.62303 -17.0069
2.21863 -6.57238 4.79753 -23.8613
1.04055 -1.65271 5.01468 -14.0885
2.32003 -3.73255 4.74696 -13.575
3.20226 -4.22862 7.6158 -15.1867
4.19242 -6.33394 7.52566 -14.2563
3.89868 -6.1117 5.07855 -7.31672
4.57758 -7.24918 6.94707 -11.1321
3.55143 -2.56428 10.421 -8.34321
4.21557 -3.68708 12.2572 -12.1048
3.66776 -3.10876 14.0615 -15.8949
4.33 -4.23249 15.6545 -19.072
3.32791 -3.46858 13.4621 -16.3337
0.0487949 -0.0208006 6.58727 -9.76346
0.705296 -1.14735 8.40394 -13.5282
0.936389 -1.12777 1.4926 -3.41171
1.17467 -1.07152 1.37787 -2.97292
0.805326 -0.0691747 0.738781 0.14294
1.10524 -0.13942 2.09344 1.95442
0.898741 0.474329 1.08248 6.34936
0.931589 0.395865 1.35503 6.00058
0.964437 0.3174 1.62758 5.6518
0.161243 2.47593 1.44372 8.10026
0.40899 2.35088 1.9419 8.07259
0.441277 2.27223 2.21283 7.7229
0.834693 1.88871 3.01242 6.86841
0.90504 1.56603 3.10217 6.29998
0.410648 2.44048 2.03373 8.80615
-0.215699 3.38838 -0.247375 11.9152
-0.883296 4.38095 -2.1948 14.9797
-1.47788 5.45133 -3.67821 18.4239
-2.12601 6.44333 -5.06324 20.3767
-1.28083 5.76026 -1.83694 15.7697
-1.86928 6.83394 -3.30127 19.2212
-1.09429 5.57834 -2.29928 18.9623
-0.400101 5.05927 0.685657 13.3708
-0.94296 6.13693 -1.12406 16.8258
-0.190626 4.0815 -0.677814 14.1437
-9.36038 -11.0543 -12.8088 -3.18822
-9.36038 -11.0543 -12.8088 -3.18822
-9.11567 -11.6003 -12.0603 -5.01395
-9.13718 -10.6152 -11.4425 -5.0832
-9.02544 -9.32348 -10.3098 -4.93352
-9.30183 -6.90707 -9.20071 -4.67656
-9.30183 -6.90707 -9.20071 -4.67656
-8.20903 -5.93387 -7.25251 -4.13496
-7.81585 -5.10224 -6.44655 -3.85058
-7.40013 -4.38285 -5.74437 -3.56145
-7.40013 -4.38285 -5.74437 -3.56145
-6.5032 -3.29614 -4.46056 -3.30856
-6.06166 -2.86294 -4.06837 -2.81628
-5.76757 -2.15553 -3.16471 -2.59805
-5.76757 -2.15553 -3.16471 -2.59805
-5.2212 -2.15595 -3.24996 -2.38086
-4.4411 -1.64039 -2.59068 -2.01987
-4.08244 -1.4253 -2.31439 -1.85623
-3.7461 -1.22886 -2.12518 -1.55546
-3.7461 -1.22886 -2.12518 -1.55546
-3.48889 -0.912388 -1.64686 -1.43776
-2.84589 -0.788914 -1.46735 -1.32009
-2.58257 -0.671818 -1.30672 -1.21204
-1.89002 -0.388789 -0.914696 -0.938472
-1.89002 -0.388789 -0.914696 -0.938472
-1.89002 -0.388789 -0.914696 -0.938472
-1.68886 -0.309513 -0.687631 -0.865637
-1.47294 -0.315795 -0.687631 -0.865637
-0.590696 -0.00091708 -0.365098 -0.518862
-0.590696 -0.00091708 -0.296957 -0.522438
-0.487718 0.0688135 -0.267171 -0.440544
-0.379308 0.0990625 -0.22598 -0.406448
-0.277501 0.126029 -0.190253 -0.373075
1.72347 -5.40762 -1.26221 -0.296266
7.2763 -12.2062 3.36671 -7.75058
9.63061 -18.9096 3.35026 -7.7579
16.0927 -30.1235 20.3907 -38.8899
16.7151 -30.1237 20.3907 -38.8899
18.3336 -34.476 21.234 -38.964
20.0917 -41.6003 27.3213 -59.266
20.0917 -41.6003 26.8924 -59.1848
20.0917 -41.6003 26.8924 -59.1848
20.6243 -46.7015 28.4354 -67.8135
20.6526 -49.0007 28.5071 -71.3933
20.5652 -51.0864 28.368 -74.5529
17.5238 -61.5454 23.6229 -91.0665
17.635 -62.4196 23.6229 -91.0665
16.7641 -63.0996 22.5036 -92.0483
16.6396 -63.1325 22.322 -92.0926
17.17 -66.9524 22.5068 -95.9398
17.4157 -69.0056 22.5416 -97.8657
17.4483 -71.0073 22.3262 -99.7345
17.4483 -71.0073 22.3262 -99.7345
17.6047 -74.396 22.1954 -102.801
17.7005 -76.2797 22.0876 -104.358
17.5831 -78.0936 21.7308 -105.857
17.5831 -78.0936 21.7308 -105.857
17.5624 -81.1818 21.4219 -108.309
17.6343 -82.9882 21.243 -109.628
17.5059 -84.7527 20.822 -112.094
17.657 -86.4665 20.822 -112.094
17.6732 -88.0438 20.5404 -113.147
17.7806 -89.8897 20.3382 -114.28
17.8675 -91.6796 20.1043 -115.339
17.8699 -91.7209 20.5713 -115.53
17.8699 -91.7209 20.5713 -115.53
17.999 -96.8125 19.3067 -118.237
18.0534 -98.574 18.6989 -119.153
18.0534 -98.574 18.6989 -119.153
18.1259 -102.052 18.5551 -120.257
17.9441 -102.084 18.341 -120.29
18.3269 -105.73 17.627 -122.765
18.4216 -107.549 17.7611 -123.757
18.3001 -109.405 17.2637 -124.658
18.6234 -111.331 17.2681 -124.659
18.6754 -113.127 16.4861 -125.899
18.9063 -115.297 16.6715 -126.853
19.2516 -119.477 16.2241 -127.71
19.2516 -119.477 15.7105 -128.27
19.0486 -119.479 15.8566 -129.014
19.536 -123.556 15.637 -129.745
19.7713 -127.628 15.0963 -130.806
19.7713 -127.628 15.0963 -130.806
19.5765 -129.567 14.5616 -131.899
19.5765 -129.567 14.5616 -131.899
19.9964 -133.694 14.3295 -132.444
20.5428 -138.82 13.9437 -133.139
20.5475 -138.819 14.0006 -133.777
20.629 -141.019 13.8009 -134.387
20.8406 -143.452 13.5866 -134.856
20.5991 -143.487 13.3597 -134.879
21.0233 -145.824 13.3723 -135.273
20.5892 -148.009 12.6911 -135.712
20.5892 -148.009 12.6911 -135.712
21.2242 -154.427 12.5621 -137.13
21.366 -156.95 12.3966 -137.685
21.5964 -161.887 12.0667 -138.864
21.5964 -161.887 12.0667 -138.864
21.6487 -164.127 11.8451 -139.08
22.1707 -166.888 -72.8156 207.052
21.8438 -166.931 -72.4078 207.192
