0.169535 -0.149222 -0.192366 -0.149249
0.169533 -0.149226 -0.192368 -0.149253
0.169533 -0.149226 -0.192368 -0.149253
0.169533 -0.149226 -0.192368 -0.149253
0.169532 -0.149252 -0.192382 -0.149284
0.169532 -0.149252 -0.192369 -0.149285
0.169529 -0.149273 -0.192372 -0.149308
0.169513 -0.149325 -0.192382 -0.14936
0.169519 -0.149326 -0.192382 -0.149361
0.169511 -0.14936 -0.192391 -0.149396
0.169507 -0.149395 -0.192395 -0.149443
0.169507 -0.149395 -0.192414 -0.149481
0.169457 -0.149548 -0.192426 -0.149543
0.169457 -0.149548 -0.192447 -0.149586
0.169414 -0.149672 -0.192467 -0.14966
0.169414 -0.149672 -0.19249 -0.149706
0.169405 -0.149725 -0.192499 -0.149797
0.169359 -0.149808 -0.192545 -0.14984
0.169349 -0.149868 -0.192556 -0.149945
0.169349 -0.149868 -0.192556 -0.149945
0.169241 -0.15003 -0.192649 -0.150061
0.169265 -0.150015 -0.192625 -0.150099
0.169127 -0.150187 -0.192733 -0.150217
0.169061 -0.150266 -0.192779 -0.150296
0.169023 -0.150239 -0.192802 -0.150329
0.168825 -0.150468 -0.192931 -0.150538
0.168825 -0.150507 -0.192931 -0.150537
0.168765 -0.15056 -0.192958 -0.15065
0.168765 -0.15056 -0.192958 -0.15065
0.168576 -0.150716 -0.193076 -0.150806
0.168576 -0.150716 -0.193076 -0.150806
0.168339 -0.150901 -0.19323 -0.15093
0.167267 -0.151614 -0.194065 -0.151649
0.167267 -0.151614 -0.194065 -0.151649
0.167092 -0.151777 -0.194212 -0.15181
0.167092 -0.151777 -0.194251 -0.151807
0.166959 -0.151831 -0.194328 -0.151849
0.166812 -0.151886 -0.194454 -0.151869
0.166801 -0.151908 -0.194483 -0.151923
0.166646 -0.151956 -0.194568 -0.15194
0.166646 -0.151956 -0.194568 -0.15194
0.166558 -0.151991 -0.194671 -0.152008
0.166392 -0.152024 -0.194867 -0.152002
0.166392 -0.152023 -0.194885 -0.152034
0.166308 -0.152033 -0.194968 -0.152043
0.16613 -0.152048 -0.195125 -0.152024
0.16613 -0.152048 -0.195125 -0.152024
0.16605 -0.15203 -0.195222 -0.152039
0.165967 -0.152012 -0.195396 -0.152012
0.165874 -0.152003 -0.195396 -0.152012
0.165786 -0.151983 -0.195483 -0.151991
0.165706 -0.151933 -0.195576 -0.151943
0.165606 -0.151927 -0.195661 -0.151935
0.165516 -0.151892 -0.19575 -0.1519
0.165439 -0.151818 -0.195839 -0.151825
0.165439 -0.151818 -0.195931 -0.151816
0.165242 -0.151759 -0.196022 -0.151769
0.165031 -0.1517 -0.196107 -0.151668
0.165058 -0.151648 -0.196204 -0.151659
0.164938 -0.15164 -0.196311 -0.151628
0.16449 -0.151252 -0.19684 -0.151175
0.164327 -0.151091 -0.196927 -0.151098
0.164197 -0.151096 -0.196946 -0.151064
0.164239 -0.151016 -0.196946 -0.151064
0.164153 -0.150935 -0.197097 -0.15094
0.164048 -0.150874 -0.197284 -0.150814
0.163985 -0.150777 -0.197284 -0.150814
0.163902 -0.150698 -0.197344 -0.150695
0.163801 -0.15063 -0.197504 -0.150526
0.163692 -0.150618 -0.197504 -0.150527
0.163766 -0.150461 -0.197583 -0.150444
0.163608 -0.150293 -0.197738 -0.150274
0.163501 -0.150281 -0.197738 -0.150274
0.163423 -0.150196 -0.197814 -0.150189
0.163346 -0.150109 -0.197919 -0.150155
0.163346 -0.150109 -0.197919 -0.150155
0.163194 -0.149937 -0.19804 -0.14993
0.163073 -0.149935 -0.198052 -0.149909
0.16308 -0.149686 -0.198328 -0.149789
0.16308 -0.149686 -0.198261 -0.149667
0.162897 -0.149586 -0.198334 -0.149579
0.162862 -0.14942 -0.198517 -0.149468
0.162862 -0.14942 -0.198479 -0.1494
0.162679 -0.149318 -0.198551 -0.149312
0.16201 -0.148497 -0.199219 -0.148468
0.161915 -0.148499 -0.199301 -0.148445
0.161978 -0.148374 -0.199239 -0.148293
0.161813 -0.148226 -0.199413 -0.148214
0.161755 -0.148177 -0.19947 -0.148141
0.161789 -0.148114 -0.199447 -0.1481
0.161674 -0.148051 -0.199549 -0.148037
0.161542 -0.147885 -0.19968 -0.147872
0.161542 -0.147885 -0.19968 -0.147872
0.161542 -0.147885 -0.19968 -0.147872
0.161458 -0.14778 -0.199764 -0.147765
0.161458 -0.14778 -0.199764 -0.147765
0.161416 -0.147728 -0.199806 -0.147713
0.161333 -0.147619 -0.199806 -0.147616
0.161333 -0.147619 -0.199891 -0.147606
0.161291 -0.147566 -0.199933 -0.147554
0.161266 -0.147496 -0.199959 -0.147526
0.161189 -0.147486 -0.19992 -0.147456
0.161166 -0.147398 -0.200063 -0.14739
0.161146 -0.147316 -0.200084 -0.147369
0.16108 -0.147279 -0.200152 -0.147274
0.161037 -0.14722 -0.200197 -0.147217
0.161021 -0.14713 -0.200215 -0.1472
0.160935 -0.147119 -0.200165 -0.147111
0.160934 -0.147005 -0.200307 -0.147079
0.160847 -0.146994 -0.200382 -0.146973
0.160905 -0.146915 -0.200481 -0.147001
0.160771 -0.146835 -0.200477 -0.146841
0.160679 -0.146695 -0.200629 -0.146805
0.160679 -0.146697 -0.200574 -0.146707
0.160663 -0.146597 -0.200731 -0.146668
0.160584 -0.146554 -0.200673 -0.146566
0.160536 -0.146482 -0.200723 -0.146494
0.160438 -0.146327 -0.200686 -0.146364
0.160438 -0.146329 -0.200686 -0.146364
0.160387 -0.146253 -0.200879 -0.146268
0.160366 -0.146143 -0.200903 -0.146234
0.160284 -0.146091 -0.200987 -0.146109
0.160179 -0.145928 -0.201156 -0.146052
0.160179 -0.145928 -0.201156 -0.146052
0.160096 -0.145735 -0.201303 -0.14603
0.160096 -0.145735 -0.201303 -0.14603
0.160096 -0.145735 -0.201303 -0.14603
0.159984 -0.14557 -0.201299 -0.145643
0.159878 -0.145556 -0.201242 -0.145543
0.159853 -0.145416 -0.201433 -0.145434
0.159818 -0.145305 -0.201469 -0.145378
0.159708 -0.145291 -0.201409 -0.145272
0.159681 -0.145145 -0.20161 -0.145162
0.15926 -0.144499 -0.202038 -0.144519
0.15926 -0.144499 -0.202038 -0.144519
0.158936 -0.144154 -0.202396 -0.144227
0.158936 -0.144154 -0.202396 -0.144227
0.158923 -0.144005 -0.202376 -0.144017
0.158869 -0.14393 -0.202429 -0.14394
0.158721 -0.143851 -0.202535 -0.143785
0.158761 -0.143781 -0.202535 -0.143785
0.158707 -0.143708 -0.202589 -0.143711
0.158613 -0.143701 -0.202677 -0.143693
0.158598 -0.143561 -0.202698 -0.143562
0.158541 -0.143487 -0.202754 -0.143487
0.15845 -0.143473 -0.202848 -0.143475
0.158426 -0.14334 -0.202869 -0.143339
0.158375 -0.143256 -0.202921 -0.143274
0.158277 -0.143241 -0.20303 -0.143258
0.158247 -0.143115 -0.20305 -0.143114
0.158199 -0.143022 -0.203098 -0.143057
0.158059 -0.142885 -0.20324 -0.142885
0.158059 -0.142885 -0.20324 -0.142885
0.158015 -0.142786 -0.203286 -0.142835
0.158015 -0.142787 -0.203237 -0.14275
0.157866 -0.142654 -0.203437 -0.142653
0.1578 -0.142575 -0.203504 -0.142574
0.157825 -0.142548 -0.203572 -0.142495
0.157602 -0.142339 -0.203708 -0.142339
0.157602 -0.142339 -0.203708 -0.142339
0.157645 -0.142279 -0.203776 -0.142262
0.157691 -0.142217 -0.2039 -0.142277
0.157334 -0.142025 -0.204034 -0.142119
0.157334 -0.142025 -0.204034 -0.142119
0.157312 -0.141888 -0.204022 -0.14199
0.157201 -0.141869 -0.203968 -0.141897
0.157134 -0.141792 -0.204187 -0.141794
0.157111 -0.141654 -0.204379 -0.14173
0.157111 -0.141654 -0.204325 -0.141637
0.156934 -0.141557 -0.204393 -0.14156
0.156788 -0.141422 -0.20443 -0.141523
0.156788 -0.141422 -0.20443 -0.141523
0.156766 -0.141285 -0.204566 -0.141368
0.156766 -0.141285 -0.20451 -0.141273
0.156603 -0.141166 -0.204734 -0.141169
0.156635 -0.141128 -0.204701 -0.141213
0.156381 -0.14097 -0.204937 -0.140931
0.156381 -0.14097 -0.204937 -0.140931
0.156372 -0.140814 -0.204971 -0.140896
0.156372 -0.140814 -0.204971 -0.140896
0.156212 -0.140695 -0.205135 -0.140697
0.156021 -0.140459 -0.205331 -0.140459
0.156021 -0.140459 -0.205331 -0.140459
0.156066 -0.140402 -0.205395 -0.140383
0.156066 -0.140402 -0.205395 -0.140383
0.156004 -0.140325 -0.205362 -0.140428
0.156038 -0.140286 -0.205328 -0.140475
0.156038 -0.140286 -0.205328 -0.140475
0.155752 -0.140037 -0.204994 -0.140228
0.155752 -0.140037 -0.204994 -0.140228
0.155482 -0.139805 -0.2052 -0.140001
0.155482 -0.139805 -0.2052 -0.140001
0.155513 -0.139768 -0.20512 -0.139957
0.155513 -0.139768 -0.20512 -0.139957
0.155338 -0.139578 -0.205057 -0.13975
0.155338 -0.139578 -0.205057 -0.13975
0.155288 -0.13951 -0.206086 -0.1395
0.155188 -0.139371 -0.206044 -0.139384
0.155188 -0.139371 -0.20619 -0.139357
0.155139 -0.139301 -0.206241 -0.139287
0.155042 -0.13916 -0.206186 -0.139174
0.155042 -0.13916 -0.206186 -0.139174
0.154994 -0.139088 -0.206392 -0.139075
0.154901 -0.138946 -0.206328 -0.138965
0.154901 -0.138946 -0.206328 -0.138965
0.154856 -0.138876 -0.206537 -0.138863
0.154774 -0.138724 -0.20646 -0.138749
0.154774 -0.138724 -0.20646 -0.13875
0.154726 -0.138662 -0.206674 -0.138649
0.154651 -0.13851 -0.206589 -0.138538
0.154645 -0.13852 -0.206761 -0.138505
0.154568 -0.13838 -0.206918 -0.138489
0.154568 -0.13838 -0.206844 -0.138365
0.154581 -0.138259 -0.206993 -0.138351
0.154497 -0.138243 -0.20692 -0.13823
0.154464 -0.138177 -0.206956 -0.138163
0.154494 -0.138041 -0.206929 -0.138185
0.154494 -0.138041 -0.206929 -0.138185
0.154374 -0.13798 -0.207054 -0.137965
0.154347 -0.137917 -0.207084 -0.137899
0.154371 -0.137805 -0.207213 -0.137899
0.154298 -0.137792 -0.207139 -0.137776
0.154277 -0.137732 -0.207163 -0.137716
0.154257 -0.137672 -0.207187 -0.137654
0.154257 -0.137672 -0.207187 -0.137654
0.154291 -0.137395 -0.207103 -0.13746
0.154254 -0.137455 -0.207103 -0.137459
0.154194 -0.137444 -0.207261 -0.137428
0.154251 -0.137315 -0.207207 -0.137479
0.154251 -0.137315 -0.207207 -0.137479
0.154237 -0.137208 -0.207228 -0.137375
0.154184 -0.137199 -0.207227 -0.137376
0.154156 -0.137186 -0.207315 -0.137166
0.154228 -0.137053 -0.207246 -0.137229
0.154179 -0.137044 -0.207167 -0.137097
0.154152 -0.13704 -0.207329 -0.13702
0.154157 -0.136947 -0.207331 -0.136927
0.154157 -0.136947 -0.207331 -0.136927
0.15421 -0.136865 -0.20733 -0.137137
0.15421 -0.136865 -0.20725 -0.137004
0.154223 -0.136718 -0.207239 -0.136921
0.154216 -0.136694 -0.207294 -0.136676
0.154216 -0.136694 -0.207294 -0.136676
0.154216 -0.136694 -0.207294 -0.136676
0.15425 -0.13662 -0.207268 -0.136603
0.15425 -0.13662 -0.207268 -0.136603
0.154269 -0.136586 -0.207252 -0.136565
0.154312 -0.136519 -0.207065 -0.136526
0.154312 -0.136519 -0.207065 -0.136526
0.154312 -0.136519 -0.207065 -0.136526
0.154506 -0.136296 -0.20704 -0.136517
0.15446 -0.136372 -0.20704 -0.136517
0.154485 -0.136347 -0.207069 -0.136334
0.154611 -0.136222 -0.207006 -0.136285
0.154606 -0.136222 -0.207006 -0.136285
0.154595 -0.136282 -0.206972 -0.136265
0.15473 -0.136154 -0.206901 -0.136224
0.15473 -0.136154 -0.206901 -0.136224
0.154717 -0.136224 -0.206864 -0.136206
0.15476 -0.136207 -0.20691 -0.136329
0.154804 -0.13619 -0.206786 -0.136168
0.154896 -0.136157 -0.206792 -0.136282
0.154896 -0.136157 -0.206792 -0.136282
0.154943 -0.136141 -0.206662 -0.136122
0.155042 -0.136113 -0.206417 -0.136124
0.155042 -0.136113 -0.206417 -0.136124
0.155093 -0.136099 -0.206528 -0.136082
0.155146 -0.136088 -0.206481 -0.136068
0.155273 -0.135957 -0.206272 -0.136088
0.155244 -0.136064 -0.206472 -0.136203
0.155312 -0.136058 -0.206331 -0.136041
0.155491 -0.136038 -0.20617 -0.136022
0.155612 -0.135899 -0.206048 -0.136206
0.155632 -0.135902 -0.206048 -0.136205
0.155554 -0.136032 -0.206113 -0.136021
0.15574 -0.135888 -0.205932 -0.136208
0.15574 -0.135888 -0.205932 -0.136208
0.155665 -0.136177 -0.205933 -0.136016
0.155665 -0.136177 -0.205933 -0.136016
0.156019 -0.13589 -0.205678 -0.136218
0.155959 -0.136045 -0.205744 -0.136022
0.156031 -0.13605 -0.205679 -0.136031
0.156144 -0.136062 -0.20564 -0.13621
0.156178 -0.136068 -0.205545 -0.136045
0.156254 -0.136076 -0.205476 -0.136058
0.156472 -0.135926 -0.205265 -0.136282
0.156369 -0.136097 -0.205431 -0.136249
0.156569 -0.136132 -0.205189 -0.136117
0.156569 -0.136132 -0.205189 -0.136117
0.156878 -0.136005 -0.205046 -0.136343
0.156878 -0.136005 -0.205046 -0.136343
0.156878 -0.136005 -0.205046 -0.136343
0.157034 -0.136263 -0.204652 -0.136455
0.15709 -0.136272 -0.204652 -0.136455
0.15709 -0.136272 -0.204712 -0.136263
0.157181 -0.136303 -0.204628 -0.136293
0.157392 -0.136141 -0.204481 -0.136515
0.157368 -0.136371 -0.204458 -0.136352
0.157521 -0.136194 -0.204305 -0.136582
0.159518 -0.137272 -0.202458 -0.137315
0.159518 -0.137272 -0.202458 -0.137315
0.159801 -0.137279 -0.20216 -0.137533
0.159801 -0.137279 -0.20216 -0.137533
0.159816 -0.137419 -0.202138 -0.137452
0.159911 -0.137462 -0.202034 -0.137494
0.160095 -0.137409 -0.201847 -0.13765
0.160115 -0.137544 -0.201834 -0.137555
0.160218 -0.137577 -0.201737 -0.137592
0.160416 -0.137498 -0.201547 -0.137758
0.160416 -0.137642 -0.201609 -0.137746
0.160511 -0.137667 -0.201465 -0.137673
0.160603 -0.137696 -0.20138 -0.137694
0.160809 -0.137585 -0.201182 -0.137881
0.160781 -0.137741 -0.201217 -0.137739
0.160867 -0.137763 -0.201137 -0.137762
0.16108 -0.137635 -0.200931 -0.137965
0.161034 -0.13781 -0.200985 -0.1378
0.161115 -0.13783 -0.200911 -0.137823
0.161337 -0.137689 -0.200697 -0.138045
0.161276 -0.137881 -0.200766 -0.137869
0.161355 -0.137905 -0.200694 -0.137895
0.161586 -0.137755 -0.200471 -0.138138
0.161513 -0.137967 -0.200553 -0.137947
0.161591 -0.137997 -0.200482 -0.137982
0.161671 -0.138035 -0.200411 -0.138015
0.161751 -0.138075 -0.200339 -0.138052
0.161999 -0.137915 -0.200099 -0.138337
0.161999 -0.137915 -0.200099 -0.138337
0.162066 -0.138457 -0.20017 -0.139393
0.162435 -0.138495 -0.199725 -0.138511
0.162529 -0.138571 -0.19964 -0.13858
0.162721 -0.13873 -0.199468 -0.138728
0.162721 -0.13873 -0.199468 -0.138728
0.162978 -0.138622 -0.199351 -0.139013
0.162919 -0.138906 -0.19929 -0.138894
0.163019 -0.138995 -0.19926 -0.139099
0.163022 -0.139083 -0.199171 -0.139195
0.163126 -0.13918 -0.199076 -0.139285
0.163433 -0.139396 -0.198829 -0.139375
0.163608 -0.139188 -0.198654 -0.139623
0.163714 -0.139198 -0.198734 -0.139478
0.163758 -0.139739 -0.198539 -0.139703
0.163758 -0.139739 -0.198539 -0.139703
0.163758 -0.139739 -0.198539 -0.139703
0.163981 -0.139974 -0.19834 -0.139947
0.164297 -0.13987 -0.198136 -0.1402
0.164296 -0.139869 -0.198136 -0.1402
0.164329 -0.140372 -0.198031 -0.140334
0.164448 -0.140515 -0.197925 -0.140469
0.16457 -0.140659 -0.197817 -0.140611
0.16457 -0.140659 -0.197817 -0.140611
0.165056 -0.140546 -0.197478 -0.141081
0.16508 -0.141271 -0.197177 -0.14126
0.16508 -0.141271 -0.197365 -0.141229
0.165459 -0.141146 -0.197 -0.141735
0.165459 -0.141146 -0.19693 -0.141593
0.165493 -0.141775 -0.196999 -0.141735
0.165892 -0.141656 -0.196615 -0.142263
0.165892 -0.141655 -0.196615 -0.142263
0.165935 -0.14232 -0.196606 -0.142279
0.166197 -0.142012 -0.196343 -0.142641
0.166408 -0.142904 -0.196186 -0.142857
0.166573 -0.143101 -0.195913 -0.14323
0.166573 -0.143101 -0.196106 -0.143199
0.166741 -0.143298 -0.19589 -0.143268
0.167089 -0.143726 -0.195581 -0.143684
0.167089 -0.143726 -0.195581 -0.143684
0.167268 -0.143939 -0.195422 -0.143899
0.167742 -0.143823 -0.194968 -0.144509
0.167637 -0.14438 -0.194902 -0.144368
0.167827 -0.144604 -0.194925 -0.144564
0.168323 -0.144484 -0.19445 -0.145195
0.168323 -0.144484 -0.19445 -0.145195
0.168729 -0.144938 -0.194088 -0.145673
0.168729 -0.144938 -0.194088 -0.145673
0.16993 -0.146986 -0.193024 -0.14698
0.16993 -0.146986 -0.193024 -0.14698
0.170241 -0.146629 -0.192713 -0.147388
0.170104 -0.147703 -0.192203 -0.147743
0.170104 -0.147704 -0.192203 -0.147743
0.171443 -0.147614 -0.191877 -0.148206
0.171443 -0.147614 -0.191877 -0.148206
0.171349 -0.14845 -0.19165 -0.148447
0.17184 -0.148937 -0.191205 -0.148923
0.17184 -0.148936 -0.191205 -0.148923
0.172089 -0.149167 -0.190983 -0.149158
0.172593 -0.149647 -0.190372 -0.149647
0.172592 -0.149646 -0.190533 -0.149626
0.172847 -0.149874 -0.190306 -0.149859
0.173882 -0.15078 -0.189587 -0.15127
0.173882 -0.15078 -0.189587 -0.15127
0.174949 -0.151657 -0.188491 -0.151831
0.174949 -0.151657 -0.188491 -0.151831
0.174949 -0.151657 -0.188491 -0.151831
0.175764 -0.152302 -0.187693 -0.152308
0.175764 -0.152302 -0.187693 -0.152308
0.176038 -0.152508 -0.187449 -0.152519
0.176312 -0.152725 -0.187205 -0.152725
0.176636 -0.152349 -0.186879 -0.153124
0.177191 -0.152546 -0.186552 -0.153524
0.17942 -0.149883 -0.184573 -0.156217
0.17942 -0.149883 -0.184573 -0.156217
0.179797 -0.154765 -0.183933 -0.155488
0.179797 -0.154765 -0.183933 -0.155488
0.180781 -0.155521 -0.182933 -0.1562
0.180499 -0.156026 -0.182933 -0.1562
0.180946 -0.156196 -0.182708 -0.156232
0.181682 -0.156029 -0.182278 -0.156717
0.181395 -0.156545 -0.182278 -0.156717
0.181642 -0.156704 -0.181977 -0.15672
0.182481 -0.156506 -0.181568 -0.157224
0.18218 -0.157047 -0.181568 -0.157224
0.182445 -0.157204 -0.181264 -0.157203
0.183293 -0.15698 -0.180698 -0.157749
0.183292 -0.156978 -0.180869 -0.157733
0.183581 -0.157313 -0.18029 -0.158297
0.183254 -0.1579 -0.180474 -0.15828
0.18438 -0.157621 -0.179733 -0.15846
0.18438 -0.157621 -0.179655 -0.158241
0.184293 -0.158434 -0.179625 -0.15841
0.184301 -0.158657 -0.179388 -0.158602
0.185648 -0.159468 -0.178425 -0.159453
0.185648 -0.159468 -0.178425 -0.159453
0.185914 -0.159961 -0.177995 -0.160123
0.18621 -0.159937 -0.177928 -0.159924
0.186495 -0.160178 -0.177675 -0.160173
0.187206 -0.159954 -0.176998 -0.160895
0.186763 -0.160743 -0.177164 -0.160689
0.187371 -0.160984 -0.176904 -0.160968
0.1892 -0.160515 -0.175243 -0.162544
0.188585 -0.162186 -0.175836 -0.162178
0.189031 -0.16167 -0.175389 -0.162664
0.190175 -0.163832 -0.17444 -0.163868
0.190175 -0.163832 -0.17444 -0.163868
0.190929 -0.163671 -0.173724 -0.164679
0.190929 -0.163671 -0.173899 -0.164669
0.191159 -0.164892 -0.173579 -0.16492
0.191935 -0.164756 -0.172845 -0.165745
0.191935 -0.164756 -0.173033 -0.165739
0.192155 -0.166005 -0.172711 -0.166008
0.19296 -0.165851 -0.172161 -0.166861
0.192825 -0.16678 -0.172128 -0.166757
0.193161 -0.167155 -0.171836 -0.167142
0.193995 -0.166985 -0.171276 -0.168029
0.193838 -0.167945 -0.171276 -0.168029
0.194523 -0.16875 -0.170646 -0.168738
0.194523 -0.16875 -0.170646 -0.168738
0.19539 -0.168564 -0.169791 -0.169577
0.195222 -0.169583 -0.170037 -0.169566
0.195575 -0.17001 -0.16973 -0.169986
0.19649 -0.169814 -0.16886 -0.170971
0.196652 -0.171338 -0.168791 -0.171302
0.196652 -0.171338 -0.168791 -0.171302
0.200127 -0.174362 -0.165612 -0.17562
0.200127 -0.174362 -0.165598 -0.175571
0.200089 -0.175716 -0.165258 -0.175992
0.20109 -0.175482 -0.164764 -0.176916
0.20109 -0.175482 -0.164764 -0.176916
0.200639 -0.176952 -0.164411 -0.17734
0.200782 -0.177591 -0.164064 -0.177782
0.200782 -0.177591 -0.164064 -0.177782
0.201732 -0.178089 -0.162858 -0.179131
0.201732 -0.178089 -0.162858 -0.179131
0.202332 -0.179932 -0.162356 -0.179937
0.202332 -0.179932 -0.162356 -0.179937
0.202723 -0.18036 -0.162018 -0.180359
0.203687 -0.180156 -0.161115 -0.181292
0.203503 -0.181216 -0.161358 -0.1812
0.203892 -0.181638 -0.161021 -0.181621
0.204676 -0.182503 -0.160346 -0.182469
0.204676 -0.182503 -0.160346 -0.182469
0.205069 -0.182932 -0.160002 -0.182899
0.205255 -0.183953 -0.158984 -0.183913
0.205255 -0.183953 -0.158984 -0.183913
0.206272 -0.184272 -0.158949 -0.184226
0.207398 -0.183939 -0.157872 -0.185293
0.207398 -0.183939 -0.157872 -0.185293
0.207519 -0.185671 -0.157855 -0.185624
0.208706 -0.18532 -0.156718 -0.186745
0.208386 -0.186677 -0.157095 -0.186601
0.208828 -0.187162 -0.156706 -0.18711
0.21055 -0.187329 -0.155096 -0.18882
0.21055 -0.187329 -0.155096 -0.18882
0.210213 -0.188753 -0.155493 -0.188699
0.210687 -0.189269 -0.15507 -0.189248
0.210299 -0.190053 -0.15422 -0.189823
0.211669 -0.190425 -0.154212 -0.190382
0.212173 -0.191028 -0.153772 -0.190964
0.213562 -0.190651 -0.152872 -0.192176
0.213562 -0.190651 -0.152872 -0.192176
0.214047 -0.190444 -0.15152 -0.193495
0.21134 -0.194097 -0.151937 -0.193432
0.214812 -0.194098 -0.151461 -0.194071
0.21738 -0.19349 -0.150043 -0.19544
0.21738 -0.19349 -0.150496 -0.195426
0.216503 -0.196082 -0.149989 -0.19606
0.218057 -0.195706 -0.148506 -0.197478
0.218057 -0.195706 -0.148506 -0.197478
0.218267 -0.198144 -0.148456 -0.198133
0.219855 -0.197741 -0.146944 -0.199565
0.221124 -0.197422 -0.147411 -0.199535
0.22064 -0.200865 -0.146356 -0.200928
0.22064 -0.200865 -0.146356 -0.200928
0.221616 -0.199809 -0.145828 -0.201615
0.221615 -0.202034 -0.145301 -0.202292
0.221615 -0.202034 -0.145301 -0.202292
0.224898 -0.200306 -0.143726 -0.204284
0.221934 -0.20387 -0.143726 -0.204284
0.223133 -0.204039 -0.143196 -0.204943
0.224389 -0.203399 -0.141729 -0.206231
0.22308 -0.204979 -0.142153 -0.20621
0.22685 -0.202144 -0.140058 -0.208675
0.22685 -0.202144 -0.140058 -0.208675
0.229477 -0.202109 -0.135696 -0.213049
0.227914 -0.203889 -0.135696 -0.213049
0.228313 -0.203438 -0.135124 -0.21344
0.229448 -0.202143 -0.133987 -0.214166
0.229131 -0.2027 -0.133987 -0.214166
0.229549 -0.202329 -0.133425 -0.214529
0.2307 -0.201061 -0.132364 -0.215369
0.230389 -0.201641 -0.132339 -0.215269
0.230812 -0.201258 -0.13181 -0.215662
0.232017 -0.200013 -0.130452 -0.216574
0.231974 -0.19997 -0.130454 -0.216494
0.232085 -0.200198 -0.130294 -0.216925
0.233303 -0.198943 -0.128942 -0.217884
0.233264 -0.198906 -0.128954 -0.217873
0.23336 -0.199227 -0.128863 -0.218299
0.234241 -0.198581 -0.127522 -0.219289
0.234241 -0.198581 -0.127522 -0.219289
0.235233 -0.197501 -0.127078 -0.21977
0.235687 -0.19711 -0.126612 -0.220271
0.236526 -0.196422 -0.125708 -0.221285
0.235939 -0.197057 -0.126128 -0.221275
0.236379 -0.19664 -0.125614 -0.22155
0.23789 -0.1952 -0.12421 -0.222341
0.237261 -0.195897 -0.124581 -0.222157
0.238592 -0.194666 -0.123013 -0.223217
0.238592 -0.194666 -0.123043 -0.223193
0.238592 -0.194666 -0.123043 -0.223193
0.239467 -0.193781 -0.122011 -0.224013
0.23989 -0.193375 -0.121558 -0.224373
0.23989 -0.193375 -0.121558 -0.224373
0.240991 -0.1921 -0.120267 -0.225191
0.240698 -0.192605 -0.120577 -0.225184
0.241079 -0.192213 -0.120116 -0.225582
0.242132 -0.190952 -0.118829 -0.226423
0.242132 -0.190952 -0.118829 -0.226423
0.242153 -0.191035 -0.118728 -0.226832
0.242818 -0.190223 -0.117435 -0.227688
0.242818 -0.190223 -0.117835 -0.227677
0.243486 -0.189306 -0.116966 -0.228521
0.243486 -0.189306 -0.116966 -0.228521
0.245205 -0.186889 -0.114414 -0.230203
0.245186 -0.1869 -0.114404 -0.230211
0.24527 -0.186696 -0.114859 -0.230594
0.246034 -0.185613 -0.114046 -0.231402
0.246066 -0.185598 -0.114033 -0.231412
0.246477 -0.185016 -0.113617 -0.23182
0.246895 -0.184421 -0.113214 -0.232218
0.247573 -0.183511 -0.112359 -0.232627
0.253542 -0.175257 -0.107457 -0.237901
0.253542 -0.175257 -0.107457 -0.237901
0.254075 -0.174657 -0.107282 -0.238504
0.255004 -0.173479 -0.106492 -0.239379
0.255004 -0.173479 -0.106492 -0.239379
0.255441 -0.1729 -0.1061 -0.239817
0.255952 -0.172208 -0.105469 -0.240089
0.256252 -0.171776 -0.105323 -0.240684
0.25698 -0.170663 -0.104566 -0.241536
0.25698 -0.170663 -0.104566 -0.241536
0.258128 -0.168811 -0.103137 -0.242671
0.257951 -0.168984 -0.103165 -0.242814
0.257951 -0.168984 -0.103472 -0.242797
0.258659 -0.167785 -0.102399 -0.24351
0.258659 -0.167785 -0.102399 -0.24351
0.258824 -0.167222 -0.102408 -0.244058
0.259381 -0.165931 -0.10173 -0.244883
0.259381 -0.165931 -0.10173 -0.244883
0.259665 -0.165273 -0.101395 -0.245298
0.260243 -0.163928 -0.100302 -0.246021
0.260244 -0.163927 -0.10074 -0.246128
0.260542 -0.163241 -0.10042 -0.246548
0.261354 -0.161735 -0.0993354 -0.247271
0.261154 -0.161844 -0.099792 -0.24739
0.261977 -0.160316 -0.098706 -0.248119
0.261788 -0.160419 -0.0991819 -0.248237
0.262112 -0.159696 -0.098883 -0.248665
0.263589 -0.156691 -0.0977267 -0.250407
0.263589 -0.156691 -0.0977267 -0.250407
0.26379 -0.156034 -0.0974462 -0.250853
0.264137 -0.1553 -0.0971687 -0.251301
0.266244 -0.150972 -0.0955412 -0.254097
0.266244 -0.150972 -0.0955412 -0.254097
0.266602 -0.150274 -0.0952648 -0.254583
0.267335 -0.148881 -0.094345 -0.255302
0.267293 -0.148911 -0.094774 -0.255534
0.267625 -0.148241 -0.0945159 -0.256023
0.268324 -0.146872 -0.0935869 -0.256755
0.268324 -0.146872 -0.0935869 -0.256755
0.268535 -0.146239 -0.0937569 -0.257502
0.269337 -0.144241 -0.0930225 -0.259
0.269337 -0.144241 -0.0930225 -0.259
0.269337 -0.144241 -0.0930225 -0.259
0.270198 -0.142274 -0.0920143 -0.260549
0.270198 -0.142274 -0.0920143 -0.260549
0.270082 -0.142308 -0.0923173 -0.260516
0.270679 -0.140944 -0.0914158 -0.261255
0.270679 -0.140944 -0.0918753 -0.261524
0.270898 -0.140247 -0.0911697 -0.261769
0.272328 -0.135489 -0.089729 -0.265357
0.272328 -0.135489 -0.089729 -0.265357
0.273226 -0.132783 -0.089164 -0.2678
0.273226 -0.132783 -0.089164 -0.2678
0.273668 -0.131409 -0.0890838 -0.268816
0.273668 -0.131409 -0.0890838 -0.268816
0.274216 -0.130094 -0.0884449 -0.269914
0.27417 -0.130022 -0.0887158 -0.269875
0.274713 -0.128684 -0.0879119 -0.270603
0.27465 -0.128596 -0.0882025 -0.27056
0.275112 -0.127155 -0.0878404 -0.271622
0.275112 -0.127155 -0.0880052 -0.271989
0.275339 -0.126431 -0.0878344 -0.272517
0.275859 -0.125027 -0.0870128 -0.273248
0.275859 -0.125027 -0.0870128 -0.273248
0.275988 -0.12419 -0.0873441 -0.274094
0.2762 -0.123428 -0.087188 -0.274619
0.276408 -0.122652 -0.0868632 -0.274775
0.27662 -0.121886 -0.0868867 -0.275668
0.27713 -0.120406 -0.0860536 -0.276405
0.277033 -0.12029 -0.086422 -0.276345
0.277696 -0.118493 -0.0863297 -0.277771
0.277454 -0.118674 -0.0863297 -0.277771
0.277966 -0.11716 -0.0854999 -0.278511
0.278125 -0.116833 -0.0854999 -0.278511
0.278096 -0.116182 -0.0859503 -0.279362
0.278309 -0.115324 -0.0858319 -0.279896
0.278601 -0.114619 -0.0851235 -0.280109
0.27881 -0.113746 -0.0856056 -0.280968
0.279653 -0.110084 -0.0849725 -0.28273
0.279653 -0.110084 -0.0851911 -0.283145
0.279901 -0.109232 -0.0850937 -0.283697
0.280166 -0.108552 -0.0846337 -0.284326
0.280385 -0.107469 -0.0849082 -0.284809
0.280857 -0.105653 -0.084143 -0.285568
0.280857 -0.105653 -0.0843812 -0.286007
0.281096 -0.104761 -0.0846492 -0.2865
0.281747 -0.102783 -0.0838992 -0.287264
0.281561 -0.102934 -0.0838992 -0.287264
0.281794 -0.102032 -0.0844134 -0.288219
0.282031 -0.101379 -0.0840045 -0.288871
0.282239 -0.100175 -0.0842711 -0.289384
0.283134 -0.0967994 -0.0831466 -0.290863
0.283134 -0.0967994 -0.0831466 -0.290863
0.28381 -0.0941768 -0.0832662 -0.293126
0.283933 -0.0938418 -0.0838521 -0.293553
0.283831 -0.0939291 -0.0838521 -0.293553
0.284056 -0.0930643 -0.0838014 -0.294159
0.28464 -0.091027 -0.0837123 -0.295386
0.284437 -0.0912039 -0.0837123 -0.295386
0.28447 -0.0907428 -0.0830842 -0.295561
0.285351 -0.0874339 -0.0820233 -0.295892
0.285351 -0.0874339 -0.0820233 -0.295892
0.285351 -0.0874339 -0.0820233 -0.295892
0.286514 -0.0821683 -0.0825892 -0.301847
0.286514 -0.0821683 -0.0825892 -0.301847
0.286743 -0.0807338 -0.0833619 -0.302902
0.287074 -0.079343 -0.0827608 -0.303696
0.287074 -0.079343 -0.0827608 -0.303696
0.287236 -0.0781871 -0.0833225 -0.304805
0.287381 -0.077321 -0.0833147 -0.305444
0.287529 -0.0767727 -0.0827311 -0.305601
0.287659 -0.0755845 -0.0829388 -0.306186
0.287789 -0.0747064 -0.0833067 -0.307362
0.288028 -0.0729108 -0.0829374 -0.308107
0.288028 -0.0729108 -0.0829374 -0.308107
0.288157 -0.0720343 -0.0833236 -0.309289
0.288235 -0.0707705 -0.0829579 -0.31004
0.288235 -0.0707705 -0.083351 -0.310589
0.288501 -0.0693236 -0.0833652 -0.311237
0.288736 -0.0678723 -0.0828086 -0.312048
0.288736 -0.0678723 -0.0828086 -0.312048
0.288832 -0.0665894 -0.0834323 -0.313209
0.289047 -0.0651288 -0.082894 -0.314027
0.289047 -0.0651288 -0.082894 -0.314027
0.289119 -0.0637605 -0.0835286 -0.315214
0.289303 -0.0618469 -0.083608 -0.316568
0.289303 -0.0618469 -0.083608 -0.316568
0.289405 -0.0609046 -0.0836514 -0.31725
0.289677 -0.0580074 -0.0838007 -0.319325
0.289677 -0.0580074 -0.0838007 -0.319325
0.289889 -0.0566025 -0.083316 -0.320165
0.289782 -0.0567168 -0.0834379 -0.32013
0.289896 -0.0561471 -0.0839099 -0.320731
0.289993 -0.0552105 -0.0839714 -0.321441
0.289973 -0.0539407 -0.0836031 -0.322285
0.289973 -0.0539407 -0.0836031 -0.322285
0.29018 -0.0522422 -0.0841799 -0.323636
0.290181 -0.0509627 -0.0837422 -0.324516
0.290181 -0.0509627 -0.0838082 -0.324496
0.290759 -0.0462338 -0.0846174 -0.328232
0.290759 -0.0462338 -0.0846174 -0.328232
0.290654 -0.0455634 -0.0847841 -0.328991
0.290665 -0.0451885 -0.0843054 -0.329113
0.290873 -0.043357 -0.0845003 -0.330707
0.290845 -0.0430445 -0.0840057 -0.330834
0.290912 -0.0419608 -0.0840157 -0.330832
0.290971 -0.0410826 -0.0853192 -0.333009
0.29102 -0.0392486 -0.0849066 -0.333987
0.29102 -0.0392486 -0.0855252 -0.334687
0.291045 -0.0383475 -0.0856431 -0.335529
0.290992 -0.0371826 -0.0852447 -0.336527
0.291065 -0.0365245 -0.0858891 -0.337244
0.291083 -0.0356377 -0.0860157 -0.33811
0.291478 -0.030558 -0.0876133 -0.343175
0.291478 -0.030558 -0.0876133 -0.343175
0.29166 -0.0253794 -0.0880919 -0.350447
0.29166 -0.0253794 -0.0880919 -0.350447
0.291699 -0.0245216 -0.0881119 -0.35136
0.291744 -0.0235489 -0.0878528 -0.352318
0.291769 -0.023055 -0.0884119 -0.35309
0.291598 -0.0214747 -0.0883471 -0.354898
0.291598 -0.0214747 -0.0883531 -0.354897
0.291531 -0.0210823 -0.0888735 -0.355648
0.291514 -0.0204191 -0.089027 -0.356481
0.291494 -0.0188551 -0.0893424 -0.358193
0.291393 -0.0189891 -0.0893424 -0.358193
0.29133 -0.0182758 -0.0895019 -0.359039
0.291256 -0.017315 -0.0898256 -0.360743
0.291173 -0.0168223 -0.0898256 -0.360743
0.291106 -0.0161196 -0.089988 -0.361594
0.291025 -0.0152302 -0.0899459 -0.362519
0.290922 -0.0146645 -0.0895769 -0.362637
0.290839 -0.0139657 -0.0897499 -0.363507
0.290744 -0.0131589 -0.0905188 -0.365116
0.290744 -0.0131589 -0.0905188 -0.365116
0.290641 -0.0118004 -0.090986 -0.36685
0.290472 -0.0112311 -0.091155 -0.367727
0.290265 -0.0106615 -0.0906955 -0.368845
0.290265 -0.0106615 -0.0906955 -0.368845
0.290168 -0.00929967 -0.0916667 -0.370477
0.28985 -0.00752708 -0.0928851 -0.373074
0.289777 -0.00702056 -0.0929491 -0.373059
0.289777 -0.00702056 -0.0923609 -0.374234
0.289777 -0.00702056 -0.0923609 -0.374234
0.289727 -0.00656717 -0.0925343 -0.375173
0.289463 -0.00554401 -0.0928923 -0.377165
0.289463 -0.00554401 -0.0928923 -0.377165
0.289323 -0.00505845 -0.0930741 -0.378159
0.289011 -0.00411006 -0.0943686 -0.379908
0.289011 -0.00411006 -0.0943686 -0.379908
0.288772 -0.00333285 -0.0938172 -0.382252
0.288767 -0.00353973 -0.0940918 -0.382187
0.288685 -0.00365538 -0.0930555 -0.3825
0.288504 -0.00261858 -0.0941973 -0.384403
0.287974 -0.00157553 -0.0947927 -0.387729
0.287974 -0.00157553 -0.0947927 -0.387729
0.287974 -0.00157553 -0.0947927 -0.387729
0.28773 -0.00110959 -0.0951952 -0.389963
0.287724 -0.00141963 -0.0956176 -0.389862
0.287573 -0.000871627 -0.0943245 -0.390239
0.287394 -0.000623169 -0.0956099 -0.392312
0.28718 -0.000736306 -0.0963372 -0.393421
0.286969 -0.000114242 -0.0949031 -0.393832
0.286967 -0.000502838 -0.0965749 -0.394647
0.286368 0.000684248 -0.0969275 -0.399814
0.286368 0.000684248 -0.0969275 -0.399814
0.286313 0.000894965 -0.0959418 -0.400111
0.286116 0.000620358 -0.0971546 -0.401099
0.285948 0.000713874 -0.0973842 -0.402418
0.285542 0.000926203 -0.0978543 -0.405151
0.285542 0.000926203 -0.0978543 -0.405151
0.285287 0.00124398 -0.0983345 -0.407958
0.285155 0.00105649 -0.0983345 -0.407958
0.284968 0.00109201 -0.0985792 -0.409368
0.284696 0.00129094 -0.099076 -0.412282
0.284581 0.00112808 -0.099076 -0.412282
0.284404 0.00110573 -0.0993274 -0.413759
0.284203 0.000467687 -0.0983201 -0.415621
0.284133 0.0012172 -0.0983201 -0.415621
0.283835 0.000991179 -0.100097 -0.418328
0.283263 0.000753217 -0.10089 -0.423083
0.283263 0.000753217 -0.100889 -0.423083
0.283261 8.02286e-05 -0.101892 -0.422846
0.283197 0.000740345 -0.0994979 -0.423426
0.282932 0.00047735 -0.101424 -0.426316
0.282722 0.000368255 -0.101694 -0.428005
0.28244 0.00027899 -0.103135 -0.429385
0.28244 0.00027899 -0.103135 -0.429385
0.282124 -6.93126e-05 -0.102516 -0.433063
0.281842 -0.00027316 -0.104069 -0.434517
0.281723 -0.000434899 -0.103067 -0.436581
0.281541 -0.000662076 -0.103346 -0.438321
0.281266 -0.000103198 -0.103623 -0.440135
0.281266 -0.000103198 -0.103623 -0.440135
0.280701 -0.00271416 -0.108081 -0.440926
0.280638 -0.00206719 -0.104742 -0.447303
0.280638 -0.00206719 -0.104742 -0.447303
0.280472 -0.00333473 -0.106479 -0.448818
0.280403 -0.0025689 -0.105298 -0.45109
0.280062 -0.00305587 -0.105583 -0.452951
0.279672 -0.00450541 -0.107413 -0.454478
0.279672 -0.00450541 -0.107413 -0.454478
0.279387 -0.00402843 -0.10644 -0.458567
0.27853 -0.00590099 -0.108182 -0.467192
0.27853 -0.00590099 -0.108182 -0.467192
0.278018 -0.00721795 -0.108879 -0.47055
0.278018 -0.00721795 -0.108879 -0.47055
0.27764 -0.00941792 -0.1141 -0.472676
0.277483 -0.00960987 -0.110327 -0.473368
0.277274 -0.00896851 -0.11385 -0.475753
0.276912 -0.00941602 -0.115225 -0.477424
0.276912 -0.00941602 -0.115225 -0.477424
0.276198 -0.0108933 -0.118079 -0.478999
0.276198 -0.0108933 -0.118079 -0.478999
0.275839 -0.0112745 -0.116377 -0.479865
0.275839 -0.0112745 -0.116377 -0.479865
0.275839 -0.0112745 -0.116377 -0.479865
0.275839 -0.0112745 -0.116377 -0.479865
0.275563 -0.0126543 -0.117272 -0.479983
0.275456 -0.0130577 -0.117081 -0.480097
0.275456 -0.0130577 -0.117081 -0.480097
0.274893 -0.0130781 -0.117543 -0.481273
0.274893 -0.0130781 -0.117543 -0.481273
0.274657 -0.0133226 -0.114603 -0.482154
0.274176 -0.0138025 -0.11374 -0.483036
0.274176 -0.0138025 -0.11374 -0.483036
0.273959 -0.0140796 -0.113234 -0.483394
0.273732 -0.0143506 -0.1127 -0.483775
0.273561 -0.0153963 -0.114968 -0.483767
0.27327 -0.0149072 -0.111569 -0.48451
0.273033 -0.0151868 -0.110974 -0.484842
0.272731 -0.0163542 -0.109271 -0.485137
0.272734 -0.0163556 -0.10974 -0.485412
0.272324 -0.01606 -0.109119 -0.485628
0.272019 -0.0172427 -0.110102 -0.485518
0.272025 -0.0172453 -0.107883 -0.486127
0.271562 -0.0168881 -0.107263 -0.486323
0.271245 -0.0180469 -0.108234 -0.486174
0.271251 -0.0180494 -0.105564 -0.486453
0.270789 -0.017683 -0.105404 -0.486866
0.270261 -0.0181755 -0.104159 -0.487117
0.270261 -0.0181755 -0.104159 -0.487117
0.269767 -0.0186972 -0.105332 -0.487012
0.269767 -0.0186972 -0.105332 -0.487012
0.269525 -0.0189588 -0.102346 -0.487242
0.269043 -0.020197 -0.103305 -0.486963
0.268974 -0.0193725 -0.103305 -0.486963
0.268385 -0.0206238 -0.104044 -0.486932
0.268385 -0.0206238 -0.104044 -0.486932
0.268257 -0.02069 -0.103181 -0.486793
0.268257 -0.02069 -0.0988302 -0.487163
0.268071 -0.020114 -0.100317 -0.486863
0.267466 -0.0206318 -0.0999157 -0.486868
0.267131 -0.0216219 -0.0986304 -0.486577
0.267135 -0.0216235 -0.0986304 -0.486577
0.266662 -0.0210967 -0.0959566 -0.486574
0.266324 -0.0220589 -0.0968532 -0.486105
0.266122 -0.0213566 -0.0968908 -0.486127
0.265869 -0.0215031 -0.0941032 -0.485993
0.265538 -0.0224527 -0.0949623 -0.485475
0.265538 -0.0224527 -0.0949623 -0.485475
0.264742 -0.022241 -0.091098 -0.484684
0.264742 -0.022241 -0.091098 -0.484684
0.264742 -0.022241 -0.091098 -0.484684
0.264483 -0.0231969 -0.0920783 -0.484189
0.264483 -0.0231969 -0.0920783 -0.484189
0.263646 -0.0234752 -0.0888024 -0.482964
0.263647 -0.023476 -0.0888024 -0.482964
0.263647 -0.023476 -0.0888024 -0.482964
0.263575 -0.0241873 -0.0901135 -0.482722
0.262802 -0.0238115 -0.0876265 -0.482008
0.262802 -0.0238115 -0.0876265 -0.482008
0.262478 -0.0238087 -0.0870821 -0.481551
0.261924 -0.0261543 -0.0928357 -0.48049
0.261851 -0.0252767 -0.0850966 -0.479961
0.260936 -0.0263657 -0.0839469 -0.477622
0.260936 -0.0263657 -0.0836283 -0.477374
0.260218 -0.0249185 -0.0825274 -0.476304
0.260218 -0.0249185 -0.0825274 -0.476304
0.259902 -0.0259365 -0.0805962 -0.475438
0.25985 -0.0253146 -0.0802491 -0.475156
0.259685 -0.0261208 -0.0811919 -0.474654
0.259271 -0.0257029 -0.0794018 -0.473989
0.258771 -0.0259398 -0.0789115 -0.473071
0.258774 -0.0259415 -0.0785065 -0.472731
0.258546 -0.0260838 -0.0780624 -0.472097
0.258067 -0.0263118 -0.0775639 -0.471128
0.258067 -0.0263116 -0.077122 -0.470749
0.257834 -0.0264314 -0.0766482 -0.470062
0.257509 -0.0272448 -0.0761274 -0.469031
0.257326 -0.0265824 -0.0756172 -0.468579
0.257084 -0.0266702 -0.075088 -0.467821
0.256835 -0.0267425 -0.0745342 -0.467023
0.256345 -0.0268915 -0.0733871 -0.465369
0.256343 -0.0268898 -0.0733871 -0.465369
0.256113 -0.0269916 -0.0728202 -0.464544
0.255628 -0.0271519 -0.0716503 -0.462802
0.255628 -0.0271519 -0.0716503 -0.462802
0.255392 -0.0272454 -0.0710728 -0.461927
0.255061 -0.0280334 -0.0717746 -0.460814
0.254731 -0.0273443 -0.0698957 -0.459761
0.254731 -0.0273443 -0.0698957 -0.459761
0.254395 -0.0275174 -0.0687218 -0.458234
0.25375 -0.0284855 -0.0688361 -0.456118
0.253685 -0.0277846 -0.0670071 -0.455314
0.253685 -0.0277846 -0.0670071 -0.455314
0.253378 -0.0285935 -0.067716 -0.45417
0.253204 -0.0279521 -0.0658988 -0.453318
0.252951 -0.028008 -0.0653352 -0.452276
0.25249 -0.0288369 -0.0660036 -0.451014
0.252416 -0.0280518 -0.0641548 -0.450074
0.252165 -0.028095 -0.0635666 -0.448981
0.252084 -0.0287973 -0.0641058 -0.448017
0.251654 -0.0281511 -0.0623621 -0.446678
0.251315 -0.0288708 -0.0629887 -0.445318
0.251315 -0.0288708 -0.062252 -0.444462
0.250901 -0.0282405 -0.0612387 -0.443932
0.25042 -0.0283377 -0.0593956 -0.440731
0.250201 -0.0284353 -0.0588696 -0.439599
0.250201 -0.0284353 -0.0588696 -0.439599
0.250002 -0.0285795 -0.0583797 -0.438487
0.249739 -0.0294283 -0.0583803 -0.436368
0.249575 -0.028857 -0.05749 -0.436205
0.249312 -0.0288997 -0.0570447 -0.434961
0.249032 -0.0288966 -0.0565901 -0.433661
0.248766 -0.0289056 -0.0561314 -0.4324
0.248107 -0.0340282 -0.0650008 -0.431185
0.248107 -0.0340282 -0.0650008 -0.431185
0.246717 -0.0305745 -0.0542866 -0.422242
0.246717 -0.0305745 -0.0535139 -0.421099
0.246343 -0.0309141 -0.0536719 -0.419326
0.246271 -0.0314675 -0.0546105 -0.419208
0.246271 -0.0314675 -0.0546105 -0.419208
0.246039 -0.0311515 -0.0538593 -0.417524
0.245771 -0.0313028 -0.0539292 -0.416551
0.245485 -0.031927 -0.054533 -0.415301
0.245485 -0.031927 -0.054533 -0.415301
0.245165 -0.0315012 -0.0540276 -0.413468
0.244883 -0.0321155 -0.0545563 -0.412138
0.244883 -0.0321155 -0.0545563 -0.412138
0.244542 -0.0315787 -0.0538968 -0.410037
0.244255 -0.0321793 -0.0547813 -0.408691
0.244255 -0.0321793 -0.0547813 -0.408691
0.24392 -0.0316125 -0.0535346 -0.406293
0.243634 -0.0322198 -0.0543604 -0.404855
0.243634 -0.0322198 -0.0543604 -0.404855
0.243299 -0.0316473 -0.0530009 -0.402292
0.24309 -0.0316596 -0.0527963 -0.400908
0.242794 -0.0322671 -0.0535689 -0.399355
0.242794 -0.0322671 -0.0535689 -0.399355
0.241871 -0.032634 -0.0525512 -0.392826
0.241871 -0.032634 -0.0525512 -0.392826
0.241461 -0.0325815 -0.0514661 -0.389592
0.241461 -0.0325815 -0.0514661 -0.389592
0.241139 -0.0327459 -0.0519862 -0.388192
0.241067 -0.0328105 -0.0514902 -0.387178
0.24087 -0.0329129 -0.0515141 -0.385925
0.240584 -0.0335366 -0.052078 -0.384395
0.240504 -0.0335993 -0.0515299 -0.38323
0.240243 -0.0330712 -0.0515222 -0.381896
0.239826 -0.0331218 -0.0514721 -0.379092
0.239826 -0.0331218 -0.0514721 -0.379092
0.239547 -0.0337216 -0.0523231 -0.377581
0.239491 -0.0337548 -0.0514027 -0.376318
0.239246 -0.0332541 -0.0513716 -0.374928
0.239108 -0.0332314 -0.0522461 -0.374811
0.238562 -0.0332906 -0.0522038 -0.371423
0.238453 -0.0333578 -0.0512385 -0.369049
0.238343 -0.0339378 -0.0516969 -0.367913
0.238343 -0.0339378 -0.0517048 -0.367905
0.238111 -0.0335354 -0.0512314 -0.366357
0.237826 -0.0340988 -0.0520812 -0.364711
0.237743 -0.0341553 -0.0520749 -0.364717
0.237478 -0.0335358 -0.0515991 -0.36177
0.237075 -0.0335384 -0.0517232 -0.359823
0.237075 -0.0335384 -0.0517232 -0.359823
0.237075 -0.0335384 -0.0517232 -0.359823
0.236816 -0.0341379 -0.0520957 -0.356947
0.236313 -0.0336693 -0.0513754 -0.35245
0.236313 -0.0336693 -0.0513754 -0.35245
0.236031 -0.0342191 -0.0522328 -0.350733
0.236031 -0.0342191 -0.0522328 -0.350733
0.235729 -0.0337152 -0.0515383 -0.34783
0.235455 -0.0342605 -0.052403 -0.346121
0.235456 -0.0342618 -0.0521036 -0.346011
0.235144 -0.0337287 -0.0517951 -0.343086
0.234873 -0.0342652 -0.0526697 -0.341359
0.234873 -0.0342652 -0.0526697 -0.341359
0.234678 -0.0342624 -0.0527773 -0.339718
0.234385 -0.033754 -0.0522378 -0.33663
0.234007 -0.0337595 -0.0524989 -0.333421
0.233884 -0.0343163 -0.0529549 -0.33319
0.233828 -0.0337863 -0.0526424 -0.33188
0.233665 -0.0338511 -0.0527983 -0.330416
0.23349 -0.033893 -0.0529805 -0.328874
0.233413 -0.03441 -0.0537027 -0.328763
0.233127 -0.0339496 -0.0533887 -0.325722
0.232945 -0.0339729 -0.0536046 -0.324145
0.232868 -0.0344871 -0.0543152 -0.324032
0.232684 -0.0345045 -0.0540491 -0.321027
0.232343 -0.0345892 -0.0549813 -0.319415
0.232343 -0.0345892 -0.0549813 -0.319415
0.232166 -0.0341455 -0.0552503 -0.319112
0.231615 -0.0343112 -0.056016 -0.313449
0.231615 -0.0343112 -0.056016 -0.313449
0.231615 -0.0343112 -0.056016 -0.313449
0.231299 -0.0349432 -0.056233 -0.30934
0.23125 -0.0344729 -0.056233 -0.30934
0.231084 -0.0345298 -0.0565606 -0.307883
0.23091 -0.0345666 -0.0569002 -0.306378
0.230619 -0.0351144 -0.0575777 -0.303379
0.23057 -0.034641 -0.0575777 -0.303379
0.230409 -0.0347003 -0.0579094 -0.301949
0.230171 -0.0352449 -0.058892 -0.30037
0.230171 -0.0352449 -0.058892 -0.30037
0.229923 -0.0348625 -0.0589626 -0.297574
0.22967 -0.0354622 -0.0596779 -0.294877
0.22967 -0.0354622 -0.0596779 -0.294877
0.22967 -0.0354622 -0.0596779 -0.294877
0.229064 -0.0355455 -0.0612165 -0.289925
0.228924 -0.0356862 -0.0616368 -0.288726
0.228924 -0.0356862 -0.0616368 -0.288726
0.228849 -0.0361594 -0.0622306 -0.288602
0.228814 -0.0357847 -0.0622306 -0.288602
0.228618 -0.0359013 -0.0625653 -0.28618
0.228451 -0.0359661 -0.0629996 -0.284776
0.227466 -0.0376569 -0.0667473 -0.279701
0.227466 -0.0376569 -0.0667473 -0.279701
0.227102 -0.0379107 -0.0678347 -0.274421
0.227058 -0.0379355 -0.0677917 -0.273244
0.227058 -0.0379355 -0.0677917 -0.273244
0.22684 -0.038368 -0.0688301 -0.272341
0.226802 -0.0383891 -0.0687877 -0.27156
0.226668 -0.0385897 -0.0693587 -0.270643
0.22653 -0.0387708 -0.0698933 -0.269653
0.22639 -0.0389393 -0.0704204 -0.269532
0.226257 -0.0391148 -0.0709251 -0.267633
0.226123 -0.0392811 -0.071426 -0.266604
0.225987 -0.0394401 -0.0719374 -0.265552
0.225856 -0.0396088 -0.0724101 -0.264506
0.225641 -0.0402304 -0.0734314 -0.263292
0.225613 -0.0399165 -0.0734314 -0.263292
0.225461 -0.0401003 -0.0738637 -0.261287
0.225332 -0.04027 -0.0743434 -0.260214
0.225094 -0.0406128 -0.0753018 -0.258962
0.225078 -0.0406217 -0.0752989 -0.258088
0.224957 -0.0408153 -0.0757703 -0.257067
0.224723 -0.0411829 -0.0767263 -0.255855
0.224723 -0.0411829 -0.0767281 -0.255852
0.224583 -0.0413902 -0.0772082 -0.254003
0.223871 -0.0426845 -0.0800368 -0.251193
0.223871 -0.0426845 -0.0800697 -0.248333
0.223769 -0.0429651 -0.080528 -0.247591
0.223443 -0.0438279 -0.0819616 -0.245452
0.223354 -0.0442755 -0.0824508 -0.245292
0.223354 -0.0442755 -0.0824508 -0.245292
0.223335 -0.0441279 -0.0824461 -0.244792
0.223227 -0.0444363 -0.0829297 -0.244165
0.22302 -0.0451623 -0.0839162 -0.243307
0.22302 -0.0451623 -0.08391 -0.243316
0.222864 -0.0452439 -0.0844563 -0.242013
0.222649 -0.0459438 -0.0854451 -0.24109
0.222649 -0.0459439 -0.0854451 -0.24109
0.222384 -0.0462823 -0.0864421 -0.239574
0.222383 -0.0462802 -0.0864583 -0.238994
0.222267 -0.0465515 -0.0869428 -0.238267
0.222161 -0.0470005 -0.0874282 -0.237535
0.221938 -0.0477203 -0.0883947 -0.236089
0.221938 -0.0477203 -0.0883947 -0.236089
0.221587 -0.0482771 -0.0898035 -0.234142
0.221587 -0.0482771 -0.0898035 -0.234142
0.221476 -0.0485877 -0.0902713 -0.233966
0.221476 -0.0485877 -0.0902876 -0.233567
0.221364 -0.0488987 -0.0907384 -0.23296
0.221133 -0.0495117 -0.0916804 -0.23216
0.221133 -0.0495117 -0.0916804 -0.23216
0.221019 -0.0498247 -0.092184 -0.231095
0.220905 -0.050141 -0.0926569 -0.230492
0.220792 -0.0504612 -0.0931305 -0.229907
0.220685 -0.0509038 -0.0935963 -0.229345
0.220465 -0.0516724 -0.0945269 -0.22827
0.220465 -0.0516724 -0.0945269 -0.22827
0.220465 -0.0516724 -0.0945269 -0.22827
0.220234 -0.0521513 -0.095442 -0.227266
0.220018 -0.0529499 -0.096348 -0.226616
0.220018 -0.0529499 -0.096348 -0.226616
0.219904 -0.053251 -0.0968032 -0.225951
0.219683 -0.0540165 -0.097703 -0.225367
0.219683 -0.0540165 -0.0977083 -0.225185
0.219571 -0.0544071 -0.0981575 -0.224828
0.219349 -0.0552387 -0.0990567 -0.224161
0.219349 -0.0552387 -0.0990567 -0.224161
0.219236 -0.0556377 -0.0995087 -0.22386
0.21901 -0.0564592 -0.100396 -0.223359
0.21901 -0.0564592 -0.100396 -0.223359
0.218898 -0.0568794 -0.100834 -0.223142
0.218674 -0.0577563 -0.101714 -0.222798
0.218676 -0.057755 -0.101713 -0.222796
0.218562 -0.0582201 -0.102154 -0.222651
0.218331 -0.0591153 -0.103034 -0.222334
0.218331 -0.0591153 -0.103034 -0.222334
0.218215 -0.0596171 -0.103472 -0.22235
0.218106 -0.0600557 -0.103908 -0.222253
0.218 -0.0604665 -0.104331 -0.222141
0.217774 -0.0612316 -0.105201 -0.221806
0.217774 -0.0612316 -0.105201 -0.221806
0.217715 -0.0615655 -0.105553 -0.221732
0.217631 -0.0618975 -0.105947 -0.221573
0.217421 -0.0626748 -0.1068 -0.221185
0.217421 -0.0626748 -0.1068 -0.221185
0.217411 -0.0628223 -0.107099 -0.220977
0.217348 -0.0631121 -0.107475 -0.220843
0.217154 -0.0637072 -0.108217 -0.220376
0.217154 -0.0637072 -0.108217 -0.220376
0.217094 -0.0641308 -0.108684 -0.220203
0.217133 -0.0642085 -0.108943 -0.21999
0.217087 -0.064471 -0.109303 -0.219762
0.216905 -0.0651966 -0.110132 -0.219328
0.216905 -0.0651966 -0.110132 -0.219328
0.216865 -0.0652789 -0.110372 -0.219048
0.216932 -0.0654909 -0.110724 -0.218802
0.216899 -0.0657404 -0.111075 -0.218552
0.216808 -0.066481 -0.112119 -0.217782
0.216808 -0.066481 -0.112119 -0.217782
0.216808 -0.066481 -0.112119 -0.217782
0.216633 -0.0671903 -0.11281 -0.217236
0.216749 -0.0671466 -0.11281 -0.217236
0.216602 -0.0686101 -0.114981 -0.215656
0.216602 -0.0686101 -0.114857 -0.215614
0.216582 -0.0686749 -0.115196 -0.215344
0.216559 -0.0689189 -0.115534 -0.215065
0.216381 -0.0696038 -0.116333 -0.214524
0.216381 -0.0695961 -0.116208 -0.214531
0.216541 -0.0701144 -0.116519 -0.214483
0.216377 -0.0708348 -0.116981 -0.214226
0.216433 -0.07257 -0.117402 -0.215585
0.216616 -0.0725042 -0.117402 -0.215585
0.216642 -0.0734905 -0.117594 -0.215396
0.216519 -0.0761408 -0.11872 -0.217864
0.216519 -0.0761408 -0.118518 -0.217797
0.216519 -0.0761408 -0.118518 -0.217797
0.216688 -0.0780954 -0.118917 -0.220217
0.216677 -0.0793743 -0.119274 -0.221374
0.216655 -0.0806946 -0.119651 -0.22259
0.215911 -0.0928061 -0.124127 -0.235106
0.2158 -0.0937553 -0.124127 -0.235106
0.215746 -0.0952455 -0.124615 -0.236555
0.215556 -0.0956727 -0.125082 -0.236311
0.215407 -0.0983884 -0.125859 -0.239581
0.215218 -0.100005 -0.126509 -0.24112
0.214816 -0.102065 -0.127648 -0.242428
0.214816 -0.102065 -0.127648 -0.242428
0.214562 -0.104996 -0.128569 -0.245804
0.214312 -0.106705 -0.129291 -0.247379
0.21384 -0.108844 -0.130505 -0.248713
0.21384 -0.108844 -0.130505 -0.248713
0.213468 -0.111944 -0.131562 -0.252117
0.213155 -0.113728 -0.132351 -0.253696
0.212609 -0.115926 -0.133976 -0.256845
0.212399 -0.117364 -0.133976 -0.256845
0.212118 -0.119174 -0.134812 -0.258411
0.21174 -0.121021 -0.13566 -0.25997
0.211346 -0.122883 -0.136521 -0.261521
0.211271 -0.12343 -0.136551 -0.261601
0.211271 -0.12343 -0.136551 -0.261601
0.210068 -0.128544 -0.13918 -0.266114
0.209609 -0.130453 -0.14026 -0.267649
0.209609 -0.130453 -0.14026 -0.267649
0.20858 -0.134124 -0.141431 -0.269049
0.20834 -0.134497 -0.141911 -0.268799
0.207553 -0.138015 -0.144027 -0.273561
0.207077 -0.140147 -0.144789 -0.274978
0.206274 -0.142476 -0.14624 -0.276152
0.205897 -0.143913 -0.146182 -0.276315
0.205315 -0.145893 -0.147926 -0.279234
0.204777 -0.148055 -0.148687 -0.280587
0.203483 -0.151889 -0.15011 -0.28184
0.203483 -0.151889 -0.150914 -0.283315
0.203333 -0.152576 -0.151714 -0.284469
0.202248 -0.156078 -0.152661 -0.285921
0.200904 -0.160116 -0.15466 -0.288469
0.200904 -0.160116 -0.15466 -0.288469
0.199987 -0.162637 -0.156663 -0.290938
0.199987 -0.162637 -0.156663 -0.290938
0.198791 -0.166184 -0.157664 -0.292141
0.197275 -0.170105 -0.159158 -0.29306
0.197325 -0.170256 -0.159657 -0.294492
0.196575 -0.172292 -0.16065 -0.295638
0.195768 -0.174186 -0.161678 -0.296651
0.195474 -0.174517 -0.162178 -0.29638
0.195002 -0.176228 -0.162662 -0.297757
0.19367 -0.179061 -0.164611 -0.298399
0.19367 -0.179061 -0.164611 -0.298399
0.191894 -0.184498 -0.166522 -0.302072
0.191086 -0.186526 -0.167483 -0.303076
0.189451 -0.190572 -0.169391 -0.305029
0.189451 -0.190572 -0.169391 -0.305029
0.188627 -0.192587 -0.170334 -0.305972
0.187806 -0.194601 -0.170945 -0.30188
0.187421 -0.194965 -0.171539 -0.301541
