-32.5009 57.1329 41.1515 44.4514
-32.6679 57.0678 40.3697 45.6283
-32.8943 57.1083 39.6619 46.8887
-33.1101 57.1299 38.9389 48.1303
-31.8232 51.4471 36.5097 51.5353
-31.1833 48.5179 39.7547 45.1194
-31.407 48.5756 38.8387 44.9632
-30.8739 46.5977 38.6504 44.7638
-28.6055 43.1357 40.42 42.811
-28.8317 43.1761 39.3952 41.9165
-26.6281 37.198 41.1426 36.8139
-27.3462 35.0738 40.1333 38.5683
-25.3979 28.545 41.518 33.5628
-25.7659 28.6517 40.4851 35.3577
-26.529 26.3166 39.4518 37.1533
-24.3695 22.099 40.5755 32.17
-24.737 22.2056 39.544 33.965
-24.1203 18.9833 41.403 34.078
-24.1325 15.1639 40.5672 29.9516
-24.4532 13.5714 40.5406 31.1644
-24.4171 13.311 39.7934 27.2985
-25.4141 10.3377 38.6153 23.8812
-25.6359 6.25077 38.5917 16.4581
-26.1552 6.44375 37.2572 18.7473
-26.6746 6.63672 35.9227 21.0365
-25.9555 -6.68692 37.1424 6.18897
-26.6354 -8.39778 35.8164 8.47868
-27.5188 -11.7766 34.7914 5.62915
-28.0349 -11.5834 33.4686 7.91928
-28.2901 -15.2619 33.2288 3.99245
-28.8055 -15.0687 31.9094 6.283
-29.0879 -21.0463 32.7414 -2.6978
-29.7648 -20.747 31.1344 0.0488075
-30.6994 -22.8224 29.932 -4.23366
-31.3753 -22.5229 28.3318 -1.48571
-32.3619 -23.8494 27.5779 -3.97562
-32.8838 -24.4993 27.2843 -2.00389
-33.2559 -25.0804 25.9875 -3.97002
-33.2018 -25.7871 24.3959 -1.22109
-33.0462 -26.3972 25.8374 -4.42785
-32.752 -26.957 24.2489 -1.681
-32.4577 -27.3732 23.433 -1.3776
-30.7443 -28.4267 23.9159 -4.16115
-31.5883 -28.002 22.0562 -0.991401
-30.0185 -28.5723 22.3975 -3.12672
-30.8672 -28.1419 20.5425 0.0401821
-31.7107 -27.717 18.3871 1.27421
-30.3047 -27.9362 19.4209 0.601633
-31.1478 -27.5111 17.228 1.55263
-29.6789 -27.5116 18.46 -1.42061
-30.5218 -27.0864 16.6179 1.75296
-29.5552 -26.4643 17.9875 -1.19074
-29.7271 -25.6949 15.8889 2.36849
-30.2604 -21.7843 22.2148 -6.52256
-31.9979 -20.7601 21.5701 -5.68726
-34.5601 -17.2533 20.6393 -4.29217
-35.4265 -15.7737 20.2391 -3.8289
-37.6708 -13.3066 19.1742 -4.40704
-38.5053 -11.6344 19.1812 -2.12251
-39.5602 -9.70889 18.3245 -2.5727
-40.3881 -7.98963 18.2046 -0.208767
-40.568 -2.24327 23.0893 -7.82736
-41.7787 -1.51498 20.7816 -3.90947
-42.5977 1.22449 21.1999 -4.36694
-43.7302 1.92078 18.8968 -0.455857
-44.941 2.65043 16.2933 1.55222
-45.3143 5.32912 17.3524 -0.515355
-46.3525 7.12042 17.7891 1.70676
-47.1732 7.61845 17.4127 2.84432
-48.367 8.4513 25.9856 -2.33964
-49.5771 9.18439 23.6919 1.58002
-46.6701 15.7445 21.4148 -4.47606
-48.0157 17.0886 18.9128 -0.230848
-48.363 18.4705 19.6221 -1.17987
-49.0568 18.9113 19.902 -0.433143
-48.8418 19.8195 21.4184 -1.95812
-50.2518 20.7278 18.925 2.28766
-51.6545 21.6537 18.5392 5.20597
-49.0619 21.7595 22.0279 0.391906
-49.3913 22.1982 21.3395 0.16151
-48.5595 21.9806 22.8791 -1.86603
-50.0501 22.9647 20.3147 2.49515
-49.2372 22.7086 21.5816 1.09602
-50.8489 23.8074 18.8931 5.63277
-49.8042 23.3374 20.9286 5.20488
-51.4164 24.4363 17.9498 7.90616
-49.9572 23.5256 20.098 5.12383
-51.5698 24.6245 17.4161 9.66031
-51.5144 24.6351 16.9746 8.2273
-51.3926 24.5371 17.2889 10.8693
-51.1858 24.4043 17.0115 9.06791
-47.2587 21.5822 25.5698 2.00255
-49.0754 22.8847 22.7009 6.79702
-44.4395 18.9206 23.8039 3.12051
-46.4316 19.2268 24.8861 1.62999
-46.6696 19.4876 22.027 6.42415
-48.4822 20.801 19.1709 11.2134
-48.7351 20.3745 18.1402 13.2641
-48.6276 19.8168 18.1242 13.3345
-50.5118 20.7265 15.2693 18.1281
-47.8327 18.9094 18.399 14.1841
-49.7555 19.9346 15.0823 16.2923
-46.9528 18.0873 18.9458 14.6408
-34.1123 6.59574 34.3533 -8.31887
-36.1354 8.11726 30.8113 -4.63761
-38.1601 9.6308 27.7948 0.381191
-33.413 2.48497 24.6863 -0.956168
-35.5557 3.29322 21.6789 4.05867
-37.5799 4.80422 20.5898 7.8593
-36.3533 4.20503 17.4092 11.7538
-37.1041 3.72764 17.4512 12.3117
-36.1264 2.11174 16.7691 14.4767
-38.3577 3.84969 13.6049 19.6975
-37.3092 2.72569 17.0182 17.3582
-37.904 2.80429 13.8572 22.5785
-40.1352 4.5405 13.0706 24.8867
-42.3654 6.28375 9.9146 30.1044
-35.9746 0.377552 18.1423 21.3265
-38.2059 2.11082 14.9819 26.5417
-40.4357 3.85878 11.833 31.7525
-40.711 4.18073 14.3377 27.421
-26.9613 -5.13071 29.0987 5.39328
-29.4265 -3.32904 27.9896 9.40072
-26.1891 -5.99343 29.3777 6.13495
-28.6289 -4.02546 26.0908 11.5195
-31.0688 -2.0575 22.8039 16.904
-27.2602 -6.21006 22.2347 14.825
-29.701 -4.2455 18.9531 20.2069
-29.5225 -4.03303 21.5357 18.8752
-31.964 -2.06415 18.2597 24.2531
-32.7478 -1.12997 17.961 25.5389
-33.5583 -0.170228 20.6408 25.7143
-34.0008 0.68652 16.8462 28.4904
-34.6081 2.00957 13.2141 32.3308
-35.0467 3.10888 15.861 31.6254
-35.0772 3.66191 12.4596 37.154
-35.3117 4.98523 16.1438 32.533
-32.6353 4.03883 20.3875 27.0046
-35.2115 6.69239 16.9997 32.5245
-35.2415 7.24029 17.3574 32.5409
-35.1353 8.20497 17.8006 32.3852
-31.9881 7.25956 22.9338 28.5479
-34.8286 9.72264 19.0657 31.5136
-34.8629 10.6427 19.068 28.1968
-34.947 11.3617 19.8419 31.1043
-34.9635 12.0774 20.254 30.8325
-34.7999 12.4224 20.7262 30.4451
-34.8744 13.2951 21.1715 30.0633
-26.9714 8.65731 21.6462 29.6424
-29.8704 10.8825 28.359 19.6196
-30.3661 11.2875 27.9351 20.1972
-25.6102 7.33775 34.1988 9.98669
-28.637 10.0601 30.6504 15.698
-31.7712 12.309 29.5718 17.4268
-32.6843 13.6995 26.0074 23.1623
-30.6093 12.4022 28.5025 18.4946
-33.8344 14.0772 24.9425 24.2289
-31.6678 12.2114 24.5798 24.7113
-34.7266 14.9563 24.3078 25.1011
-35.3288 14.7416 23.5811 21.7204
-35.2423 15.5056 24.3229 24.6998
-32.2835 13.916 28.4803 22.4905
-35.493 16.8891 24.87 28.2769
-28.6001 9.2711 33.0327 9.71988
-31.845 12.3128 29.429 15.5114
-32.7122 12.6119 28.31 17.1077
-33.9479 13.271 26.8277 19.2204
-34.7184 13.2694 26.0648 19.768
-35.1541 13.1549 25.7973 19.5812
-35.9875 13.8142 24.9201 20.8821
-29.3949 6.09621 32.1723 8.00277
-32.6428 9.11787 28.5838 13.7993
-31.6249 6.93382 27.3649 15.1774
-35.0507 10.2607 26.1672 16.5239
-33.6123 7.60927 27.6807 13.0772
-34.7174 8.4459 24.0528 18.9138
-38.1422 11.7693 23.1278 19.9346
-36.0021 8.90735 25.7289 14.7801
-39.4227 12.2391 22.1082 20.6154
-40.2199 12.9823 21.348 21.7535
-37.6504 9.92075 24.5258 15.7103
-35.3818 6.55036 27.3906 10.6939
-38.9071 10.0724 23.7557 16.5484
-34.9519 6.38682 25.2427 10.8275
-38.5395 10.0197 21.6062 16.6915
-37.3723 8.12385 25.988 13.9379
-38.9414 9.29873 23.3676 16.6465
-42.5277 12.9279 19.7254 22.5033
-41.3052 10.092 18.5751 18.5624
-44.8904 13.7188 14.9441 24.421
-42.488 11.5869 20.1567 17.5184
-46.0723 15.211 16.5297 23.3759
-43.2751 13.0487 20.6501 20.8025
-47.0116 17.0058 16.6142 23.382
-47.3831 17.8788 16.3041 19.5937
-51.1183 21.8355 12.6777 25.4511
-54.8535 25.7921 21.8591 22.9755
-58.5888 29.7488 18.213 28.8206
-45.2712 17.72 21.6237 22.4808
-49.0072 21.668 17.9849 28.3267
-33.6797 3.95698 17.9836 6.77411
-37.4156 7.89921 14.3796 12.6218
-38.5787 6.9764 19.2231 7.02423
-42.4467 11.2633 15.6298 12.8472
-31.9554 1.00961 22.1901 0.888881
-35.8273 5.28486 18.6049 6.71004
-35.0374 4.64983 20.0332 5.48441
-38.9094 8.92188 16.4506 11.3047
-37.406 7.33993 19.9321 8.18308
-38.7597 9.34488 16.3533 13.9993
-42.6321 13.6119 15.8685 15.334
-34.793 6.80662 23.9377 3.61919
-38.8144 10.3535 22.9493 7.73708
-40.1624 13.3607 19.1867 11.6733
-38.0426 11.2799 21.4909 7.82802
-39.218 13.3103 20.5945 9.75112
-40.2079 14.8512 19.8726 11.1148
-41.2092 16.2777 19.1203 15.0502
-45.2051 20.8937 15.3549 18.8523
-46.1562 22.2857 14.6488 20.1493
-46.8315 23.5872 14.493 20.3516
-46.9223 24.2378 10.9469 26.1062
-47.518 25.9993 14.5531 20.9112
-43.858 23.6625 18.6508 14.8684
-47.9583 28.6502 15.1553 20.5385
-44.3048 25.954 19.132 14.4993
-48.4004 30.9472 19.3953 14.2516
-48.5589 31.9005 15.9009 19.9185
-48.6879 32.8028 20.4145 12.7258
-48.3265 32.9824 16.921 18.3905
-44.0053 29.2868 17.0718 18.575
-48.1115 34.2578 17.861 17.2285
-48.4819 33.2429 21.8753 11.1595
-48.1587 35.8834 18.4568 16.7123
-44.0995 32.0246 22.8648 13.5486
-48.2817 37.3977 19.103 15.7271
-48.2903 37.866 19.348 15.3495
-43.6079 32.5392 23.646 8.1717
-47.7998 37.8948 20.229 13.7185
-43.7482 33.4736 23.791 8.13363
-47.9356 38.8311 20.3764 13.6748
-47.8856 38.7879 20.4812 13.3995
-28.5299 30.1623 16.7709 15.615
-32.818 35.9059 13.4621 21.0262
-20.0925 -6.57366 17.6279 -2.42158
-24.3459 -0.840169 14.3187 2.97847
-25.8755 1.18456 13.2816 5.78536
-23.6391 -2.11159 12.7211 7.80674
-27.8923 3.61673 13.862 8.1703
-29.4999 3.67414 18.4834 5.49118
-33.7475 9.40151 15.1732 10.8851
-26.5304 2.02305 18.9795 7.60465
-30.7877 7.78771 15.679 12.976
-35.0779 13.9473 12.4874 18.2005
-36.2635 15.3022 11.5257 21.9801
-34.0431 12.5096 9.66449 20.2666
-38.3326 18.6659 9.63941 23.4378
-39.0156 20.5582 9.467 26.6995
-34.9692 19.7426 9.09409 25.3964
-39.466 23.374 9.54071 24.9839
-35.5371 20.1963 13.0309 20.4473
-39.8294 26.3395 9.83118 25.6589
-35.7444 25.6597 13.9427 23.0627
-40.2306 29.9087 10.6569 25.0813
-35.6847 28.7756 11.1811 24.6133
-39.9978 35.3803 8.13168 29.6219
-35.5972 28.1771 15.7131 21.3438
-39.9067 34.778 12.6559 26.3464
-44.216 41.3793 9.599 31.349
-29.2511 23.0519 18.7206 12.1299
-33.5678 29.6378 18.322 15.443
-26.0762 18.6953 23.535 6.97392
-26.9812 20.3499 22.7843 8.48852
-31.2894 27.4073 19.8973 13.2594
-32.3784 29.563 19.0378 14.9658
-36.6884 36.6384 16.1565 19.7252
-36.9409 37.1769 16.0113 19.7324
-36.9406 37.5781 16.1024 19.4862
-41.2493 44.6517 13.0032 21.0472
-4.62755 -25.5043 26.4337 -2.01354
-8.9351 -18.4602 23.5321 2.72234
-1.45113 -35.588 21.7652 10.5845
-5.76769 -28.5564 18.8436 15.3062
-8.84507 -23.2491 16.7552 19.9069
-13.2568 -17.7808 14.4453 24.115
-15.3416 -11.4267 11.7283 28.5691
-18.8097 -5.01363 9.14975 33.5105
-20.2228 -2.31569 8.03241 35.7435
-24.5086 5.24487 7.73093 36.8676
-22.7993 5.30166 6.95802 39.2859
-21.1836 6.83821 9.46472 38.4291
-25.4754 14.4038 6.67521 41.3378
-22.9317 16.6321 6.71912 41.9149
-27.287 22.3683 7.18736 41.8098
-28.4826 27.6244 7.62045 38.3582
-28.7935 31.1279 8.81826 40.2358
-29.7463 35.9737 9.44414 39.9693
-26.4446 35.2135 13.8407 36.4586
-30.6912 43.3511 11.3705 40.5867
-31.2114 46.7886 12.0334 36.9827
-31.1672 52.5264 9.43352 37.9691
-24.2899 41.7029 19.9284 24.3025
-28.5458 49.8321 17.4556 28.4274
-32.7446 58.4195 15.2012 32.2967
-33.5668 62.2576 15.6806 31.7215
-34.5952 60.2866 19.2491 25.1043
-38.7659 69.0451 17.0748 28.8765
-34.2506 68.5589 17.7302 27.6197
-38.6006 72.2099 15.5522 31.3926
-27.453 52.7528 26.0705 11.0913
-31.6309 61.5048 23.8917 14.8596
-28.6626 55.0722 25.5015 13.6286
-29.0521 61.6971 23.2078 14.4637
-25.3444 60.339 22.9926 13.9942
-29.4433 69.7602 21.0375 14.0787
-30.523 64.8714 22.7893 12.7116
-34.6337 74.2882 20.9476 16.0852
-31.3881 66.289 22.388 11.5384
-28.0759 57.4001 22.2738 10.5883
-32.163 66.8287 21.7543 10.5127
-28.2531 64.4678 21.2725 10.1936
-32.3545 73.8891 19.3271 10.2927
-33.3023 66.3766 20.3343 9.32961
-29.7548 56.2481 21.3573 4.89028
-33.717 66.4255 19.9088 7.801
-30.2981 48.6084 22.0114 5.71216
-30.7646 56.8289 20.4766 5.74131
-34.7251 67.011 19.0227 8.64947
-34.9629 66.7165 17.5617 11.5685
-30.4006 63.581 17.7556 2.5342
-34.5056 63.6224 17.518 4.72245
-30.8516 52.1579 18.2372 0.373442
-27.9226 42.1098 16.7752 3.30513
-31.8078 52.7202 17.1817 -0.10351
-35.6267 63.7371 16.1745 2.29333
-36.11 64.5302 15.8057 1.99284
-35.9749 53.7286 16.5187 -2.21019
-35.3588 62.2513 15.5081 0.185441
-31.1184 49.6854 16.0846 -3.46864
-34.9347 60.7189 15.0713 -1.0733
-35.3809 61.3425 14.7946 -1.58718
-34.834 59.7156 14.5587 -2.27025
-35.2454 49.522 15.0307 -3.30084
-34.5329 58.4255 14.1933 -3.73863
-30.2591 46.1073 15.0328 -5.20212
-33.9323 58.0718 14.5263 -3.38275
-34.0954 58.8524 14.6048 -6.84927
-37.7808 70.8183 14.0962 -5.0296
-33.4142 57.9082 14.6922 -8.62251
-37.1013 69.8844 14.181 -6.80299
-32.7739 56.7415 14.5144 -11.8249
-36.4628 68.7284 14.0015 -10.005
-24.9782 31.6965 14.2134 -14.629
-28.6089 44.0659 14.1337 -13.1667
-32.2102 57.0539 14.216 -11.9761
-31.8439 57.5746 14.3593 -10.8405
-26.6613 42.5499 14.7333 -13.2245
-30.2079 55.5933 14.7907 -14.1347
-26.2211 42.9035 14.6287 -16.0228
-29.7724 55.9606 14.6922 -14.8462
-33.2483 59.062 14.7717 -13.6524
-36.7861 72.1316 14.8338 -12.4757
-40.4092 74.0455 14.5047 -14.1282
-43.9271 87.431 14.7483 -13.1512
-29.7492 60.3528 14.4333 -15.9546
-33.2003 74.5744 15.1582 -15.498
-11.6447 17.2463 13.7703 -19.6749
-15.1414 31.5169 14.4906 -19.2137
-18.1845 16.0753 15.2568 -18.7152
-21.6286 30.3891 15.976 -18.2523
-10.5653 10.1808 14.657 -18.0629
-14.0584 24.5124 15.3742 -17.5979
-17.5515 38.8439 16.0914 -17.1328
-18.4045 44.2246 16.5537 -17.1711
-21.8138 59.8354 18.0329 -17.5099
-14.4538 39.1873 17.6664 -16.5328
-17.874 54.8393 19.1455 -16.8676
-21.2942 70.4914 20.6246 -17.2025
-9.80536 36.6121 19.5547 -15.2143
-13.2615 52.3078 21.0297 -15.4519
-11.0887 46.354 20.4395 -14.4694
-14.562 62.0737 21.9082 -14.483
-12.6785 54.6858 19.7992 -12.142
-16.1581 70.6052 21.36 -11.7096
-17.071 64.8827 21.65 -10.034
-17.5785 80.2499 19.7585 -8.9341
-18.6016 86.1972 22.1141 -10.1476
-12.7584 62.3102 17.8227 -5.03319
-16.228 79.5616 20.1825 -6.23945
-19.8365 96.7852 22.5529 -7.41326
-20.6197 101.785 22.7478 -6.99466
-11.2151 58.8375 14.6294 -0.769487
-14.7301 76.1586 16.9765 -1.49779
-11.6061 77.3691 17.0544 -1.05398
-15.1534 96.3376 20.4219 -3.23889
-15.0317 85.0027 18.9294 -2.15686
-18.5828 104.009 22.3021 -4.3346
-14.7198 90.3218 20.4611 -3.67757
-18.4487 109.34 23.8449 -5.81292
-14.455 94.1715 21.4339 -4.4286
-13.0285 79.0758 18.3143 -2.52892
-14.2292 96.7189 21.6982 -4.69053
-9.42763 76.8857 18.4072 -3.06609
-13.2168 96.0337 21.7928 -4.92633
-13.599 100.408 22.7864 -6.10768
-2.8668 63.6593 13.3295 -1.48735
-5.56651 67.3448 17.8712 -4.7284
-4.66872 51.5965 19.4521 -6.39709
-4.32399 70.2991 20.4957 -7.88113
0.36863 52.0593 18.2068 -6.92219
-3.39389 73.3554 22.7643 -10.1427
1.10254 54.5762 19.773 -9.25315
-2.68748 75.9326 24.3377 -12.4638
-5.54305 80.8026 28.8833 -14.815
-3.23273 82.1693 26.3016 -14.3297
-5.74686 84.4555 27.1787 -16.3193
-2.92988 87.0568 28.3335 -16.7118
1.18389 66.989 23.6811 -14.5018
-2.82268 90.7296 29.5189 -18.1612
0.115215 90.3305 24.5966 -14.9086
-2.40257 93.3534 30.4976 -19.2989
12.5558 84.0487 4.45028 -6.77953
7.69192 107.854 10.4232 -11.0838
5.85511 -2.2316 5.08165 -7.60085
2.67531 7.08419 10.3694 -12.1195
-1.784 33.9743 17.8333 -17.8901
-4.73621 46.8162 23.9652 -23.4044
-9.2605 73.7293 31.4364 -29.0414
1.32683 24.6801 33.5759 -31.1425
1.12807 23.94 37.8474 -35.3291
1.44371 22.2232 35.003 -32.9319
-3.0564 49.4629 42.4999 -38.5371
-6.40134 61.608 45.9084 -42.1955
-7.95127 86.8304 53.2392 -45.9335
2.96387 86.1506 50.207 -42.1415
0.2261 90.7016 59.4135 -49.2127
1.88733 76.7797 61.0124 -46.217
0.122386 104.985 61.8134 -49.5561
1.00151 93.0607 51.9129 -39.7064
-4.01085 123.652 61.1579 -46.7383
-1.7956 104.999 50.308 -35.7021
-7.20252 135.692 59.6829 -42.5624
-12.342 166.391 68.5083 -44.7735
-9.82272 146.216 57.7065 -38.3017
-3.37634 96.2619 34.1369 -17.4941
-9.09755 130.843 45.3855 -26.0908
-14.8188 165.425 56.6341 -34.6876
-10.7857 142.325 47.7895 -27.0359
-16.5648 177.07 59.0686 -35.6069
-20.7328 209.979 58.7348 -39.0616
-15.2344 151.396 57.9451 -26.7692
-9.11438 121.285 29.3392 -9.33653
-15.5652 156.446 40.7582 -17.7066
-18.292 163.115 51.7508 -22.3301
-22.8842 199.45 52.767 -27.0824
-14.642 158.259 40.4115 -22.325
-21.4228 198.006 53.9877 -32.5975
-23.6899 205.418 52.8259 -26.5219
6.67803 -10.0987 -21.2573 11.8082
-0.709857 31.2087 -7.42144 1.76554
-11.8226 84.108 14.2006 -37.5275
-19.5198 125.954 28.0891 -47.4965
0.160711 15.5942 40.5677 -60.3056
-2.83693 53.8795 51.019 -68.9269
-11.14 98.7964 66.2291 -79.8602
-6.67929 77.6414 75.3352 -88.3311
-15.5656 125.297 91.7593 -100.155
-1.29199 58.88 81.881 -97.7083
-10.2161 106.841 97.5914 -104.328
-7.03451 100.281 76.001 -88.7299
-10.0417 101.607 92.46 -100.52
-5.23849 55.0221 88.7187 -91.255
-11.6031 101.462 86.695 -96.1694
-3.71144 50.7628 66.3042 -81.4769
-13.2741 102.795 84.0331 -94.2021
-7.78825 101.787 68.8167 -88.8222
-9.2152 85.6491 87.3494 -96.6779
-6.79445 91.1924 71.0341 -84.3947
-9.07795 82.3227 90.3434 -98.3041
-6.35061 33.456 90.0346 -88.5524
-10.8989 85.5395 86.333 -94.0047
-26.9233 220.647 23.4003 -52.4178
-32.5659 243.816 42.0802 -60.8338
-36.1917 265.449 53.8552 -67.5495
-34.6768 271.238 62.626 -72.497
-36.4081 293.84 49.3697 -68.2045
-41.2564 306.042 70.7156 -74.6334
-48.3361 331.093 74.5686 -76.2531
-46.7959 331.99 71.2263 -72.6973
-53.4705 353.125 72.6077 -62.4072
-50.6317 348.5 69.7248 -69.2499
-45.7271 292.887 70.6808 -58.5204
-52.5837 355.386 67.6505 -65.3124
-50.764 359.645 46.6464 -57.2081
-50.2337 343.467 67.8562 -62.9279
-34.3192 235.75 43.9687 -41.9661
-40.6293 273.971 65.3914 -56.3579
-11.2578 156.04 39.5292 -36.6736
-17.8255 194.839 61.0402 -51.0249
-9.12555 156.864 57.179 -46.9862
33.248 -65.7557 28.7721 -13.0448
19.2255 -20.4919 50.2335 -22.1177
5.01464 11.7428 -7.62126 -1.30646
-3.12362 53.6808 14.3012 -15.4499
-4.82495 59.1437 23.4615 -21.5716
1.97333 13.2732 22.7036 -21.5317
-3.26927 44.5562 45.7171 -36.0535
2.4002 -8.52186 34.1208 -30.8297
-8.02006 29.4859 49.5358 -41.9372
-3.19454 -3.05771 61.4579 -43.0827
-8.72487 29.3509 84.7341 -57.4041
-4.23591 -27.6266 41.0378 -34.0937
-9.95703 5.47333 64.3796 -48.4464
-22.0351 54.8769 76.842 -56.2938
-34.2496 107.708 91.9422 -65.2964
-28.7103 89.0082 93.4022 -61.6643
-17.3347 26.9096 95.9374 -62.8916
-16.9851 45.2359 119.578 -68.1871
-17.7813 47.6053 89.7708 -57.6376
-17.2958 44.2782 114.549 -72.259
-23.0783 67.5802 69.5931 -41.6369
-27.2627 91.6928 94.4057 -56.3598
-11.3359 30.5242 82.3458 -45.3464
-15.6283 54.8126 107.221 -60.073
-12.916 38.375 105.598 -46.9482
-15.6327 54.208 103.996 -53.2581
-16.0677 54.435 100.633 -39.6753
-14.911 48.6336 99.8801 -46.2732
-12.2845 38.1146 73.4048 -25.9388
-11.6581 35.173 99.8178 -41.2102
-10.0805 24.522 75.1947 -21.7051
-13.4205 41.1399 101.681 -37.0106
-10.0208 21.0595 86.5018 -27.9481
-13.2791 37.4596 113.253 -42.8694
-15.704 57.0712 94.8257 -7.1537
-17.5139 66.1897 123.27 -22.6256
-19.3103 75.2462 151.726 -38.1002
-22.1034 84.0458 180.802 -51.4332
-24.0069 93.0803 209.439 -66.5687
-12.5966 74.0931 195.695 -63.7512
-14.497 83.1817 224.218 -79.2999
-18.6042 88.9932 224.32 -63.2824
-5.49973 36.3881 133.626 -5.05776
-7.71226 45.5606 162.187 -13.7802
-11.4387 53.7968 191.43 -28.5108
3.18673 -2.8838 118.944 -0.865262
2.37385 0.421381 123.345 -7.88876
1.53528 3.7131 120.059 -13.3276
0.698639 6.99759 150.729 -29.1569
-0.138003 10.2821 181.4 -44.9861
-5.97644 0.783207 114.054 26.1681
-6.58261 1.13273 125.429 21.759
-32.4797 70.2895 143.782 21.6045
-33.3744 73.5935 152.31 12.4735
-37.0882 83.6461 141.262 14.935
-37.3172 83.1261 173.559 5.74137
-37.0125 82.1806 181.134 3.80478
-37.4228 80.9977 146.087 25.6487
-37.4677 79.7691 179.168 10.063
-37.0514 78.3822 179.065 10.5101
-36.7652 76.3463 180.234 21.6723
-36.4867 75.1841 173.452 17.4153
-35.8327 73.2131 173.739 17.9256
-35.0916 70.7906 137.18 30.5965
-34.4117 69.2071 169.972 23.2937
-33.1191 64.5689 172.127 30.1943
-31.0118 59.2762 177.473 22.3906
-28.0417 52.529 182.498 28.9206
-27.1178 48.4887 187.084 21.2542
-24.3525 42.1077 157.056 38.7891
-23.4024 38.0743 192.226 21.6758
-19.9614 30.8291 98.1401 67.8441
-18.9546 26.8039 133.322 54.6231
-12.7638 17.4009 115.747 58.0299
-11.7168 13.3917 151.128 46.9888
-10.4046 8.00917 187.557 29.2807
-6.29151 -0.598745 179.432 36.1472
-4.81871 -6.58193 216.413 18.3099
-3.99455 -11.9041 218.625 24.8209
-2.47926 -17.8768 216.581 19.916
-2.43312 -20.0632 165.883 46.2828
-0.875818 -26.0246 202.932 27.9965
-3.6987 -21.1382 128.87 63.4674
-2.07579 -27.0793 165.931 44.7704
-0.666081 -32.2074 177.695 37.5567
3.06932 -41.1307 215.546 19.0158
-4.78887 -25.0746 192.229 31.5105
-2.45063 -33.398 230.578 12.8789
-0.217382 -41.4988 226.995 10.0588
2.50568 -49.7973 265.315 -6.87123
1.38564 -48.8293 229.621 10.536
-3.56062 -36.2051 247.114 0.889596
-1.07074 -44.4614 285.484 -18.2202
-0.496444 -37.2858 232.108 4.95515
2.06251 -45.5008 270.355 -14.7365
-8.66422 -20.8055 180.507 26.444
-5.40393 -31.0272 219.521 7.09069
-1.03627 -39.3196 219.753 3.87566
2.26544 -49.5165 259.113 -12.6553
7.46095 -58.6054 267.048 -18.6836
-10.2941 -24.9244 214.11 7.49089
-12.9158 -21.014 198.246 14.0753
-13.0345 -23.6991 237.054 -5.33562
-6.37366 -36.091 223.428 -1.51791
-10.8268 -22.7725 167.401 24.1859
-6.96576 -33.5697 206.091 3.81837
-5.16543 -30.7571 149.195 29.1115
-0.729131 -42.423 187.825 9.72765
1.52436 -45.2844 183.802 9.24848
0.920486 -36.4404 162.48 15.3813
-1.76015 -31.2379 161.925 14.3669
2.88826 -42.7176 166.629 8.64923
8.01571 -49.2027 204.796 -12.6521
0.409651 -31.306 157.769 9.38475
-0.373851 -29.2243 195.603 -13.192
4.69816 -41.0729 189.867 -13.8264
5.76974 -41.824 194.258 -17.0156
11.1478 -45.9129 150.052 4.59746
3.76826 -37.2081 187.211 -15.3605
7.21549 -41.3382 224.389 -35.9022
11.4432 -46.1975 177.528 -15.4019
9.34893 -40.3091 117.945 20.9528
15.0262 -52.6955 154.506 -0.71413
7.62147 -38.4051 152.652 -1.67748
36.7001 -27.8489 23.7655 14.394
46.5435 -41.3251 56.6015 -16.122
30.8339 -18.5599 20.8521 2.00687
37.8321 -31.329 54.4844 -19.1759
33.0928 -24.6645 51.9935 -41.105
32.536 -26.5697 63.8878 -53.9402
36.0655 -34.2858 97.146 -75.2786
16.4267 -10.6654 21.5631 -58.0261
23.4108 -22.5631 53.7883 -80.2677
32.3839 -32.9904 45.641 -86.2619
39.7974 -45.2579 77.5151 -108.731
36.6806 -44.6464 107.221 -136.134
13.273 -22.3017 66.3117 -114.937
18.7474 -34.356 96.311 -134.119
26.9612 -47.3049 126.697 -152.922
9.51854 -28.1564 87.808 -144.738
17.0697 -40.7878 80.8668 -133.74
11.5404 -33.6618 43.828 -115.151
9.0631 -34.2136 73.282 -134.758
20.4583 -47.9249 70.8697 -136.586
0.880652 -25.502 40.6713 -121.322
-1.21047 -26.6047 69.3072 -140.687
7.70631 -39.8255 66.4669 -130.202
1.1094 -27.892 58.6477 -134.305
13.4373 -41.9586 49.0773 -125.461
-1.90057 -24.805 44.5978 -121.345
11.4748 -38.9609 37.6302 -116.873
16.5448 -42.3253 63.9509 -133.339
2.07997 -25.437 35.6187 -119.656
15.6637 -39.2952 31.4764 -117.886
4.9971 -22.6466 7.4663 -104.63
11.2838 -26.358 9.06747 -106.385
21.0788 -39.3699 32.2452 -118.944
21.5127 -31.9404 14.6358 -104.684
31.3912 -44.7878 37.5676 -117.474
47.4167 -58.771 59.1507 -132.87
20.7961 -28.1398 22.6838 -97.796
12.7102 -15.5546 2.58976 -72.5799
22.8602 -27.9198 25.2085 -85.8501
23.1479 -19.7095 15.9282 -72.5599
33.3267 -31.9063 38.171 -86.0315
41.3841 -18.3757 -7.09845 -32.0941
52.2182 -30.5448 13.1567 -40.5494
33.0295 -15.9348 -2.34457 -10.373
43.9998 -27.8521 15.3549 -23.428
39.9126 -27.7588 35.4383 -31.9398
44.133 -30.7605 26.4278 -9.64603
55.1963 -42.5086 32.1154 -5.48918
21.4403 -15.2397 24.1486 11.4717
32.4891 -26.8922 44.4461 2.75714
27.358 -20.9622 39.3765 18.4549
38.5226 -32.3922 61.229 10.1577
41.161 -35.0478 132.33 40.6366
24.3156 -22.188 48.6393 33.8608
19.8161 -20.4765 62.7494 26.3094
31.4068 -31.9575 71.324 38.9373
46.9176 -43.4856 77.3606 45.7064
37.3053 -35.6454 70.6795 64.3222
25.9157 -30.6868 87.7594 60.5482
27.8674 -32.2958 101.663 52.2553
12.8595 -20.3096 89.2196 88.6579
24.5526 -31.3539 103.055 79.8176
27.2372 -33.1107 118.899 81.4374
32.2939 -35.8699 111.072 101.809
44.4379 -46.8919 126.878 104.066
56.5818 -57.9139 142.684 106.322
76.1775 -51.1614 98.5132 138.483
88.426 -61.9061 114.358 140.425
40.9234 -22.4697 93.4918 137.262
53.1951 -32.8172 109.349 139.019
32.8038 -22.1184 108.685 144.028
25.4318 -20.499 115.733 145.448
38.0123 -30.7358 130.827 152.142
19.6742 -20.9803 127.964 160.554
32.343 -31.1188 142.885 168.598
45.0535 -41.2117 157.628 176.804
31.4124 -33.0784 153.933 185.43
22.6454 -30.2636 168.875 193.438
35.3185 -40.2278 174.482 199.928
38.0904 -42.2579 180.082 207.825
-5.1889 -12.3652 169.062 225.817
17.5342 -22.3101 161.962 212.911
22.1462 -21.6698 158.057 215.564
35.1932 -31.1747 172.497 230.051
48.2752 -40.6373 179.133 234.522
34.3117 -32.8038 173.92 235.824
23.3579 -29.4173 187.598 253.106
6.65835 -20.0127 183.054 252.989
19.7046 -29.235 197.723 267.36
20.8869 -32.3343 211.471 284.424
-2.99241 -14.2864 196.466 268.395
10.0457 -23.2843 202.089 270.7
23.3172 -32.2425 216.707 289.408
35.3606 -33.2414 210.584 287.7
48.7955 -42.033 225.015 309.102
40.5361 -39.564 229.239 316.784
0.0845096 -21.8928 221.227 309.811
-3.56399 -16.336 214.284 300.534
9.81318 -24.874 229.937 320.475
19.1848 -31.4993 233.78 326.644
38.7926 -38.5569 248.912 347.765
6.53735 -23.8354 238.913 334.035
20.2652 -32.0973 255.816 354.751
-1.61804 -20.3189 245.725 346.835
12.1073 -28.4431 262.385 371.915
22.4246 -29.2121 266.498 375.987
16.7776 -28.7 266.998 385.29
3.50741 -19.8203 269.208 383.049
17.1964 -27.7114 266.82 388.77
0.552499 -19.5524 253.246 366.271
16.9919 -26.5536 269.527 394.545
14.9996 -21.2254 250.795 371.383
28.8423 -28.8005 269.306 396.387
35.0451 -27.9754 269.067 401.864
32.609 -28.5647 268.628 406.148
32.2505 -27.393 267.588 409.456
46.2774 -34.6867 285.145 445.429
17.8687 -22.4741 246.888 380.401
37.5617 -27.7512 265.041 416.297
10.7751 -16.7182 242.21 373.283
27.0112 -22.9783 260.8 409.118
22.1548 -22.7186 260.336 406.934
14.3217 -2.60675 150.381 214.08
28.595 -9.07057 171.734 258.24
42.8646 -15.5429 166.596 272.897
65.3477 -19.4879 190.036 299.423
21.7612 -6.54486 108.86 188.901
14.7753 -2.45136 61.3425 131.95
28.963 -8.64183 86.2294 163.203
28.2357 -8.04901 111.873 183.968
45.408 -12.9025 135.201 228.223
60.0707 -18.8031 94.1833 202.661
25.9833 -8.46535 82.3465 209.782
40.5311 -14.1925 110.643 249.699
21.9211 -8.30534 122.614 241.423
36.4371 -13.9736 126.915 269.976
17.0497 -7.47484 108.42 242.724
31.5298 -13.0853 137.373 277.394
35.5531 -13.7016 143.625 292.623
40.8757 -14.5719 148.738 281.76
32.9027 -12.8018 150.323 306.585
24.1253 -7.75841 130.696 272.492
38.6089 -13.1536 161.465 329.045
27.3579 -7.39945 142.051 296.454
42.0999 -12.4979 176.217 361.138
35.685 -0.691182 50.7826 147.247
36.8153 -1.47061 86.9301 212.513
38.4359 -1.28198 67.7311 185.717
53.6957 -5.98884 104.939 251.055
55.0214 -6.95232 112.606 267.305
25.8609 -0.867981 91.5288 231.86
40.3825 -5.81148 129.36 297.76
27.6569 -1.81939 108.719 261.218
42.4917 -6.41109 153.054 340.343
45.3746 -6.75039 194.831 395.017
45.0071 -7.44511 178.494 367.192
59.7834 -12.0572 223.248 446.916
74.5596 -16.6693 268.002 526.64
57.3159 -5.85777 222.64 441.935
71.9988 -10.4385 268.598 522.302
11.5376 6.66574 152.496 302.496
26.3082 2.16935 164.385 346.526
26.0358 3.379 142.721 304.96
40.5122 -1.4993 199.842 396.997
44.0761 -2.78196 215.688 422.223
46.2648 -4.1955 234.037 445.077
35.5981 -2.98337 242.646 456.762
35.5802 -3.85247 255.272 442.955
29.1206 -3.18913 272.048 493.542
16.1939 1.16384 282.305 478.413
29.3149 -4.29509 303.015 532.076
22.6895 -1.84699 262.895 455.771
36.9166 -6.93319 325.079 550.1
53.6552 -11.133 316.945 563.982
5.84377 6.23134 64.2595 126.476
30.3911 1.98455 100.067 188.8
54.7112 -2.14479 23.3357 72.7964
71.4617 -6.47895 59.9771 135.946
54.3335 -3.67471 38.9164 85.9568
70.9774 -8.44879 77.0131 149.576
65.8642 -8.14642 88.6251 163.656
41.8821 -4.55429 123.965 207.389
58.4579 -9.1465 118.221 200.998
42.7489 -3.82951 25.0264 64.9264
57.3196 -9.49516 54.5035 119.097
45.786 -6.65387 24.8315 63.8711
63.3562 -11.0055 54.8515 118.721
19.1224 -0.667269 8.24747 13.1995
36.322 -5.51109 44.0414 63.7045
54.4835 -10.4142 75.1131 120.098
51.5996 -11.4762 86.9474 128.468
68.9082 -16.218 118.325 185.347
86.2167 -20.9597 149.702 242.227
60.9192 -17.7164 95.3557 155.407
69.7181 -18.3061 95.6747 158.322
75.8848 -17.5004 119.365 203.881
94.01 -22.1045 142.363 249.855
46.1611 -10.9628 19.9303 66.2513
40.5986 -8.94861 41.1575 97.682
58.5971 -13.7287 64.5804 144.666
49.0655 -11.0951 74.3048 147.744
66.9104 -16.2811 98.8565 194.729
84.8067 -21.2466 122.748 242.048
81.2847 -19.4803 90.1277 200.567
35.4546 -5.4923 37.2292 69.0807
51.9355 -11.3686 51.586 102.807
63.3812 -14.7438 51.9552 99.1264
59.9686 -13.7793 68.0417 135.545
61.3814 -14.7378 35.2628 84.8318
61.1493 -9.43908 43.5063 95.3264
67.478 -19.4176 35.8667 92.9863
51.2306 -11.3362 28.3978 84.8329
42.2099 -9.39541 28.8059 74.8785
60.8461 -14.7652 39.2026 104.535
74.997 -21.6206 38.8742 122.141
57.8447 -18.4705 21.499 85.8035
56.2684 -11.4209 -2.35141 53.96
18.4212 0.351637 -7.09022 15.3445
35.9545 -4.39567 0.837707 42.5332
54.5544 -13.5301 16.2179 58.7049
58.4807 -15.3557 28.3272 90.2267
29.7684 -6.3923 -3.99467 18.5416
48.2297 -12.0662 3.64984 45.9319
53.8176 -18.4037 33.3216 71.3609
72.6794 -24.2696 33.9882 88.5872
77.1808 -25.4926 15.7448 69.3754
96.1088 -31.1169 16.0179 86.7555
101 -32.9443 10.1284 96.4295
50.5983 -13.0779 -14.5271 55.5654
69.4096 -18.8933 -20.7992 46.7884
36.7807 -6.01221 -16.8829 35.0804
55.5081 -11.9438 -16.6875 52.4944
74.1565 -18.1999 -22.0645 46.3876
62.4532 -14.35 -15.8248 51.8548
56.3821 -10.7017 -28.0987 31.3237
58.0901 -11.3098 -37.7614 -3.05351
53.5488 -8.693 -35.5932 15.3141
36.4177 -9.26658 -9.79972 -2.50802
55.2911 -15.5435 -16.2232 5.63093
73.9676 -22.4774 -22.5233 13.97
92.7844 -28.9215 -28.8743 22.1655
93.7003 -40.7283 -20.1921 13.8878
51.4812 -32.9543 -13.3604 11.4048
70.254 -39.6676 -22.5567 15.416
84.4754 -48.0929 -38.0145 -10.9315
103.388 -54.8612 -49.9258 -11.0903
105.68 -54.5275 -37.4558 -1.10938
124.504 -61.4639 -49.3544 -1.32579
62.2749 -50.6615 -25.556 -14.7653
80.8954 -57.943 -37.435 -14.9852
50.6546 -20.0797 -46.4806 -33.3785
53.4798 -22.9029 -58.4927 -33.3599
72.0076 -30.1627 -42.2513 -7.50269
57.6993 -23.1981 -37.113 -6.60847
76.4737 -30.316 -53.3939 -14.045
48.3002 -15.167 -45.3299 -14.3407
66.9041 -22.6944 -61.6448 -21.4942
65.4752 -20.5407 -64.9932 -25.7872
51.5169 -6.03084 -67.7351 -41.3035
58.5027 -15.5329 -64.1954 -22.8497
76.9861 -23.2975 -80.4528 -29.8837
55.2926 -13.777 -54.8735 -9.09374
50.7859 -11.1994 -49.3144 -3.08573
55.662 -14.1338 -56.077 -16.4936
39.8498 -8.9941 -49.1733 -26.7848
58.4177 -16.5519 -68.6272 -40.3033
47.5717 -20.1044 -71.8611 -60.6656
55.0804 -15.7226 -70.4519 -46.0264
56.9839 -17.9406 -69.6598 -45.4487
65.339 -14.4076 -66.4691 -28.2723
55.5977 -19.0282 -66.7556 -43.3721
59.419 -22.0613 -65.6349 -43.6832
50.315 -11.2542 -43.7399 -13.9753
55.2832 -20.9928 -64.5573 -45.1951
31.6095 -10.5662 -45.6948 -20.6328
49.8897 -18.5874 -68.1067 -55.5048
30.4639 -10.9391 -49.8682 -46.2809
28.6267 -7.65591 -26.1072 -12.6594
37.5052 -16.8893 -47.6206 -45.1119
55.6085 -25.2252 -68.5453 -63.4579
65.1953 -32.4179 -77.3058 -79.9254
52.7458 -16.6605 -36.3865 -25.8441
55.7328 -26.5251 -56.9639 -44.044
28.2872 -11.8012 -41.3481 -39.3401
46.2273 -20.2328 -63.7219 -61.832
34.3191 -16.8605 -48.0072 -55.6724
52.0584 -25.6803 -70.4428 -77.7305
55.2888 -28.1478 -69.8457 -78.8954
46.4933 -15.3473 -34.919 -33.2444
50.1243 -24.9469 -56.5852 -55.4072
21.9266 -18.1234 -29.1254 -64.1469
33.3571 -27.5709 -50.3626 -85.9668
34.231 -36.202 -22.8515 -51.0166
51.5821 -45.6474 -43.8322 -73.1686
15.0057 -12.6745 -10.6864 -27.4091
32.235 -22.0156 -32.5223 -52.3163
32.2614 -28.534 -49.3758 -100.793
49.3779 -38.0743 -70.9674 -125.638
66.3003 -47.8853 -93.1691 -150.107
56.4698 -40.6121 -78.3806 -114.117
50.5848 -33.2381 -64.3893 -73.4342
50.4689 -31.4034 -63.5 -62.9618
55.2292 -41.0105 -84.8654 -87.3656
50.114 -27.8729 -73.1219 -85.5773
54.6009 -30.1661 -77.0561 -82.1882
42.9947 -22.5735 -56.7352 -54.7428
59.6572 -32.3773 -78.4424 -81.5424
43.3728 -21.2779 -57.6087 -55.2496
43.2914 -20.5452 -56.7901 -54.2315
59.835 -30.5499 -78.1765 -80.7274
48.7764 -25.4087 -62.6972 -67.8534
65.237 -35.5521 -83.8677 -94.1591
43.951 -21.2539 -53.8054 -48.2708
60.3279 -31.536 -74.7414 -74.3744
41.6522 -25.559 -55.2983 -83.3403
57.7241 -35.6693 -76.3706 -111.279
25.7713 -21.4618 -31.5088 -51.1865
41.6614 -31.8713 -52.1572 -78.7854
57.5514 -42.2807 -72.8056 -106.384
71.2488 -47.9944 -94.0047 -133.6
31.2248 -22.4474 -37.677 -46.7627
46.7965 -33.3411 -44.5951 -48.76
59.2506 -35.7489 -62.8017 -84.0267
71.6299 -38.4803 -67.939 -82.5673
76.6821 -47.6834 -86.2078 -118.464
67.1609 -55.3607 -105.239 -152.974
56.9324 -36.0772 -79.5994 -98.8467
9.82692 -4.22276 -29.6912 -61.6842
24.9366 -15.0505 -49.1858 -89.6162
11.9528 -18.9439 -1.46045 -37.4365
13.5296 -28.7899 -18.8817 -70.5001
20.959 -32.7104 -32.7232 -92.6958
33.0073 -36.0134 -52.0326 -119.626
41.4615 -46.3921 -58.6056 -114.552
45.9701 -46.7018 -68.9925 -122.039
36.4619 -42.9556 -47.3653 -47.8483
46.3521 -38.1959 -65.9897 -75.5433
15.3775 -9.13179 -22.1793 -28.6838
29.7728 -23.2353 -40.8639 -55.7529
41.2945 -34.3816 -55.1426 -91.6872
39.9896 -34.9473 -55.7575 -95.2136
53.7221 -46.7665 -74.1557 -122.224
33.9816 -35.2528 -40.7802 -40.2966
45.3652 -36.1178 -59.0888 -67.048
58.486 -47.914 -77.4894 -93.8166
61.059 -49.2579 -81.4907 -101.79
47.8687 -35.4811 -64.889 -70.1972
46.5678 -43.0897 -82.4009 -98.5049
57.3358 -41.7113 -78.0685 -81.7457
36.3475 -19.4733 -55.1501 -46.2417
49.1804 -31.4316 -73.0888 -72.6069
48.2261 -31.4454 -90.8429 -99.1917
49.4664 -40.1864 -75.9358 -93.6939
49.1857 -37.2183 -73.6846 -92.5927
34.8026 -27.1429 -53.5383 -65.3451
46.8936 -38.7399 -70.6365 -91.2952
45.2407 -37.9246 -65.0743 -80.2603
27.6897 -23.0392 -46.6659 -61.6136
39.6547 -34.7964 -63.5125 -87.3626
38.0829 -34.5214 -59.287 -80.9073
22.9411 -30.3403 -44.8305 -61.1232
34.8612 -42.1531 -61.1267 -86.8817
25.4113 -28.4507 -39.6704 -68.89
37.2672 -40.3678 -55.7516 -94.5405
24.9727 -29.2284 -38.6632 -72.1651
36.1639 -40.507 -53.8298 -97.2306
21.4886 -24.7511 -36.3468 -70.3053
11.8608 -17.0157 -19.6096 -43.9713
22.7418 -28.6297 -34.7567 -68.6332
25.9006 -33.8743 -36.1166 -77.1512
36.8476 -45.4555 -50.9158 -101.892
3.88094 -25.7308 3.63409 -55.8465
14.357 -37.8251 -10.7839 -80.0777
16.7738 -36.4712 -20.6553 -87.5985
26.8319 -48.2059 -34.6011 -111.292
29.1352 -56.1359 -48.6255 -134.396
33.8095 -50.0427 -52.4596 -101.12
43.4368 -61.4685 -66.0493 -124.247
33.9144 -32.945 -67.7034 -113.07
43.488 -44.4497 -66.2585 -103.293
24.6455 -22.9062 -45.2604 -50.2782
34.1153 -34.5215 -58.7841 -73.1423
26.332 -25.3093 -44.3126 -43.6582
36.0019 -31.9197 -58.0818 -66.1696
36.291 -38.5125 -71.2077 -88.3228
36.8614 -28.9287 -57.9706 -78.9018
32.735 -32.7153 -52.7831 -63.6568
31.1675 -31.6928 -49.7587 -56.6821
28.4402 -27.7873 -44.57 -44.1243
28.6244 -22.8384 -38.3291 -54.3754
26.2195 -27.5775 -41.7145 -55.8055
26.0644 -30.0905 -41.213 -62.1644
34.3858 -41.1532 -53.5692 -83.2044
26.7407 -31.6121 -45.5811 -97.4259
34.5064 -42.5011 -55.448 -121.393
22.1117 -40.4665 -36.3598 -76.0668
30.0794 -45.3479 -47.7424 -95.1637
13.1475 -25.4218 -23.1902 -58.0544
20.3889 -35.6155 -34.0728 -77.2091
27.4486 -45.9183 -45.337 -96.1847
34.6497 -56.1407 -56.2955 -115.296
16.1198 -34.0423 -36.1849 -75.8116
24.6311 -36.4219 -47.0332 -94.8418
8.32605 -14.1621 -10.3275 -21.6916
9.8812 -18.3583 -20.7381 -39.9971
11.9501 -24.3645 -30.3927 -56.7934
17.9057 -33.5848 -23.1641 -60.0874
-5.16904 -6.06439 5.1651 -37.3121
0.41221 -15.5936 -4.68312 -53.732
6.42337 -22.487 -13.0966 -44.6582
11.7957 -32.1271 -22.97 -60.9385
17.2555 -41.7426 -32.67 -77.2705
16.759 -32.2772 -37.2716 -74.4784
21.9101 -42.0794 -47.4704 -90.4755
21.0082 -36.5052 -45.8564 -57.9139
17.1308 -24.1893 -37.019 -24.118
21.5197 -32.4098 -45.4076 -37.9164
27.0505 -36.897 -46.7526 -36.5535
22.0976 -32.3902 -39.6718 -29.6563
22.197 -32.0294 -44.8294 -47.7308
14.0801 -24.8437 -44.0813 -46.8525
20.1814 -27.8907 -52.943 -60.065
19.3024 -27.7482 -38.9228 -32.7246
23.4722 -36.114 -47.5094 -46.2954
-188.644 587.83 -25.6107 -38.9831
-357.998 972.661 -9.64108 -29.7458
-354.67 965.889 -12.5524 -45.655
-454.936 1163.61 1.07149 -22.4284
-488.84 1221.91 -0.553655 -28.4498
-518.316 1282.4 -3.93569 -40.1214
-578.663 1410.09 -2.70988 -34.9292
-575.486 1402.86 -9.50523 -45.7346
-602.63 1461.77 -12.6276 -47.4093
-628.544 1519.38 -16.6945 -53.1176
-665.4 1631.12 -20.7016 -41.9359
-677.704 1632.9 -16.6193 -32.3412
-723.449 1746.76 -16.0845 -28.5365
-721.411 1741.27 -14.5129 -22.2998
-737.979 1793.1 -8.61933 -11.9286
-735.939 1787.7 -13.3952 -19.6905
-772.148 1887.21 -12.8377 -22.9659
-788.685 1929.48 -13.3096 -26.0675
-814.138 2011.95 -10.2939 -20.5079
-812.358 2006.26 -15.0403 -28.255
-831.401 2075.02 -12.4436 -19.199
-830.432 2071.92 -15.0269 -23.6076
-844.114 2128.32 -10.3299 -11.1629
-852.766 2114.53 -13.0949 -15.2398
-847.544 2145.99 -11.7496 -11.7141
-850.625 2162.61 -10.9326 -9.83395
-855.279 2193.3 -6.13688 -4.90945
-856.885 2189.18 -8.61422 -9.27796
-856.136 2186.08 -10.6797 -14.1133
-856.112 2185.54 -12.1275 -16.3996
-852.377 2182.11 -13.4 -17.7567
-850.903 2167.69 -10.3536 -2.94857
-854.867 2165.77 -10.5165 -3.45277
-853.109 2142.38 -6.0184 4.33612
-853.046 2142.13 -6.18288 3.85147
-852.984 2141.89 -6.34736 3.36682
-847.692 2085 1.3518 -2.26706
-840.338 2063.25 3.53884 -5.26188
-840.285 2063 3.38068 -5.74785
-836.485 2010.61 7.5471 -10.1901
-836.437 2010.37 7.39277 -10.677
-833.284 1978.29 13.113 -10.7609
-838.941 1974.61 19.2269 -10.1126
-839.271 1977.39 21.331 -6.11651
-830.204 1808.46 29.4382 -7.37358
-830.394 1811.19 31.5055 -3.36104
-830.075 1750.21 36.3084 -9.6893
-835.34 1750.45 38.3638 -5.54945
-834.117 1729.81 40.3898 -1.51594
-830.442 1694.65 43.3345 -12.984
-829.217 1680.19 45.3705 -8.81312
-803.054 1633.87 44.3271 -22.5609
-64.5349 8.10313 -15.5885 11.167
-45.8845 -0.064674 -17.4764 9.61881
-45.8841 -0.182526 -17.5013 9.57301
-32.8512 -6.93443 -19.5034 9.72789
-30.5536 0.38461 -18.7849 8.76142
-27.2719 3.59301 -17.2448 7.22468
-20.9453 -2.69267 -13.9745 4.20534
-18.6602 -0.398392 -13.9745 4.20562
-15.0745 -2.59551 -12.5305 3.0553
-13.4837 -0.96075 -12.435 3.3043
-11.8 -0.435054 -10.0713 1.54102
-10.4115 -0.0275692 -8.24103 0.293962
-10.1532 -0.640839 -8.12564 0.626125
-8.20756 0.572755 -7.30712 0.294023
-8.20756 0.572755 -7.30715 0.294056
-5.23123 0.687535 -4.78133 -0.431478
-5.23123 0.687535 -4.78133 -0.431478
-5.23123 0.687535 -4.78133 -0.431478
-4.68852 0.546334 -3.60411 -1.13777
-4.68978 0.535601 -3.10798 -0.740971
-4.68978 0.535601 -3.10798 -0.740971
-4.06462 -0.755633 -3.10798 -0.740971
-2.81635 -0.463363 -2.78194 -0.790554
-2.6673 -0.283046 -2.78207 -0.790753
-2.3653 -0.46097 -2.44189 -0.666284
-2.36427 -0.46636 -2.44033 -0.671866
-1.83061 -0.795866 -1.76408 -0.859759
-1.51488 -0.858834 -1.56857 -0.852399
-1.51488 -0.858834 -1.56857 -0.852399
-1.03689 -1.48182 -1.05476 -0.883981
-1.03689 -1.48182 -1.05476 -0.883981
-3.44117 4.84895 -0.647557 -0.942154
-3.44117 4.84895 -0.647557 -0.942154
-3.44117 4.84895 -0.647557 -0.942154
-3.44117 4.84895 -0.647557 -0.942154
-5.75999 3.7213 -0.641052 -0.946577
-5.75999 3.7213 -0.641052 -0.946577
-5.75999 3.7213 -0.641052 -0.946577
-13.1103 6.08513 0.308412 -1.74163
-19.672 8.78481 3.02609 -9.3897
-19.672 8.78481 3.02609 -9.3897
-19.672 8.78481 3.02609 -9.3897
-27.277 11.1226 5.2416 -15.4156
-27.277 11.1226 5.2416 -15.4156
-27.3017 11.0614 5.81941 -16.9074
-37.8187 13.9298 8.28765 -21.6051
-37.8187 13.9297 8.28765 -21.6051
-38.7411 14.1637 8.46515 -22.4177
-39.8016 13.8019 9.07396 -23.0175
-39.8016 13.8019 8.97593 -23.3932
-41.0019 14.6379 9.25192 -23.7772
-41.4274 15.2839 9.16192 -24.1042
-42.585 15.1279 9.78495 -24.8517
-42.585 15.1279 9.78495 -24.8517
-43.0609 15.1451 10.0089 -25.1139
-43.0609 15.1451 10.0089 -25.1139
-43.5565 14.6497 10.5215 -25.3795
-43.5565 14.6497 10.5215 -25.3795
-44.6774 15.3772 10.6756 -26.0453
-44.6774 15.3772 10.7969 -26.0518
-44.8893 15.7284 10.7357 -26.2064
-45.1346 15.689 10.9035 -26.3369
-45.1346 15.689 11.0236 -26.3415
-45.4551 15.8854 11.0595 -26.706
-45.6539 15.8332 11.3207 -26.8347
-45.7789 15.9833 11.255 -27.0325
-45.9687 15.9341 11.3981 -27.1267
-46.0732 16.0782 11.4213 -27.2876
-46.2033 16.122 11.4982 -27.4086
-46.4239 16.2169 11.5737 -27.6559
-46.4239 16.2169 11.5737 -27.6559
-46.5513 16.1628 11.7668 -27.6795
-46.5513 16.1628 11.7668 -27.6795
-46.6646 16.3338 11.8408 -27.9012
-46.7759 16.2698 11.9747 -28.0102
-46.7759 16.2698 11.9747 -28.0102
-46.9393 16.3525 12.1621 -28.209
-47.062 16.5973 12.1072 -28.3484
-47.0746 16.5321 12.16 -28.4145
-47.2291 16.6258 12.2773 -28.4728
-47.2291 16.6258 12.2773 -28.4728
-47.2639 16.4906 12.3604 -28.7167
-47.2991 16.3881 12.4227 -28.6902
-47.4277 16.7606 12.4044 -28.7677
-47.5243 16.703 12.5472 -28.741
-47.5593 16.8475 12.4945 -28.8956
-47.64 16.897 12.5443 -28.9581
-47.8459 17.0711 12.607 -29.2049
-47.8459 17.0711 12.607 -29.2049
-48.9991 17.9414 13.5809 -29.2403
-48.8207 17.4607 13.5357 -29.5756
-48.2939 19.1044 -16.4227 33.2123
-48.2939 19.1044 -16.4227 33.2123
-48.1508 19.5045 -16.3682 37.0573
-48.1567 19.6033 -16.308 32.161
-47.9381 19.2681 -12.7112 26.6302
-47.8432 19.2285 -12.6772 24.3119
-47.7122 19.0506 -11.7746 22.3674
-47.6433 18.9447 -11.0786 22.0591
-47.3448 18.6881 -10.4829 19.6051
-47.3448 18.6881 -10.4829 19.6051
