0.154696 -0.162787 -0.201342 -0.132794
0.154697 -0.162793 -0.201348 -0.1328
0.154697 -0.162793 -0.201348 -0.1328
0.154697 -0.162794 -0.20135 -0.132801
0.154697 -0.162823 -0.201351 -0.132808
0.154695 -0.162871 -0.201337 -0.132853
0.154695 -0.162874 -0.201353 -0.13288
0.154694 -0.162908 -0.201355 -0.132916
0.154717 -0.162953 -0.201335 -0.132967
0.154717 -0.162953 -0.201361 -0.133011
0.154717 -0.163062 -0.201369 -0.133133
0.154681 -0.16312 -0.201369 -0.133133
0.154668 -0.163269 -0.201381 -0.133283
0.154668 -0.163269 -0.201381 -0.133283
0.154623 -0.163344 -0.20138 -0.133286
0.154651 -0.16344 -0.201398 -0.133457
0.154651 -0.16344 -0.201398 -0.133457
0.154643 -0.163533 -0.201315 -0.133474
0.154579 -0.163715 -0.201378 -0.133663
0.154564 -0.163846 -0.201334 -0.133674
0.154631 -0.163886 -0.201404 -0.133879
0.15453 -0.164082 -0.201482 -0.1341
0.154493 -0.164326 -0.201586 -0.134468
0.154493 -0.164326 -0.201586 -0.134468
0.154493 -0.164326 -0.201586 -0.134468
0.154364 -0.165114 -0.201706 -0.135262
0.154324 -0.165255 -0.201706 -0.135262
0.15424 -0.165472 -0.201771 -0.135529
0.15424 -0.165472 -0.201771 -0.135529
0.154183 -0.165785 -0.201841 -0.135797
0.154183 -0.165785 -0.201841 -0.135797
0.154025 -0.166306 -0.201992 -0.136313
0.154025 -0.166306 -0.201992 -0.136313
0.153939 -0.166557 -0.202144 -0.136677
0.153939 -0.166557 -0.202144 -0.136677
0.15385 -0.166797 -0.202229 -0.136907
0.153815 -0.166904 -0.202192 -0.136912
0.153762 -0.167025 -0.202314 -0.137126
0.153735 -0.167122 -0.202314 -0.137125
0.153684 -0.167241 -0.202357 -0.137336
0.153649 -0.167343 -0.202372 -0.137314
0.153638 -0.167423 -0.202399 -0.137433
0.15359 -0.167607 -0.202481 -0.137618
0.15359 -0.167607 -0.202481 -0.137618
0.153553 -0.167777 -0.202564 -0.137787
0.153522 -0.167805 -0.202589 -0.13775
0.153522 -0.167805 -0.202656 -0.137859
0.153485 -0.167965 -0.202677 -0.137898
0.153485 -0.167965 -0.202744 -0.138008
0.153452 -0.168112 -0.20283 -0.13814
0.153452 -0.168112 -0.20283 -0.13814
0.153419 -0.168244 -0.202916 -0.138259
0.153452 -0.168257 -0.202916 -0.138259
0.153307 -0.168509 -0.203056 -0.138393
0.153324 -0.168513 -0.203048 -0.138503
0.153245 -0.168592 -0.203136 -0.138467
0.153258 -0.168572 -0.203126 -0.138575
0.153155 -0.168661 -0.203275 -0.138626
0.153172 -0.168634 -0.203203 -0.138637
0.153067 -0.168721 -0.20335 -0.138676
0.153088 -0.168688 -0.203277 -0.138688
0.152926 -0.168773 -0.203416 -0.138769
0.152926 -0.168773 -0.203416 -0.138769
0.152848 -0.168808 -0.203482 -0.138796
0.152782 -0.16887 -0.203539 -0.138712
0.152782 -0.16887 -0.203593 -0.1388
0.152709 -0.168902 -0.203658 -0.138829
0.15274 -0.168854 -0.203574 -0.138842
0.152674 -0.168918 -0.203602 -0.138855
0.152318 -0.169239 -0.203506 -0.138582
0.152318 -0.169239 -0.203506 -0.138582
0.152418 -0.169047 -0.203849 -0.138891
0.152444 -0.169006 -0.203849 -0.138891
0.152398 -0.169038 -0.203898 -0.138924
0.152411 -0.16904 -0.203865 -0.139015
0.152373 -0.169077 -0.203894 -0.139052
0.152373 -0.169076 -0.203894 -0.139052
0.152315 -0.169128 -0.203857 -0.138994
0.152258 -0.169215 -0.20393 -0.138993
0.152303 -0.16919 -0.203939 -0.139165
0.152284 -0.169245 -0.203948 -0.13922
0.152284 -0.169245 -0.203948 -0.13922
0.152272 -0.169307 -0.203951 -0.13928
0.152272 -0.169307 -0.203951 -0.13928
0.152265 -0.169374 -0.203896 -0.139266
0.152265 -0.169374 -0.203949 -0.139349
0.152264 -0.16945 -0.20394 -0.139427
0.152264 -0.16945 -0.20394 -0.139427
0.152213 -0.169539 -0.204035 -0.139495
0.152269 -0.169535 -0.203926 -0.139512
0.15222 -0.169628 -0.204021 -0.139588
0.152244 -0.169776 -0.203803 -0.139662
0.152244 -0.169776 -0.203803 -0.139662
0.152343 -0.169944 -0.203871 -0.13981
0.152293 -0.169992 -0.203798 -0.139978
0.152355 -0.170003 -0.203798 -0.139978
0.152311 -0.170042 -0.203834 -0.139926
0.152369 -0.17006 -0.203779 -0.140034
0.152339 -0.17016 -0.203797 -0.140043
0.152333 -0.170169 -0.203797 -0.140042
0.152373 -0.170287 -0.203754 -0.140169
0.152366 -0.170297 -0.203821 -0.140274
0.152462 -0.170377 -0.203663 -0.14036
0.152641 -0.170881 -0.203455 -0.14086
0.152601 -0.170917 -0.20344 -0.140932
0.152601 -0.170917 -0.20344 -0.140932
0.152778 -0.171223 -0.203441 -0.14121
0.15273 -0.171277 -0.203466 -0.141173
0.15273 -0.171277 -0.203377 -0.141187
0.152851 -0.17133 -0.203458 -0.141242
0.152836 -0.171444 -0.203368 -0.141387
0.152919 -0.171548 -0.203357 -0.141452
0.152919 -0.171548 -0.203357 -0.141452
0.152951 -0.171698 -0.203333 -0.141551
0.153007 -0.171736 -0.203333 -0.141551
0.153007 -0.171736 -0.203283 -0.141647
0.152978 -0.171762 -0.203306 -0.141614
0.153158 -0.172047 -0.203068 -0.141883
0.153158 -0.172047 -0.203068 -0.141883
0.153096 -0.172102 -0.203119 -0.141809
0.153145 -0.172156 -0.203043 -0.142085
0.153411 -0.172642 -0.202873 -0.142561
0.153403 -0.172655 -0.202749 -0.142579
0.153575 -0.172845 -0.2027 -0.142841
0.153575 -0.172845 -0.2027 -0.142841
0.153575 -0.172845 -0.2027 -0.142841
0.153746 -0.173154 -0.202554 -0.143148
0.153746 -0.173154 -0.202554 -0.143148
0.153799 -0.173248 -0.202504 -0.143246
0.15377 -0.173274 -0.202528 -0.143212
0.153826 -0.173296 -0.202474 -0.143297
0.153819 -0.173373 -0.202362 -0.143321
0.15388 -0.173393 -0.202413 -0.143399
0.153908 -0.173443 -0.202492 -0.143433
0.153893 -0.173533 -0.202384 -0.14345
0.153968 -0.173544 -0.202384 -0.14345
0.153996 -0.173603 -0.20228 -0.14361
0.154056 -0.173722 -0.202207 -0.143726
0.154002 -0.173769 -0.202253 -0.143661
0.154088 -0.173783 -0.20217 -0.143786
0.154122 -0.173843 -0.202132 -0.143848
0.154188 -0.173977 -0.201978 -0.143864
0.154188 -0.173977 -0.202053 -0.143981
0.154157 -0.174101 -0.202147 -0.144095
0.154255 -0.174117 -0.201972 -0.144119
0.154219 -0.174252 -0.201988 -0.14411
0.154324 -0.174266 -0.201889 -0.144266
0.154358 -0.174343 -0.201846 -0.144343
0.154498 -0.174665 -0.201984 -0.14417
0.154497 -0.174667 -0.201677 -0.144661
0.154531 -0.17475 -0.201636 -0.144744
0.154631 -0.175011 -0.201513 -0.145005
0.154565 -0.175069 -0.201568 -0.144928
0.154558 -0.17508 -0.201474 -0.14509
0.154664 -0.175097 -0.201474 -0.14509
0.154739 -0.175259 -0.201395 -0.14527
0.154728 -0.175278 -0.201395 -0.14527
0.154793 -0.175463 -0.201409 -0.145288
0.154793 -0.175463 -0.201317 -0.145455
0.154746 -0.175637 -0.201427 -0.145624
0.154858 -0.175654 -0.201237 -0.145649
0.154942 -0.175828 -0.201056 -0.145695
0.154942 -0.175828 -0.201056 -0.145695
0.155061 -0.176264 -0.200991 -0.146256
0.155002 -0.176315 -0.20104 -0.146188
0.155038 -0.176417 -0.200998 -0.146294
0.155127 -0.17647 -0.200912 -0.14646
0.155104 -0.176625 -0.200919 -0.146503
0.155193 -0.176684 -0.200833 -0.146676
0.155226 -0.176791 -0.200794 -0.146783
0.155358 -0.177226 -0.200637 -0.147215
0.155358 -0.177226 -0.200637 -0.147215
0.155422 -0.177442 -0.200639 -0.147269
0.155422 -0.177443 -0.200561 -0.147433
0.155487 -0.177663 -0.200485 -0.147653
0.15552 -0.177773 -0.200523 -0.147602
0.15552 -0.177773 -0.200447 -0.147765
0.155586 -0.177998 -0.200369 -0.147992
0.155539 -0.178039 -0.200408 -0.147939
0.15562 -0.178111 -0.200329 -0.148105
0.15569 -0.178342 -0.200247 -0.148337
0.155679 -0.178675 -0.200204 -0.148514
0.155679 -0.178675 -0.200204 -0.148514
0.155872 -0.178926 -0.20021 -0.148893
0.155872 -0.178926 -0.20021 -0.148893
0.155946 -0.179156 -0.199858 -0.149004
0.155983 -0.179269 -0.199825 -0.149119
0.155983 -0.179269 -0.199825 -0.149119
0.156056 -0.179496 -0.199863 -0.149485
0.156056 -0.179496 -0.199863 -0.149485
0.156134 -0.179726 -0.199774 -0.149719
0.156134 -0.179726 -0.199774 -0.149719
0.156216 -0.17996 -0.199584 -0.149805
0.156216 -0.17996 -0.19968 -0.149954
0.156208 -0.180122 -0.199773 -0.150168
0.156208 -0.180122 -0.199773 -0.150168
0.156208 -0.180122 -0.199183 -0.150239
0.156208 -0.180122 -0.199183 -0.150239
0.156492 -0.180688 -0.19916 -0.150361
0.156492 -0.180688 -0.19916 -0.150361
0.156927 -0.18155 -0.199191 -0.151455
0.156893 -0.181579 -0.19922 -0.151416
0.156837 -0.181841 -0.199114 -0.151783
0.156837 -0.181841 -0.199114 -0.151783
0.157254 -0.182349 -0.198933 -0.152338
0.157254 -0.182349 -0.198933 -0.152338
0.15736 -0.182546 -0.198852 -0.152535
0.15736 -0.182546 -0.198852 -0.152535
0.157469 -0.182744 -0.198743 -0.152731
0.157525 -0.182841 -0.198767 -0.1527
0.157525 -0.182841 -0.198683 -0.15283
0.157759 -0.183235 -0.198431 -0.153225
0.157697 -0.183315 -0.198295 -0.15321
0.157819 -0.183331 -0.198367 -0.15332
0.157943 -0.183531 -0.198234 -0.15352
0.158006 -0.183629 -0.198166 -0.153618
0.15807 -0.183729 -0.198098 -0.153717
0.158135 -0.183829 -0.197955 -0.153703
0.158135 -0.183829 -0.198028 -0.153815
0.158202 -0.18393 -0.197957 -0.153916
0.158236 -0.184061 -0.197912 -0.153984
0.158339 -0.184141 -0.197912 -0.153984
0.15841 -0.184246 -0.197734 -0.154233
0.158557 -0.184467 -0.197576 -0.154453
0.158557 -0.184467 -0.197576 -0.154453
0.158711 -0.184695 -0.197411 -0.15468
0.158673 -0.184728 -0.197326 -0.154797
0.15879 -0.184813 -0.197326 -0.154797
0.158831 -0.184966 -0.197151 -0.155041
0.158953 -0.185058 -0.197151 -0.155041
0.159123 -0.185313 -0.197095 -0.155121
0.159123 -0.185313 -0.196969 -0.155293
0.159125 -0.185555 -0.19678 -0.155553
0.1593 -0.185576 -0.19678 -0.155553
0.159482 -0.185848 -0.196486 -0.155671
0.159446 -0.185879 -0.196616 -0.155787
0.159575 -0.185987 -0.196486 -0.155964
0.159766 -0.186277 -0.196284 -0.156253
0.159766 -0.186277 -0.196284 -0.156253
0.159963 -0.186572 -0.196076 -0.156546
0.159935 -0.186596 -0.1961 -0.156516
0.160064 -0.186723 -0.19597 -0.156698
0.161086 -0.186951 -0.196165 -0.156742
0.161086 -0.186951 -0.196165 -0.156742
0.161409 -0.188631 -0.195107 -0.158625
0.161429 -0.188614 -0.195091 -0.158645
0.161512 -0.188762 -0.19506 -0.158757
0.161718 -0.189026 -0.194987 -0.158907
0.161718 -0.189026 -0.194927 -0.159021
0.161766 -0.189266 -0.19474 -0.159277
0.161766 -0.189266 -0.19474 -0.159277
0.162233 -0.189652 -0.194431 -0.15965
0.162233 -0.189652 -0.194431 -0.15965
0.162255 -0.189633 -0.194412 -0.159671
0.162336 -0.189775 -0.19427 -0.159684
0.162543 -0.190019 -0.194269 -0.160005
0.162543 -0.190019 -0.194121 -0.160018
0.162649 -0.190142 -0.193956 -0.160048
0.162935 -0.19027 -0.193898 -0.160277
0.162864 -0.190395 -0.193799 -0.160393
0.163086 -0.190654 -0.193576 -0.160647
0.163086 -0.190654 -0.193576 -0.160647
0.163382 -0.190796 -0.193273 -0.160799
0.163313 -0.190918 -0.193345 -0.160912
0.163617 -0.191069 -0.193225 -0.16105
0.163617 -0.191069 -0.193225 -0.16105
0.163785 -0.19148 -0.192788 -0.161342
0.163786 -0.191477 -0.192786 -0.161343
0.163786 -0.191477 -0.192786 -0.161343
0.164397 -0.192205 -0.192441 -0.162178
0.164406 -0.192197 -0.192237 -0.162203
0.16477 -0.192659 -0.191867 -0.162645
0.164896 -0.192809 -0.191741 -0.162796
0.164915 -0.192793 -0.191726 -0.162815
0.165021 -0.192957 -0.191616 -0.162945
0.165041 -0.19294 -0.191599 -0.162965
0.165147 -0.193112 -0.19149 -0.1631
0.165295 -0.193252 -0.191345 -0.163279
0.165295 -0.193252 -0.191426 -0.163407
0.16702 -0.195527 -0.189688 -0.165476
0.16702 -0.195527 -0.189688 -0.165476
0.168234 -0.19663 -0.188702 -0.166645
0.168234 -0.19663 -0.188702 -0.166645
0.168466 -0.19663 -0.188503 -0.166882
0.168344 -0.196852 -0.188435 -0.166888
0.168585 -0.196803 -0.188377 -0.166952
0.168607 -0.196931 -0.18835 -0.166959
0.168752 -0.196961 -0.188218 -0.167084
0.168752 -0.19696 -0.188177 -0.167107
0.168881 -0.197154 -0.188089 -0.167177
0.169068 -0.197304 -0.187888 -0.16729
0.169068 -0.197304 -0.187909 -0.167324
0.169314 -0.197365 -0.187792 -0.167426
0.169258 -0.197467 -0.187723 -0.167479
0.169374 -0.197531 -0.187651 -0.167644
0.169452 -0.197641 -0.187531 -0.16765
0.169551 -0.197732 -0.187432 -0.167739
0.169754 -0.197934 -0.187179 -0.167852
0.169754 -0.197933 -0.187179 -0.167852
0.169866 -0.198032 -0.187119 -0.168044
0.170025 -0.19804 -0.187177 -0.168139
0.170284 -0.198522 -0.186697 -0.168507
0.170284 -0.198522 -0.186697 -0.168507
0.170294 -0.198513 -0.186689 -0.168516
0.170393 -0.19865 -0.186588 -0.168635
0.170435 -0.19892 -0.186366 -0.16891
0.170435 -0.19892 -0.186366 -0.16891
0.170729 -0.199078 -0.186253 -0.169057
0.170656 -0.19923 -0.186237 -0.169074
0.171124 -0.199898 -0.18567 -0.169878
0.171124 -0.199898 -0.18567 -0.169878
0.171366 -0.200261 -0.18535 -0.170103
0.171559 -0.200269 -0.185433 -0.17024
0.171933 -0.200421 -0.185269 -0.170479
0.171933 -0.200419 -0.185354 -0.17062
0.171929 -0.200854 -0.185076 -0.170823
0.171993 -0.200799 -0.185021 -0.170882
0.172182 -0.201268 -0.184834 -0.171236
0.172441 -0.201701 -0.184643 -0.171524
0.172441 -0.201701 -0.184588 -0.171668
0.172868 -0.201854 -0.184388 -0.171973
0.172868 -0.201853 -0.184475 -0.172116
0.172838 -0.202386 -0.184215 -0.172351
0.173111 -0.202865 -0.183961 -0.172831
0.173111 -0.202865 -0.183961 -0.172831
0.173324 -0.203602 -0.183403 -0.173296
0.173531 -0.203608 -0.183488 -0.173438
0.173531 -0.203608 -0.183488 -0.173438
0.173674 -0.203863 -0.183382 -0.173552
0.17417 -0.204013 -0.183279 -0.174354
0.173964 -0.204392 -0.183177 -0.174356
0.174262 -0.204932 -0.182906 -0.174896
0.174566 -0.205475 -0.18265 -0.175164
0.174566 -0.205475 -0.18263 -0.175445
0.174566 -0.205475 -0.18263 -0.175445
0.174879 -0.205611 -0.182355 -0.175862
0.174809 -0.206306 -0.18221 -0.176281
0.175032 -0.206311 -0.18221 -0.176282
0.175352 -0.206884 -0.181923 -0.17685
0.175352 -0.206884 -0.181923 -0.17685
0.175692 -0.207019 -0.181625 -0.177295
0.17568 -0.207465 -0.18163 -0.177429
0.175783 -0.20805 -0.181252 -0.177885
0.176016 -0.208054 -0.18133 -0.178018
0.17636 -0.208651 -0.180946 -0.178484
0.17636 -0.208651 -0.180946 -0.178484
0.176736 -0.208779 -0.180695 -0.17909
0.176736 -0.208779 -0.180695 -0.17909
0.1771 -0.209382 -0.180372 -0.179704
0.1771 -0.209382 -0.180372 -0.179704
0.177471 -0.209989 -0.180114 -0.180445
0.177471 -0.209989 -0.180114 -0.180445
0.178006 -0.211395 -0.179606 -0.18137
0.178006 -0.211395 -0.179564 -0.18137
0.178234 -0.211203 -0.179368 -0.181565
0.178198 -0.211701 -0.179329 -0.181565
0.178587 -0.212328 -0.178989 -0.182185
0.178587 -0.212328 -0.179053 -0.182296
0.178984 -0.212953 -0.178704 -0.182916
0.178984 -0.212951 -0.178704 -0.182916
0.178943 -0.213258 -0.178491 -0.183125
0.178943 -0.213258 -0.178491 -0.183125
0.179417 -0.213138 -0.177906 -0.183971
0.179417 -0.213138 -0.177906 -0.183971
0.18027 -0.214272 -0.177573 -0.184691
0.18027 -0.214272 -0.177573 -0.184691
0.181773 -0.216029 -0.176524 -0.186547
0.181773 -0.216029 -0.176524 -0.186547
0.181437 -0.217108 -0.176066 -0.186981
0.181437 -0.217108 -0.176066 -0.186981
0.182529 -0.21789 -0.175546 -0.187803
0.182529 -0.21789 -0.175546 -0.187803
0.182529 -0.21789 -0.175546 -0.187803
0.182997 -0.21793 -0.175195 -0.188367
0.182997 -0.21793 -0.175195 -0.188367
0.183573 -0.219102 -0.174687 -0.189125
0.183573 -0.219102 -0.174687 -0.189125
0.183573 -0.219102 -0.174687 -0.189125
0.1846 -0.220232 -0.173776 -0.190198
0.1846 -0.220234 -0.173785 -0.190214
0.185015 -0.220656 -0.173416 -0.190623
0.185015 -0.220661 -0.173422 -0.190634
0.185435 -0.221092 -0.173057 -0.191059
0.185435 -0.221092 -0.173058 -0.19106
0.185658 -0.221537 -0.172623 -0.191495
0.186152 -0.221288 -0.172511 -0.19173
0.186073 -0.221754 -0.172511 -0.19173
0.186727 -0.222442 -0.171947 -0.192408
0.186727 -0.222442 -0.171947 -0.192408
0.187046 -0.222176 -0.17167 -0.192657
0.186948 -0.222672 -0.171758 -0.192645
0.187853 -0.223669 -0.171002 -0.193655
0.187853 -0.223669 -0.170992 -0.193636
0.188657 -0.223605 -0.170475 -0.194154
0.188657 -0.223605 -0.170475 -0.194154
0.188922 -0.224135 -0.170072 -0.194695
0.188922 -0.224135 -0.170072 -0.194695
0.189022 -0.225 -0.170008 -0.194979
0.189408 -0.224677 -0.169673 -0.195271
0.189503 -0.225574 -0.169607 -0.195549
0.189769 -0.226177 -0.169202 -0.196141
0.18999 -0.226168 -0.169202 -0.196141
0.190485 -0.226788 -0.1688 -0.19677
0.190914 -0.226426 -0.168419 -0.197074
0.190734 -0.227097 -0.168586 -0.197069
0.192184 -0.227667 -0.167767 -0.198403
0.191747 -0.22839 -0.167767 -0.198403
0.192009 -0.229074 -0.167161 -0.199089
0.192262 -0.229061 -0.167357 -0.199101
0.192781 -0.229747 -0.166904 -0.199733
0.192781 -0.229747 -0.166904 -0.199733
0.193305 -0.230445 -0.166483 -0.20044
0.193305 -0.230445 -0.166483 -0.20044
0.193316 -0.230805 -0.166047 -0.200763
0.194333 -0.230723 -0.16561 -0.201493
0.193833 -0.231526 -0.165843 -0.20151
0.194364 -0.231865 -0.165617 -0.20185
0.194898 -0.232596 -0.1652 -0.202606
0.194898 -0.232596 -0.165187 -0.20258
0.195967 -0.232495 -0.164756 -0.20332
0.195436 -0.233336 -0.164756 -0.20332
0.201147 -0.23028 -0.162585 -0.206573
0.201672 -0.229847 -0.162114 -0.206945
0.198196 -0.237105 -0.162361 -0.207445
0.198253 -0.237363 -0.162144 -0.207809
0.198254 -0.237396 -0.162138 -0.207796
0.198911 -0.23729 -0.161479 -0.208474
0.198911 -0.23729 -0.161479 -0.208474
0.199235 -0.238132 -0.161033 -0.209154
0.198837 -0.23897 -0.161241 -0.209172
0.199157 -0.240156 -0.160579 -0.210146
0.199157 -0.240156 -0.160579 -0.210146
0.199157 -0.240461 -0.160377 -0.21049
0.199327 -0.240448 -0.160362 -0.210458
0.20031 -0.240315 -0.159934 -0.211071
0.199782 -0.241087 -0.159934 -0.211071
0.20003 -0.241739 -0.159223 -0.211654
0.200305 -0.241718 -0.159519 -0.211685
0.200821 -0.242327 -0.159126 -0.212297
0.200821 -0.242327 -0.159126 -0.212297
0.201334 -0.242951 -0.158743 -0.212913
0.201952 -0.242437 -0.1582 -0.213317
0.201952 -0.242437 -0.158139 -0.21318
0.201846 -0.24358 -0.158353 -0.213539
0.202617 -0.244557 -0.157775 -0.214514
0.202617 -0.244557 -0.157775 -0.214514
0.202617 -0.244557 -0.157775 -0.214514
0.203137 -0.245221 -0.157388 -0.215187
0.203137 -0.245221 -0.157388 -0.215187
0.204105 -0.24459 -0.157277 -0.215714
0.203678 -0.246318 -0.156232 -0.216156
0.204472 -0.247018 -0.156414 -0.216964
0.20529 -0.24634 -0.155694 -0.217481
0.204502 -0.247406 -0.155606 -0.217275
0.204744 -0.247382 -0.156217 -0.217347
0.205298 -0.248182 -0.155914 -0.218348
0.205298 -0.248182 -0.155914 -0.218348
0.205577 -0.248578 -0.155621 -0.218531
0.209296 -0.252093 -0.15263 -0.223751
0.209296 -0.252093 -0.15263 -0.223751
0.21106 -0.252354 -0.15099 -0.227054
0.21106 -0.252354 -0.15099 -0.227054
0.211005 -0.253432 -0.149991 -0.228213
0.211238 -0.253405 -0.15017 -0.228238
0.211238 -0.253405 -0.15017 -0.228238
0.211538 -0.253933 -0.149627 -0.229
0.211538 -0.253933 -0.149627 -0.229
0.211708 -0.254811 -0.149197 -0.229742
0.211708 -0.254811 -0.149188 -0.229733
0.212668 -0.254802 -0.148917 -0.230441
0.211752 -0.255885 -0.148917 -0.230441
0.211349 -0.25713 -0.148225 -0.231031
0.211684 -0.25709 -0.148782 -0.231112
0.211522 -0.258408 -0.148744 -0.231743
0.211522 -0.258408 -0.148744 -0.231743
0.212506 -0.258502 -0.14885 -0.232517
0.211267 -0.259902 -0.148774 -0.232337
0.212243 -0.260058 -0.148857 -0.232894
0.21093 -0.261507 -0.148857 -0.232895
0.21007 -0.263215 -0.148187 -0.233302
0.210526 -0.263163 -0.149017 -0.233418
0.212058 -0.263594 -0.149612 -0.234714
0.211187 -0.264511 -0.149494 -0.234419
0.212303 -0.264096 -0.148799 -0.235138
0.2118 -0.265041 -0.149511 -0.234956
0.213466 -0.264535 -0.149576 -0.235845
0.212421 -0.265614 -0.149445 -0.235514
0.213692 -0.265125 -0.148541 -0.236348
0.213052 -0.266227 -0.149348 -0.236113
0.21441 -0.265694 -0.1482 -0.236623
0.213697 -0.266883 -0.149201 -0.236758
0.213779 -0.267658 -0.14794 -0.237315
0.214356 -0.267586 -0.148987 -0.237455
0.216513 -0.266883 -0.148837 -0.238634
0.215034 -0.268338 -0.148675 -0.23821
0.215049 -0.269233 -0.148252 -0.239016
0.215048 -0.269229 -0.148252 -0.239016
0.216438 -0.26995 -0.147768 -0.239881
0.216438 -0.26995 -0.147768 -0.239881
0.216797 -0.270364 -0.147524 -0.240321
0.218129 -0.271966 -0.144315 -0.241781
0.21836 -0.272213 -0.143003 -0.242058
0.218751 -0.272503 -0.145792 -0.243373
0.220222 -0.271482 -0.144701 -0.244024
0.218904 -0.272654 -0.145535 -0.243791
0.219148 -0.272947 -0.145009 -0.244623
0.219148 -0.272947 -0.145009 -0.244623
0.219434 -0.273307 -0.143242 -0.246421
0.219468 -0.273305 -0.143926 -0.24627
0.219621 -0.273317 -0.142611 -0.246941
0.219621 -0.273317 -0.142611 -0.246941
0.219915 -0.273241 -0.142266 -0.248574
0.219915 -0.273241 -0.142266 -0.248574
0.220032 -0.273081 -0.14199 -0.248946
0.221169 -0.272064 -0.140821 -0.249817
0.220374 -0.272665 -0.141465 -0.249635
0.220741 -0.272327 -0.140342 -0.250485
0.220796 -0.272294 -0.140238 -0.250181
0.222001 -0.27127 -0.140026 -0.25114
0.221231 -0.271887 -0.140026 -0.25114
0.221926 -0.271231 -0.140626 -0.251534
0.221926 -0.271231 -0.140626 -0.251534
0.222621 -0.270649 -0.140385 -0.252101
0.222621 -0.270649 -0.140385 -0.252101
0.223373 -0.270017 -0.139234 -0.2525
0.223373 -0.270017 -0.140214 -0.252631
0.22482 -0.268796 -0.139091 -0.252996
0.224181 -0.269304 -0.140125 -0.253132
0.225659 -0.268066 -0.14007 -0.253601
0.225039 -0.268559 -0.14007 -0.253603
0.225916 -0.267767 -0.14003 -0.254045
0.225952 -0.267738 -0.14003 -0.254045
0.229382 -0.26445 -0.135671 -0.257288
0.229382 -0.26445 -0.135671 -0.257288
0.23173 -0.26258 -0.137552 -0.255998
0.23173 -0.26258 -0.137552 -0.255998
0.23173 -0.26258 -0.137552 -0.255998
0.234819 -0.259808 -0.134515 -0.257604
0.234819 -0.259808 -0.134515 -0.257604
0.234375 -0.260427 -0.137288 -0.257119
0.234375 -0.260427 -0.137288 -0.257119
0.236068 -0.259018 -0.135866 -0.257308
0.242055 -0.253834 -0.133692 -0.259299
0.242055 -0.253834 -0.133604 -0.259023
0.242603 -0.253308 -0.132908 -0.25938
0.243441 -0.252505 -0.133965 -0.259893
0.244875 -0.251152 -0.13327 -0.26074
0.245589 -0.250472 -0.134035 -0.261292
0.245589 -0.250472 -0.134035 -0.261292
0.245589 -0.250472 -0.134035 -0.261292
0.247252 -0.248341 -0.133217 -0.260787
0.247738 -0.247783 -0.133133 -0.260937
0.248774 -0.246483 -0.13217 -0.261142
0.248774 -0.246483 -0.13294 -0.261228
0.249881 -0.245143 -0.13289 -0.261846
0.250593 -0.244415 -0.132023 -0.261906
0.250463 -0.244456 -0.13273 -0.261663
0.251679 -0.243036 -0.132727 -0.261939
0.252415 -0.242273 -0.131932 -0.262341
0.252314 -0.242304 -0.132775 -0.26208
0.253718 -0.240771 -0.131893 -0.262245
0.253638 -0.240797 -0.132947 -0.262349
0.254326 -0.240024 -0.133066 -0.262488
0.255793 -0.238425 -0.133487 -0.263151
0.255754 -0.238438 -0.133352 -0.262754
0.25725 -0.236805 -0.132546 -0.262932
0.257244 -0.236805 -0.133676 -0.263029
0.258788 -0.235137 -0.13286 -0.263214
0.258787 -0.235134 -0.134002 -0.263304
0.260373 -0.233423 -0.134353 -0.263583
0.260373 -0.233423 -0.134353 -0.263583
0.263576 -0.229911 -0.135254 -0.264523
0.263576 -0.229911 -0.135124 -0.264161
0.266054 -0.227237 -0.135667 -0.265302
0.266054 -0.227237 -0.135433 -0.264665
0.266054 -0.227237 -0.135433 -0.264665
0.267815 -0.225399 -0.135538 -0.265024
0.267815 -0.225399 -0.135538 -0.265024
0.269457 -0.223558 -0.134616 -0.265349
0.269457 -0.223558 -0.135734 -0.265393
0.271055 -0.221672 -0.136054 -0.26577
0.271055 -0.221672 -0.136054 -0.26577
0.273593 -0.2187 -0.136636 -0.266392
0.273593 -0.2187 -0.136636 -0.266392
0.274377 -0.217723 -0.136805 -0.266612
0.27444 -0.217698 -0.136804 -0.266614
0.276158 -0.215614 -0.137125 -0.267061
0.276158 -0.215614 -0.137125 -0.267061
0.27695 -0.214622 -0.137437 -0.267553
0.278474 -0.212649 -0.135527 -0.268528
0.278594 -0.212545 -0.137768 -0.267764
0.280407 -0.210243 -0.136986 -0.268506
0.280407 -0.210243 -0.136986 -0.268506
0.282537 -0.207744 -0.138419 -0.268808
0.282535 -0.207742 -0.138414 -0.268813
0.285451 -0.204025 -0.139125 -0.269635
0.285451 -0.204025 -0.139125 -0.269635
0.28645 -0.202756 -0.139447 -0.270097
0.286451 -0.202757 -0.139364 -0.269913
0.287461 -0.201481 -0.139586 -0.270205
0.289519 -0.198787 -0.14012 -0.27078
0.290573 -0.197381 -0.140461 -0.271072
0.291506 -0.196026 -0.139422 -0.271609
0.291646 -0.195956 -0.140833 -0.271368
0.29385 -0.193018 -0.141608 -0.271964
0.29385 -0.193018 -0.141608 -0.271964
0.296122 -0.189972 -0.142491 -0.272578
0.296862 -0.188814 -0.141426 -0.273134
0.297281 -0.188413 -0.142934 -0.27289
0.299632 -0.185249 -0.143717 -0.273535
0.300821 -0.183617 -0.144104 -0.273857
0.301517 -0.18246 -0.144474 -0.274191
0.302016 -0.181985 -0.144474 -0.274191
0.304422 -0.178624 -0.145256 -0.274857
0.305632 -0.176905 -0.144172 -0.275399
0.306308 -0.175723 -0.144601 -0.27575
0.306847 -0.17517 -0.146056 -0.275543
0.309038 -0.172033 -0.146863 -0.276233
0.30995 -0.170418 -0.145788 -0.276802
0.31051 -0.169823 -0.145788 -0.276802
0.311731 -0.168007 -0.147711 -0.276936
0.313921 -0.164706 -0.148618 -0.277547
0.313921 -0.164706 -0.148618 -0.277547
0.315399 -0.162363 -0.149077 -0.277877
0.325641 -0.146517 -0.151083 -0.281878
0.32651 -0.145194 -0.15036 -0.282581
0.328734 -0.141378 -0.152999 -0.282683
0.328734 -0.141378 -0.152999 -0.282683
0.330879 -0.137422 -0.15308 -0.284253
0.331336 -0.136833 -0.154199 -0.284278
0.331842 -0.135624 -0.153434 -0.284692
0.33491 -0.130054 -0.155956 -0.28653
0.335041 -0.129737 -0.155956 -0.28653
0.33636 -0.127073 -0.15668 -0.28741
0.33636 -0.127073 -0.15668 -0.28741
0.336819 -0.125863 -0.156179 -0.288103
0.338064 -0.123088 -0.157834 -0.288662
0.338169 -0.123008 -0.157834 -0.288662
0.338505 -0.122088 -0.157071 -0.289071
0.33982 -0.118883 -0.158246 -0.290195
0.339917 -0.118808 -0.159306 -0.289838
0.341096 -0.115891 -0.160431 -0.290587
0.341563 -0.114512 -0.159611 -0.291037
0.341697 -0.114397 -0.161009 -0.29095
0.342919 -0.111295 -0.162206 -0.291626
0.343385 -0.109856 -0.161386 -0.29208
0.343385 -0.109856 -0.162548 -0.291645
0.344661 -0.106597 -0.162737 -0.29268
0.344848 -0.10642 -0.164264 -0.292498
0.345968 -0.103204 -0.164149 -0.293227
0.346186 -0.102994 -0.165703 -0.293027
0.346878 -0.101246 -0.16488 -0.29349
0.34801 -0.0979209 -0.166346 -0.294002
0.348274 -0.0976526 -0.167912 -0.293779
0.349696 -0.0939433 -0.169379 -0.294243
0.350423 -0.0920687 -0.170089 -0.294467
0.350418 -0.0920652 -0.170096 -0.294462
0.351869 -0.0882777 -0.171458 -0.294883
0.351869 -0.0882777 -0.171458 -0.294883
0.352453 -0.0869654 -0.170981 -0.295598
0.354004 -0.0824772 -0.17338 -0.29541
0.35539 -0.0785576 -0.174592 -0.2957
0.355591 -0.0776385 -0.173825 -0.296153
0.357051 -0.073207 -0.174949 -0.296422
0.357051 -0.073207 -0.174949 -0.296422
0.36046 -0.0635083 -0.177194 -0.296918
0.36046 -0.0635083 -0.177194 -0.296918
0.361517 -0.0600008 -0.178909 -0.296762
0.361661 -0.0591626 -0.178411 -0.297327
0.361723 -0.0586193 -0.178435 -0.297312
0.36247 -0.0565633 -0.179652 -0.296899
0.362601 -0.0557536 -0.180029 -0.296959
0.363741 -0.0515252 -0.180786 -0.297066
0.363741 -0.0515252 -0.180786 -0.297066
0.364512 -0.0482299 -0.181546 -0.297163
0.364614 -0.0474814 -0.180928 -0.297542
0.364879 -0.0466056 -0.181927 -0.297207
0.36557 -0.0433901 -0.182696 -0.297286
0.365884 -0.0417699 -0.18233 -0.297792
0.365887 -0.041772 -0.183085 -0.29732
0.366173 -0.0407909 -0.183475 -0.297355
0.366767 -0.0376221 -0.184268 -0.297421
0.366789 -0.0369468 -0.184268 -0.297421
0.367072 -0.0353385 -0.183949 -0.297921
0.367609 -0.0321159 -0.18524 -0.297362
0.367611 -0.0321174 -0.185487 -0.29752
0.36787 -0.0305056 -0.18495 -0.297857
0.368229 -0.0276203 -0.185274 -0.29825
0.368229 -0.0276203 -0.185274 -0.29825
0.368229 -0.0276203 -0.185274 -0.29825
0.369691 -0.0213599 -0.188971 -0.297871
0.369691 -0.0213599 -0.188971 -0.297871
0.370613 -0.0130377 -0.191317 -0.298233
0.370613 -0.0130377 -0.191317 -0.298233
0.370914 -0.0105385 -0.192288 -0.298391
0.371032 -0.00929796 -0.192781 -0.298482
0.371032 -0.00929796 -0.192781 -0.298482
0.371241 -0.00686562 -0.193784 -0.298676
0.371241 -0.00686562 -0.193784 -0.298676
0.371247 -0.00648921 -0.193481 -0.298874
0.371408 -0.00406728 -0.194519 -0.29908
0.371465 -0.00320061 -0.194519 -0.29908
0.371465 -0.00320061 -0.195339 -0.299005
0.371531 -0.00198033 -0.195873 -0.299123
0.371701 0.00341245 -0.196837 -0.299384
0.371796 0.00427698 -0.198687 -0.299812
0.371967 0.00664898 -0.199875 -0.300132
0.371967 0.00664898 -0.199875 -0.300132
0.371958 0.00697577 -0.200171 -0.300559
0.372065 0.00932847 -0.201455 -0.300913
0.372097 0.0102162 -0.201738 -0.30068
0.372131 0.0126035 -0.203037 -0.301083
0.372131 0.0126035 -0.203034 -0.301085
0.372013 0.0135216 -0.203054 -0.301032
0.372156 0.0173519 -0.205065 -0.301743
0.372156 0.0173519 -0.205765 -0.302026
0.372156 0.0173519 -0.205765 -0.302026
0.372194 0.0196467 -0.207199 -0.302556
0.372178 0.0198984 -0.206997 -0.302695
0.372181 0.0208093 -0.207762 -0.302991
0.371974 0.0229641 -0.209323 -0.303573
0.371997 0.0255613 -0.21092 -0.30421
0.371997 0.0255613 -0.211033 -0.304111
0.371837 0.026397 -0.211838 -0.304455
0.371982 0.0267097 -0.211838 -0.304455
0.371752 0.0288093 -0.213441 -0.30525
0.37187 0.0290683 -0.213495 -0.305201
0.371715 0.0314559 -0.215191 -0.306028
0.371715 0.0314559 -0.215215 -0.306007
0.371761 0.0330867 -0.215961 -0.306528
0.371568 0.0338257 -0.217012 -0.306871
0.371407 0.0361777 -0.217804 -0.307454
0.371407 0.0361777 -0.218958 -0.307817
0.371102 0.0381988 -0.220996 -0.308811
0.37123 0.0385026 -0.220996 -0.308811
0.371065 0.0407663 -0.223285 -0.309762
0.371065 0.0407663 -0.223159 -0.309879
0.371105 0.0422724 -0.224229 -0.31048
0.37089 0.0429717 -0.225439 -0.311018
0.370901 0.0443926 -0.226593 -0.311636
0.370901 0.0443926 -0.226593 -0.311636
0.370319 0.0469039 -0.230355 -0.313484
0.370452 0.0472418 -0.230355 -0.313484
0.370203 0.0492741 -0.232976 -0.314835
0.370314 0.0495341 -0.233001 -0.314816
0.370061 0.0502718 -0.234301 -0.315532
0.369405 0.0556616 -0.24259 -0.319949
0.369405 0.0556616 -0.24259 -0.319949
0.369413 0.0555874 -0.244519 -0.320236
0.369342 0.0571057 -0.243667 -0.321105
0.369038 0.0591957 -0.250172 -0.323778
0.368686 0.0608347 -0.255235 -0.32549
0.368686 0.0608347 -0.25467 -0.326074
0.368447 0.061747 -0.253726 -0.327086
0.368604 0.0622031 -0.253726 -0.327086
0.368696 0.0622799 -0.259557 -0.32771
0.368235 0.0638438 -0.263517 -0.32787
0.368235 0.0638438 -0.262914 -0.328512
0.367942 0.0648843 -0.263065 -0.330475
0.367942 0.0648843 -0.264876 -0.330638
0.367609 0.0658865 -0.267481 -0.332107
0.367609 0.0658865 -0.266728 -0.332902
0.367447 0.06636 -0.268014 -0.333652
0.367343 0.0665151 -0.268736 -0.335076
0.367109 0.0672548 -0.270605 -0.3352
0.366776 0.0680602 -0.273217 -0.336739
0.366776 0.0680602 -0.273217 -0.336739
0.366456 0.0687599 -0.27586 -0.338309
0.366456 0.0687599 -0.27586 -0.338309
0.36602 0.0693724 -0.283817 -0.342954
0.365834 0.0700231 -0.283817 -0.342954
0.365654 0.070025 -0.286473 -0.344482
0.365804 0.0696162 -0.287004 -0.344038
0.365621 0.0702146 -0.2878 -0.345252
0.365401 0.0702391 -0.290464 -0.34679
0.365401 0.0702391 -0.290464 -0.34679
0.365171 0.0701533 -0.293138 -0.34833
0.365171 0.0701533 -0.293138 -0.34833
0.365064 0.0700587 -0.292513 -0.349151
0.365118 0.0692007 -0.295211 -0.350697
0.365118 0.0692007 -0.295211 -0.350697
0.365118 0.0692007 -0.295211 -0.350697
0.364583 0.0691217 -0.299254 -0.353021
0.364583 0.0691217 -0.299254 -0.353021
0.364184 0.0672582 -0.305937 -0.356971
0.364193 0.0673022 -0.308013 -0.35682
0.364113 0.0662489 -0.310753 -0.358382
0.364316 0.0651155 -0.311871 -0.357408
0.364073 0.0656586 -0.312129 -0.359182
0.36425 0.0637967 -0.314732 -0.358923
0.36396 0.0643581 -0.314902 -0.360848
0.364119 0.0623261 -0.315471 -0.362775
0.363818 0.0628892 -0.31771 -0.36254
0.363698 0.0612653 -0.318286 -0.364504
0.363688 0.0612357 -0.320553 -0.364245
0.363591 0.0593806 -0.323432 -0.366031
0.363839 0.0578277 -0.324998 -0.364641
0.363824 0.0578138 -0.327392 -0.364303
0.363611 0.0522464 -0.332288 -0.371616
0.363398 0.052733 -0.332288 -0.371616
0.363543 0.0501276 -0.335256 -0.373434
0.363543 0.0501276 -0.335256 -0.373434
0.363595 0.047496 -0.337861 -0.375177
0.363815 0.0457695 -0.339643 -0.373564
0.363573 0.0461794 -0.339047 -0.375986
0.363476 0.0435241 -0.341885 -0.375091
0.363476 0.0435241 -0.341211 -0.377439
0.363347 0.0410205 -0.3435 -0.378966
0.363284 0.0408642 -0.3435 -0.378966
0.36306 0.0381849 -0.345608 -0.38037
0.36306 0.0381849 -0.345608 -0.38037
0.362451 0.0328468 -0.349121 -0.382629
0.362521 0.0310088 -0.349872 -0.383027
0.362325 0.0314835 -0.349862 -0.383035
0.362043 0.0287652 -0.351266 -0.383686
0.362043 0.0287652 -0.351266 -0.383686
0.362043 0.0287652 -0.351266 -0.383686
0.361662 0.0242588 -0.353548 -0.384485
0.361273 0.0234219 -0.354267 -0.384701
0.361173 0.0223137 -0.355972 -0.383125
0.361173 0.0223137 -0.35597 -0.383127
0.360572 0.0179291 -0.358388 -0.383836
0.360164 0.0182853 -0.357394 -0.385614
0.360164 0.0182853 -0.357394 -0.385614
0.35954 0.015763 -0.35871 -0.385882
0.359607 0.0141514 -0.360437 -0.384269
0.359607 0.0141511 -0.360437 -0.384269
0.359253 0.0129047 -0.361135 -0.384448
0.357374 0.00822639 -0.362271 -0.386865
0.357271 0.00638755 -0.36468 -0.385074
0.356771 0.00558775 -0.363143 -0.38694
0.356428 0.00428541 -0.364852 -0.38533
0.356085 0.00141905 -0.365792 -0.385375
0.355861 0.00202564 -0.363836 -0.387174
0.355512 -0.0001664 -0.364991 -0.386972
0.354874 -0.000844136 -0.365424 -0.386968
0.354044 -0.00340712 -0.366197 -0.386893
0.354023 -0.00495844 -0.367893 -0.385281
0.35383 -0.00528895 -0.368441 -0.385141
0.352931 -0.00790774 -0.368645 -0.38517
0.352697 -0.00723011 -0.367286 -0.386803
0.3512 -0.0110247 -0.368059 -0.386724
0.350949 -0.0119883 -0.369768 -0.38509
0.350307 -0.0136756 -0.368177 -0.386577
0.349847 -0.015 -0.370351 -0.384843
0.348827 -0.0175929 -0.368933 -0.386236
0.348827 -0.0175929 -0.368933 -0.386236
0.347401 -0.0215748 -0.369349 -0.385696
0.347305 -0.0230549 -0.370992 -0.384116
0.346931 -0.0229028 -0.369539 -0.385483
0.346931 -0.0229028 -0.369539 -0.385483
0.346454 -0.0242203 -0.371335 -0.383872
0.345318 -0.0267116 -0.371811 -0.383372
0.345318 -0.0267116 -0.370153 -0.384803
0.344049 -0.0291237 -0.370366 -0.384384
0.344049 -0.0291237 -0.370366 -0.384384
0.343919 -0.0306282 -0.370365 -0.384195
0.342643 -0.0331116 -0.372095 -0.382347
0.342117 -0.0328127 -0.370339 -0.383842
0.341293 -0.0355897 -0.370154 -0.383539
0.340755 -0.0352916 -0.370088 -0.38355
0.338691 -0.0413182 -0.369127 -0.382943
0.338691 -0.0413182 -0.369127 -0.382943
0.33831 -0.0443206 -0.372512 -0.379651
0.33831 -0.0443206 -0.372512 -0.379651
0.337116 -0.0470284 -0.368442 -0.382265
0.333811 -0.0512567 -0.369605 -0.37977
0.333811 -0.0512567 -0.369605 -0.37977
0.333044 -0.0544285 -0.369508 -0.379036
0.333044 -0.0544285 -0.369508 -0.379036
0.331523 -0.0571637 -0.367908 -0.379199
0.331523 -0.0571637 -0.367908 -0.379199
0.327953 -0.0631847 -0.368258 -0.37656
0.327953 -0.0631847 -0.368258 -0.37656
0.326454 -0.0627212 -0.368552 -0.375462
0.325503 -0.06423 -0.370102 -0.373934
0.325503 -0.06423 -0.367692 -0.37506
0.324155 -0.0665836 -0.367568 -0.373956
0.324155 -0.0665836 -0.367568 -0.373956
0.322683 -0.0688227 -0.367328 -0.372845
0.322391 -0.0701731 -0.36889 -0.371298
0.32192 -0.0699285 -0.367158 -0.372295
0.320727 -0.0717133 -0.367313 -0.371102
0.320328 -0.0721173 -0.366687 -0.371195
0.320019 -0.0734759 -0.36826 -0.369634
0.31834 -0.0756812 -0.367597 -0.368522
0.317462 -0.0767731 -0.367157 -0.367983
0.31693 -0.0765193 -0.365099 -0.369058
0.315175 -0.0787954 -0.364104 -0.368046
0.315175 -0.0787954 -0.364104 -0.368046
0.313445 -0.0817592 -0.363823 -0.366926
0.313351 -0.0810718 -0.362977 -0.367023
0.312061 -0.0835926 -0.36397 -0.364909
0.311971 -0.0829067 -0.363054 -0.365009
0.310148 -0.0858784 -0.362655 -0.363847
0.309576 -0.08568 -0.36035 -0.364903
0.308158 -0.0875344 -0.360224 -0.362855
0.307633 -0.0879888 -0.358884 -0.363803
0.305627 -0.090259 -0.35868 -0.361734
0.305628 -0.0902615 -0.357339 -0.362672
0.30359 -0.0925223 -0.355728 -0.361503
0.302096 -0.0943683 -0.355349 -0.359388
0.301554 -0.094803 -0.354041 -0.360281
0.301554 -0.094803 -0.354041 -0.360281
0.300561 -0.0959689 -0.353225 -0.359665
0.299069 -0.0977525 -0.351444 -0.358316
0.298501 -0.0981968 -0.351441 -0.358322
0.29637 -0.100339 -0.349608 -0.356947
0.29637 -0.100339 -0.349608 -0.356947
0.294246 -0.102493 -0.347775 -0.35554
0.29379 -0.103788 -0.349339 -0.354003
0.293189 -0.103572 -0.346843 -0.354809
0.291635 -0.105248 -0.344897 -0.353256
0.291041 -0.105673 -0.344895 -0.353261
0.28632 -0.111136 -0.342712 -0.348644
0.285803 -0.111473 -0.342712 -0.348644
0.283825 -0.11407 -0.338962 -0.347609
0.283824 -0.11407 -0.33896 -0.347615
0.280373 -0.116815 -0.337378 -0.343387
0.280373 -0.116815 -0.337378 -0.343387
0.278037 -0.119103 -0.335632 -0.342084
0.278037 -0.119103 -0.335632 -0.342084
0.277552 -0.120231 -0.337018 -0.34072
0.275708 -0.122093 -0.336256 -0.338736
0.275238 -0.121835 -0.334449 -0.338978
0.27379 -0.123787 -0.335359 -0.336524
0.273286 -0.12407 -0.335359 -0.336524
0.271832 -0.125401 -0.333811 -0.334697
0.271367 -0.125119 -0.332604 -0.334564
0.269408 -0.126742 -0.331511 -0.332309
0.269408 -0.126742 -0.331511 -0.332309
0.266875 -0.129426 -0.33162 -0.328663
0.266387 -0.129116 -0.329585 -0.328866
0.266386 -0.129114 -0.329585 -0.328866
0.264346 -0.130718 -0.3282 -0.326578
0.264346 -0.130718 -0.3282 -0.326578
0.262235 -0.132264 -0.326591 -0.324189
0.262235 -0.132264 -0.326591 -0.324189
0.259043 -0.134662 -0.324145 -0.320706
0.259043 -0.134662 -0.324145 -0.320706
0.254836 -0.137979 -0.321299 -0.316093
0.254836 -0.137979 -0.321299 -0.316093
0.254836 -0.137979 -0.321299 -0.316093
0.254316 -0.138586 -0.322596 -0.314772
0.250661 -0.141138 -0.318367 -0.3111
0.25008 -0.142162 -0.318266 -0.309492
0.250148 -0.14167 -0.317632 -0.309831
0.249634 -0.142199 -0.317523 -0.308218
0.249094 -0.142415 -0.31689 -0.308552
0.247395 -0.143868 -0.317533 -0.307579
0.246384 -0.144007 -0.315289 -0.305894
0.241906 -0.14665 -0.311618 -0.300436
0.241906 -0.14665 -0.311618 -0.300436
0.234404 -0.153441 -0.309264 -0.288644
0.232775 -0.153702 -0.306901 -0.289122
0.230996 -0.155244 -0.306686 -0.286671
0.230459 -0.15586 -0.30779 -0.285491
0.230119 -0.155956 -0.306597 -0.285373
0.229245 -0.156635 -0.306551 -0.284066
0.227382 -0.158263 -0.306248 -0.281235
0.227481 -0.157858 -0.306248 -0.281235
0.222957 -0.16074 -0.304894 -0.274083
0.222402 -0.161318 -0.305971 -0.272872
0.222061 -0.161388 -0.304677 -0.272759
0.22026 -0.162666 -0.304289 -0.270112
0.22026 -0.162666 -0.304289 -0.270112
0.217389 -0.164796 -0.303357 -0.265779
0.217497 -0.164428 -0.303357 -0.265782
0.216853 -0.165279 -0.304392 -0.264597
0.21656 -0.164994 -0.302996 -0.264327
0.214648 -0.166078 -0.302133 -0.261359
0.213525 -0.167004 -0.302917 -0.260292
0.213662 -0.166572 -0.30157 -0.259802
0.211626 -0.167507 -0.300261 -0.256652
0.210955 -0.16835 -0.301283 -0.255453
0.210582 -0.16797 -0.301283 -0.255453
0.208697 -0.169742 -0.29983 -0.252335
0.208459 -0.168941 -0.298029 -0.251969
0.206292 -0.169908 -0.296384 -0.248809
0.205603 -0.17074 -0.297388 -0.247609
0.205194 -0.170381 -0.295472 -0.247171
0.202965 -0.171307 -0.293638 -0.243933
0.202266 -0.172132 -0.294628 -0.242738
0.201838 -0.171765 -0.292658 -0.242271
0.199398 -0.173106 -0.291172 -0.238779
0.199398 -0.173106 -0.291172 -0.238779
0.197304 -0.173563 -0.288694 -0.235652
0.197304 -0.173563 -0.288694 -0.235652
0.195051 -0.17446 -0.286694 -0.232287
0.195051 -0.17446 -0.286694 -0.232287
0.192802 -0.175297 -0.284702 -0.228876
0.190569 -0.176127 -0.282726 -0.225425
0.18985 -0.176901 -0.283643 -0.224271
0.189467 -0.176561 -0.281785 -0.223722
0.189467 -0.176561 -0.281785 -0.223722
0.180079 -0.180739 -0.275574 -0.209309
0.180079 -0.180739 -0.275574 -0.209309
0.178208 -0.181755 -0.275047 -0.206431
0.178208 -0.181755 -0.275047 -0.206431
0.177174 -0.182446 -0.275848 -0.205362
0.175684 -0.183348 -0.275311 -0.202441
0.175684 -0.183348 -0.275311 -0.202441
0.174029 -0.183801 -0.275781 -0.19984
0.174029 -0.18381 -0.274768 -0.199258
0.171841 -0.184452 -0.273076 -0.195377
0.171841 -0.184459 -0.273077 -0.195387
0.16998 -0.185098 -0.272174 -0.192002
0.169429 -0.185443 -0.272924 -0.190941
0.169038 -0.185417 -0.272924 -0.190941
0.167548 -0.18605 -0.271897 -0.187564
0.167124 -0.186019 -0.270553 -0.186873
0.165417 -0.186964 -0.270643 -0.18405
0.165172 -0.186582 -0.269209 -0.183301
0.163633 -0.187188 -0.269007 -0.180543
0.163186 -0.187144 -0.267791 -0.17976
0.161435 -0.188077 -0.267782 -0.176943
0.161436 -0.188073 -0.267782 -0.176943
0.158839 -0.189014 -0.267727 -0.173376
0.158084 -0.189642 -0.268178 -0.172417
0.1572 -0.189528 -0.264642 -0.170073
0.156618 -0.189874 -0.26532 -0.169014
0.15412 -0.189884 -0.261644 -0.164262
0.15412 -0.189884 -0.261644 -0.164262
0.153367 -0.190493 -0.262293 -0.163223
0.153367 -0.190493 -0.262293 -0.163223
0.150978 -0.190968 -0.259797 -0.159118
0.151171 -0.190681 -0.259797 -0.159118
0.147469 -0.191984 -0.257151 -0.15201
0.147254 -0.191661 -0.257151 -0.15201
0.146281 -0.191942 -0.257754 -0.150987
0.145518 -0.192516 -0.25599 -0.148653
0.134618 -0.196673 -0.256983 -0.133436
0.134618 -0.196673 -0.256983 -0.133436
0.132645 -0.197056 -0.252364 -0.128169
0.131878 -0.197567 -0.25286 -0.127186
0.131878 -0.197567 -0.25286 -0.127186
0.128558 -0.198918 -0.252869 -0.121879
0.127784 -0.199414 -0.25334 -0.120895
0.126933 -0.199609 -0.252997 -0.119256
0.1253 -0.200221 -0.252892 -0.116444
0.1253 -0.200221 -0.252892 -0.116444
0.124643 -0.20057 -0.252768 -0.115034
0.122855 -0.201281 -0.252501 -0.112175
0.122801 -0.201075 -0.252477 -0.112187
0.12095 -0.201743 -0.252701 -0.109761
0.121095 -0.201588 -0.252686 -0.109769
0.119437 -0.202302 -0.252101 -0.106762
0.119436 -0.202305 -0.252101 -0.106762
0.118215 -0.199612 -0.250887 -0.104684
0.115687 -0.194881 -0.250085 -0.101585
0.115687 -0.194881 -0.249944 -0.101684
0.111386 -0.189124 -0.248875 -0.0966593
0.11085 -0.186838 -0.248098 -0.0962264
0.109692 -0.184977 -0.247687 -0.0950184
0.107438 -0.181411 -0.246872 -0.0927097
0.107438 -0.181411 -0.246872 -0.0927097
0.10634 -0.179706 -0.246475 -0.0916199
0.10526 -0.178053 -0.246099 -0.0905905
0.102176 -0.175736 -0.245858 -0.0890059
0.103153 -0.174903 -0.245239 -0.0885299
0.101105 -0.171977 -0.244963 -0.0870873
0.10111 -0.171964 -0.244317 -0.0866051
0.0998452 -0.17071 -0.243383 -0.0848386
0.0998452 -0.17071 -0.243383 -0.0848386
0.0979419 -0.168058 -0.242973 -0.0837613
0.0971747 -0.166736 -0.242394 -0.0833408
0.0952598 -0.164461 -0.241441 -0.0820349
0.0952634 -0.164451 -0.241441 -0.0820349
0.0933771 -0.162386 -0.24048 -0.0809214
0.0933771 -0.162386 -0.24048 -0.0809214
0.0915067 -0.160542 -0.239503 -0.0800011
0.0915578 -0.160499 -0.239479 -0.0800162
0.0905747 -0.159703 -0.239006 -0.0796141
0.0896434 -0.15892 -0.23851 -0.0792841
0.0868426 -0.156905 -0.237059 -0.0786735
0.087012 -0.156801 -0.236973 -0.0789128
0.087012 -0.156801 -0.236951 -0.0789163
0.0861035 -0.156224 -0.236494 -0.0788895
0.0849602 -0.15584 -0.23614 -0.0785928
0.0830596 -0.154992 -0.235201 -0.0786971
0.0833486 -0.154827 -0.235053 -0.0791222
0.0814796 -0.154153 -0.234067 -0.0795018
0.0814796 -0.154153 -0.234067 -0.0795018
0.0814796 -0.154153 -0.234067 -0.0795018
0.0786345 -0.153524 -0.232616 -0.0804776
0.0772802 -0.153599 -0.23236 -0.0802927
0.0772802 -0.153599 -0.23236 -0.0802927
0.0753477 -0.153488 -0.231456 -0.0812192
0.0753477 -0.153488 -0.231456 -0.0812192
0.0747574 -0.152529 -0.230486 -0.0831054
0.075431 -0.15191 -0.229724 -0.0843798
0.075431 -0.15191 -0.229724 -0.0843798
0.0687369 -0.154191 -0.228462 -0.0852889
0.0687369 -0.154191 -0.228462 -0.0852889
0.0669314 -0.154642 -0.227696 -0.0866067
0.0673808 -0.154444 -0.227446 -0.0872736
0.0661178 -0.154974 -0.227446 -0.0872736
0.065179 -0.155182 -0.227024 -0.0879978
0.0656098 -0.155007 -0.226778 -0.0886415
0.0643586 -0.155607 -0.226224 -0.0900555
0.0643559 -0.155617 -0.226224 -0.0900555
0.0635678 -0.15647 -0.226008 -0.0908887
0.0639707 -0.156305 -0.225774 -0.0914748
0.0637658 -0.157241 -0.225635 -0.0923041
0.0645792 -0.157658 -0.225199 -0.0935743
0.0641871 -0.157818 -0.225203 -0.0937152
0.0652991 -0.158339 -0.224678 -0.0951042
0.065019 -0.158455 -0.224682 -0.095117
0.0662905 -0.15898 -0.224165 -0.0963452
0.0660893 -0.159066 -0.224244 -0.0964425
0.0666697 -0.159382 -0.223751 -0.097169
0.0676575 -0.159497 -0.222987 -0.0984332
0.0680544 -0.159869 -0.223049 -0.0985037
0.0689628 -0.160023 -0.222456 -0.0997012
0.0689628 -0.160023 -0.222458 -0.0997105
0.0714257 -0.161159 -0.221086 -0.101768
0.0714257 -0.161159 -0.221086 -0.101768
0.0714257 -0.161159 -0.221086 -0.101768
0.072899 -0.161049 -0.219729 -0.103566
0.0732631 -0.16088 -0.219348 -0.104254
0.0732631 -0.16088 -0.219348 -0.104254
0.0745667 -0.161988 -0.219348 -0.104254
0.0760415 -0.162448 -0.218662 -0.105369
0.0760165 -0.162461 -0.218663 -0.105374
0.0768089 -0.16266 -0.218228 -0.106006
0.0771756 -0.162482 -0.217989 -0.106502
0.0784115 -0.163044 -0.217041 -0.107266
0.0795779 -0.163055 -0.216321 -0.108349
0.0795779 -0.163055 -0.216321 -0.108349
0.0816852 -0.163751 -0.215114 -0.1096
0.0816852 -0.163751 -0.215114 -0.1096
0.0840288 -0.164075 -0.213893 -0.111252
0.0840288 -0.164075 -0.213893 -0.111252
0.0840288 -0.164075 -0.213893 -0.111252
0.0840288 -0.164075 -0.213893 -0.111252
0.0863027 -0.164337 -0.213138 -0.112714
0.0863027 -0.164337 -0.213138 -0.112714
0.0863027 -0.164337 -0.213138 -0.112714
0.0874424 -0.164516 -0.211373 -0.114073
0.0886673 -0.164463 -0.209872 -0.115971
0.0886673 -0.164463 -0.209872 -0.115971
0.0886673 -0.164463 -0.209872 -0.115971
0.0891759 -0.164888 -0.208653 -0.117654
0.0891759 -0.164888 -0.208653 -0.117654
0.0895405 -0.164684 -0.208155 -0.118366
0.0899341 -0.165373 -0.205068 -0.122937
0.0899341 -0.165373 -0.205068 -0.122937
0.0899463 -0.165439 -0.204715 -0.123973
0.0899097 -0.165557 -0.20357 -0.125379
0.0899097 -0.165557 -0.20372 -0.125616
0.0902473 -0.165423 -0.202946 -0.126886
0.0902434 -0.165421 -0.203099 -0.12713
0.0897155 -0.1658 -0.201714 -0.128942
0.0897155 -0.1658 -0.201714 -0.128942
0.089997 -0.165653 -0.200929 -0.130215
0.089997 -0.165653 -0.200929 -0.130215
0.0894308 -0.166054 -0.199376 -0.131771
0.0894308 -0.166054 -0.199376 -0.131771
0.0890715 -0.166178 -0.198376 -0.134397
0.0890715 -0.166178 -0.197983 -0.134444
0.0890194 -0.166146 -0.198151 -0.134804
0.0892546 -0.165988 -0.197344 -0.136066
0.0892546 -0.165988 -0.196951 -0.13611
0.0886385 -0.166266 -0.196602 -0.13731
0.0888611 -0.166104 -0.195408 -0.138703
0.0883644 -0.166336 -0.195564 -0.138979
0.0885791 -0.16617 -0.194742 -0.140231
0.0880755 -0.166398 -0.194521 -0.140643
0.0879252 -0.166432 -0.193997 -0.141473
0.0876177 -0.166482 -0.193334 -0.143097
0.0876177 -0.166482 -0.193334 -0.143097
0.0878171 -0.166309 -0.192112 -0.144367
0.0878171 -0.166309 -0.192112 -0.144367
0.0871395 -0.166543 -0.191364 -0.145599
0.0873322 -0.166365 -0.19052 -0.146829
0.0873322 -0.166365 -0.19052 -0.146829
0.0869973 -0.166393 -0.189077 -0.148484
0.0868947 -0.166329 -0.189239 -0.148872
0.0862967 -0.166606 -0.188705 -0.149686
0.0859427 -0.166617 -0.187857 -0.150994
0.0859427 -0.166617 -0.187857 -0.150994
0.085695 -0.166693 -0.186561 -0.152919
0.0860499 -0.166501 -0.186235 -0.153316
0.0853953 -0.16662 -0.186023 -0.153721
0.0855629 -0.166428 -0.184789 -0.154925
0.08502 -0.166611 -0.184936 -0.155225
0.0848284 -0.166604 -0.184403 -0.156113
0.084858 -0.166326 -0.183676 -0.1576
0.084858 -0.166326 -0.183676 -0.1576
0.0862004 -0.164239 -0.177134 -0.165724
0.0829765 -0.165832 -0.177276 -0.166118
0.0817121 -0.166258 -0.176264 -0.166473
0.0817121 -0.166258 -0.176264 -0.166473
0.0814224 -0.166303 -0.175501 -0.166618
0.0812507 -0.166196 -0.17531 -0.166175
0.0811485 -0.165944 -0.174536 -0.166478
0.0807635 -0.166151 -0.174382 -0.166109
0.0805094 -0.166148 -0.173933 -0.166088
0.0804123 -0.166232 -0.173627 -0.1664
0.0797121 -0.166107 -0.172791 -0.166351
0.0797121 -0.166107 -0.172791 -0.166351
