25.443 46.5237 -16.5684 55.8881
25.2017 46.4906 -17.3494 57.0491
24.9704 46.5086 -18.1216 58.2622
24.7374 46.5051 -18.8975 59.4771
24.5029 46.5083 -19.673 60.6729
27.5154 40.9822 -17.6831 54.9384
27.2068 39.9967 -17.7508 55.7939
27.6872 38.4278 -17.7497 55.2663
29.881 35.497 -17.4447 51.6597
29.6499 35.5149 -18.2158 52.873
31.9638 29.8713 -16.2088 50.1926
31.5958 29.9345 -17.5079 49.3973
33.528 21.2047 -15.8133 47.0294
33.148 21.2747 -16.9385 48.7557
36.7721 8.65515 -13.4276 37.1842
36.4084 8.69844 -13.6905 35.7923
36.0443 6.8657 -14.2524 34.6554
35.3418 3.82397 -14.6928 33.1709
34.9635 3.89411 -15.812 34.8976
33.885 -1.30566 -15.4736 25.4408
33.5075 -1.23546 -16.5886 27.1682
32.992 -1.10496 -17.9898 29.2969
29.4433 -20.787 -20.5083 8.63918
28.43 -20.4072 -22.3633 11.0584
26.3077 -23.4591 -24.0538 8.62903
25.7724 -23.3165 -25.3117 10.7408
24.1865 -24.5664 -26.5736 10.5605
22.9329 -24.0668 -27.1798 12.3331
21.3422 -26.8653 -28.3096 9.48881
19.9973 -29.3098 -28.9419 6.13478
18.9542 -28.9126 -29.352 7.80694
17.1054 -31.7482 -28.827 1.31414
16.0304 -31.3297 -30.559 3.95982
15.3257 -31.0955 -30.9498 5.89276
14.0377 -31.5897 -31.6212 5.61149
13.4308 -32.5092 -32.0274 2.52654
13.0518 -32.4405 -32.109 4.29666
12.7469 -32.8667 -32.2032 3.52656
12.7344 -33.5109 -30.2832 -0.808557
12.6718 -33.6012 -32.0033 1.8398
12.5456 -33.7571 -32.1446 -1.21395
12.5098 -33.8503 -34.0679 1.71572
12.3089 -33.7502 -32.1361 0.41568
12.3093 -33.395 -32.1568 -2.17398
12.1025 -33.3954 -32.1824 -0.190689
11.6641 -32.9441 -32.258 -0.363821
11.3356 -32.0449 -32.0855 -2.93546
10.896 -31.9252 -34.0841 0.119103
10.4048 -31.2187 -31.9298 -1.1911
10.0807 -30.6019 -31.6669 -4.01692
9.79468 -29.8926 -31.2624 -4.10072
8.79254 -29.4692 -33.4244 -0.814768
8.54207 -27.7927 -29.4424 -4.56592
7.76387 -26.6323 -31.7067 -1.14083
7.02678 -25.3926 -31.7001 -1.16252
6.45098 -24.1512 -31.5223 -3.11351
5.81884 -22.7819 -31.4821 -0.945555
5.13863 -21.3133 -31.4394 -0.704213
4.63226 -19.9328 -30.9718 -1.09213
3.55752 -19.4602 -33.2225 2.3365
4.04053 -12.5992 -24.0799 -8.31278
2.88642 -10.915 -24.8327 -8.36158
1.79037 -9.30891 -25.6752 -6.89632
0.512369 -8.69463 -28.1706 -3.12854
-0.680412 -7.02732 -29.3474 -1.0341
-0.607728 -5.17365 -26.9742 -2.0791
-1.88656 -4.55858 -29.6039 0.0723322
-2.69073 -4.18944 -30.0365 1.41606
-2.9965 -1.76437 -29.8134 1.59948
-2.42894 0.0234877 -27.0937 -1.20735
-3.70911 0.639447 -29.575 2.5632
-4.23272 0.886188 -32.1677 6.4908
-3.46615 2.46637 -30.0562 2.14693
-4.95649 3.2384 -32.7721 6.22581
-5.25181 5.20602 -29.6948 5.44545
-5.36689 6.07228 -29.2552 5.38679
-6.85585 6.8473 -31.966 9.47763
-1.94403 7.0924 -23.9562 0.235829
-3.43748 7.86526 -26.662 4.31504
-1.03626 7.95865 -19.8863 -3.73839
-2.53145 8.732 -22.5845 0.341037
-2.54664 8.75994 -23.9045 3.70773
-3.51307 9.19038 -24.3691 3.42962
-4.5991 9.35246 -26.5871 4.83467
-6.31232 10.2955 -29.5025 9.19096
-4.49383 9.22602 -28.5345 9.03722
-6.20692 10.1684 -29.7927 12.4541
-6.38316 10.1478 -30.2899 13.5208
-4.38236 9.11702 -30.3618 12.4587
-6.09634 10.0591 -30.5733 15.2911
-5.96079 10.0957 -30.6404 16.0609
-1.13129 7.63607 -23.7118 8.01628
-3.06845 8.76108 -26.8266 12.6169
-5.00561 9.88609 -29.9413 17.2175
-6.94932 10.9115 -30.1412 20.1808
-4.80459 9.63819 -30.4475 19.2239
-4.15341 9.01271 -25.9777 16.2661
-6.0909 10.1375 -29.091 20.8642
-3.13512 8.67771 -28.8372 18.9746
-2.3256 7.97072 -24.1477 16.1279
-4.26368 9.09451 -27.2574 20.7247
-1.05829 7.43122 -26.9415 18.5694
-0.376706 6.95873 -26.3198 15.2231
-2.56078 8.05437 -25.4073 17.6678
0.764662 6.31683 -25.2139 18.2413
1.49836 5.71501 -24.3777 17.5381
-0.694137 6.69736 -23.6769 17.2138
2.69484 4.84848 -23.5164 17.7736
3.44534 4.1358 -22.7193 17.0687
6.80564 1.78666 -18.7039 12.5649
4.6391 3.10109 -21.9855 17.3771
5.0796 2.52136 -25.4892 19.6787
12.9553 -1.82662 -29.6456 15.3059
10.5589 -0.306112 -33.0658 20.3254
12.4856 -0.98077 -36.7552 21.552
10.0881 0.538024 -40.1629 26.5769
12.0079 -4.62579 -15.5497 10.621
9.53866 -3.95795 -18.9903 15.6201
9.30372 -4.17545 -19.9067 17.3831
11.6995 -6.50213 -17.3621 14.26
9.3044 -4.98592 -20.7986 19.2573
14.2183 -8.66994 -14.9282 11.5846
11.5539 -7.38642 -18.5139 16.7466
8.93043 -5.64982 -22.0996 21.9086
8.50099 -5.69971 -23.0894 23.6799
5.87761 -3.96385 -26.6737 28.8412
5.71402 -4.79488 -23.4225 27.3284
11.5135 -8.27408 -19.3191 19.36
8.8904 -6.54125 -22.8974 24.5188
8.93443 -6.43135 -23.0265 25.3488
14.516 -10.2409 -15.4384 18.4642
11.8907 -8.50742 -19.2151 20.8845
9.04012 -6.54229 -22.9217 26.1821
8.62984 -6.1931 -23.5156 27.4565
11.6241 -8.10355 -19.2613 21.8807
8.77385 -6.14103 -22.9628 27.1763
5.89163 -4.54432 -22.7081 30.2373
25.1149 -18.9983 -3.93896 1.43997
22.2629 -17.0448 -7.66542 6.09413
20.979 -18.639 -9.2765 8.08395
19.1599 -17.9764 -11.8941 11.6169
16.3079 -16.0244 -15.5754 16.9052
14.0761 -14.8318 -18.6221 21.2288
14.0725 -15.3081 -18.4925 20.7966
10.999 -13.1098 -22.2837 26.2005
9.54326 -12.0777 -23.9684 28.6995
6.43678 -10.2922 -24.6083 32.3146
7.46342 -10.173 -26.0203 31.9666
6.84166 -9.46656 -26.3016 32.431
8.63177 -9.59135 -23.2548 28.916
5.55945 -7.3969 -27.038 34.3179
10.4655 -9.41102 -23.0052 28.9204
7.21159 -6.82581 -23.2328 29.7113
3.91862 -4.37178 -27.1071 35.2043
2.99942 -3.01917 -27.6559 36.3713
3.02659 -2.46827 -22.7006 29.6904
-0.26647 -0.014462 -26.5702 35.1821
2.28628 -0.457781 -26.1907 34.9606
2.43508 0.243125 -20.9074 28.095
2.18518 1.17906 -24.7709 33.5855
2.05204 2.05567 -28.6191 39.0874
10.9111 -2.40064 -11.6053 16.0966
7.44422 0.261632 -15.5178 21.6392
6.53196 1.07713 -15.9989 22.1712
2.97058 3.0748 -19.924 27.729
12.3591 -2.21038 -7.60473 9.77587
8.77354 -0.154347 -11.5199 15.3306
7.47752 0.593618 -13.0359 17.4535
6.58558 0.821669 -13.7348 18.0043
5.59862 1.52748 -14.5359 18.937
4.39519 3.10119 -15.8112 20.787
3.66313 2.68398 -16.2605 21.0425
5.33975 1.44577 -13.8767 17.6061
1.61963 4.44277 -17.8329 23.203
0.56731 5.18678 -18.6121 24.1017
-3.15185 8.18391 -22.5645 29.6995
-1.25008 6.44318 -19.8729 25.4441
4.34078 2.96312 -12.7176 18.254
0.558531 4.9804 -16.6676 23.8461
-3.1611 7.97098 -20.6176 29.4381
0.813515 3.87099 -16.4753 19.8632
-0.0746655 2.68263 -16.9059 19.6253
-0.853592 4.36058 -17.5412 20.2832
-2.07247 5.3628 -18.6426 21.8871
-2.59649 6.98919 -22.6017 27.5065
-3.64571 6.62227 -22.7846 27.4164
2.47186 2.47274 -15.9594 17.5592
-1.44199 5.75379 -19.9168 23.1717
-5.35584 9.03485 -23.8743 28.7843
5.30928 -4.47196 -10.6331 8.74324
3.58811 -3.71004 -12.0664 9.92227
-0.32052 -0.437385 -16.0125 15.5296
-2.21031 0.593358 -14.8883 16.7351
-3.02016 2.58632 -18.8508 22.3363
-4.53571 1.87627 -20.4074 21.3565
-5.29863 2.39339 -17.1197 19.6464
-5.92865 4.29503 -21.0784 25.2458
-6.98827 4.30979 -21.9631 23.6371
-7.32356 4.61124 -21.8282 23.2185
-7.66702 5.21135 -17.9969 20.9677
-8.32697 7.12262 -21.9506 26.5643
-8.86958 6.81481 -22.1874 24.0117
-8.95106 7.06026 -21.6613 23.0443
-9.20076 9.02463 -25.597 28.6163
-9.87716 8.98838 -21.4695 23.0887
-9.87001 9.27093 -20.7925 21.9337
-9.91314 9.84267 -20.2077 21.1749
-9.87782 11.6653 -24.1378 26.7441
-10.3476 11.3333 -19.5691 20.6044
-10.1578 11.3289 -18.8067 19.2908
-10.1254 10.4305 -18.3261 15.4582
-6.30962 10.427 -18.1878 18.6963
-10.6288 14.4653 -22.0984 24.2405
-1.13252 3.67161 -9.02417 5.68674
-5.53742 7.91172 -12.9112 11.1963
2.78011 -1.73143 -5.89403 0.619588
-1.62483 2.49936 -9.77896 6.12474
-6.02879 6.73103 -13.6622 11.6319
-7.29498 9.45488 -17.5464 17.1376
-8.68849 8.13861 -16.7468 16.063
-9.02997 7.89438 -16.9473 15.8925
-9.52322 10.2453 -20.8297 21.3953
-6.17479 7.66036 -14.1419 12.3406
-10.716 12.2498 -17.969 17.7636
-11.5613 11.3761 -18.4165 18.7298
-11.6703 11.6666 -18.1014 18.1755
-16.2064 16.2537 -21.9269 23.5969
-12.3732 14.9375 -18.1163 18.6834
-7.94973 9.24373 -13.8929 12.8977
-12.4854 13.8212 -17.717 18.3147
-17.021 18.3987 -21.5411 23.7317
-6.22526 9.5598 -11.9094 13.7134
-10.8527 12.1974 -15.7184 19.0958
-15.5034 17.1583 -19.4684 24.4027
-15.8826 17.3743 -20.1965 22.0957
-11.1759 14.9846 -15.6432 18.6437
-15.8691 18.1981 -19.3929 23.9469
-15.993 18.8214 -19.228 21.1137
-10.6821 11.9367 -18.5633 13.5834
-15.3269 16.8842 -22.2945 18.8933
-7.28196 11.194 -11.1737 10.6
-3.75132 6.57843 -8.81235 4.4811
-4.34141 6.89442 -9.40498 7.98423
-9.08608 12.2397 -13.0438 13.149
-5.84303 8.28724 -10.6941 13.0166
-10.5876 13.6271 -14.4041 15.1489
-11.0764 14.2375 -14.7901 15.818
-11.028 14.2523 -14.6143 15.5457
-11.5979 15.3296 -15.0048 16.5095
-6.62964 10.1843 -10.8094 10.6844
-11.3733 15.5099 -14.4513 15.8393
-11.7787 16.3666 -14.7012 16.5647
-7.02502 11.3935 -14.2981 13.2519
-11.8404 17.1531 -14.3311 16.2857
-12.0321 17.7372 -14.3403 12.7589
-16.8503 23.4941 -13.7189 15.4273
-12.0487 18.6228 -13.8143 15.9222
-11.6722 18.39 -13.2902 15.1064
-16.4893 24.1379 -16.802 20.0934
-11.7853 19.4449 -16.4096 19.6689
-2.00112 8.15438 -5.71671 5.03464
-6.81851 13.8873 -9.23256 10.0139
-7.35755 14.5114 -12.7436 14.9863
-12.225 20.7129 -13.1625 15.8389
-12.3016 20.5809 -13.4545 16.2624
-6.93689 14.4614 -12.8539 12.0067
-11.8048 20.6542 -16.2025 16.7961
-12.1102 21.5973 -12.6524 15.3136
-11.6099 21.0875 -12.1678 14.5272
-6.37324 14.8973 -8.55961 9.73287
-6.62691 15.4566 -8.58725 9.76772
-7.10127 15.9872 -9.13714 10.7037
-6.82845 15.1581 -9.15223 10.4857
-11.7231 21.8133 -12.3244 15.0495
-12.2518 22.7842 -12.783 15.9394
-17.1489 29.4571 -15.9481 20.4921
-11.7543 22.8137 -12.1296 14.9947
-11.1987 22.3564 -11.6064 14.203
2.67027 4.43514 -2.83381 2.29414
-2.22945 11.0889 -6.00938 6.83459
-7.07953 13.5842 -9.17329 9.64631
-3.35651 11.237 -7.80809 9.17969
-3.38269 10.6919 -8.19424 9.52336
-8.22168 13.4361 -11.1485 11.5564
-4.48236 12.8792 -9.13114 11.3578
4.32998 4.96285 -6.72355 8.07684
-0.585425 12.1336 -9.67477 12.3526
10.3346 -0.372735 -6.05922 7.65276
5.40745 6.78353 -9.01737 11.9224
0.660487 5.0634 -8.04795 10.6158
-0.421198 6.24915 -9.42941 12.8548
-1.01515 11.5003 -12.3919 17.1203
-1.80768 7.55245 -11.1474 15.4308
-2.04214 8.28895 -11.2911 15.7335
17.1248 -15.0961 -1.36059 4.30107
12.2172 -7.3691 -4.06568 8.2614
13.8123 -14.1304 -4.30266 8.08685
15.899 -17.8101 -4.22346 8.40185
10.9999 -10.0839 -6.93452 12.357
9.50559 -7.83295 -8.28434 14.5922
8.59841 -6.45116 -9.1386 15.988
3.69501 1.26997 -11.8555 19.9387
5.72616 -5.18905 -9.89546 19.2933
0.853322 2.99802 -12.384 22.9986
3.23744 4.18869 -12.4742 22.3738
6.02124 1.39082 -10.757 20.7128
1.14355 9.7393 -13.1634 24.3263
4.31804 6.53447 -11.1797 23.8043
-0.562355 14.8803 -13.5359 25.9046
-1.30032 17.2925 -13.3624 25.8898
-1.24788 14.2397 -12.9262 25.4602
-1.85832 20.7148 -15.2539 26.7109
-2.74866 23.52 -12.4927 25.6459
-7.61675 32.3095 -14.6783 29.0008
1.31327 20.9443 -8.40922 20.4352
-3.53356 29.9712 -10.4614 23.6637
-3.83553 31.9489 -9.91532 23.0964
-3.58162 32.7336 -6.61187 20.7041
-4.00993 39.8153 -8.56093 21.3115
-4.40886 36.7191 -8.3427 21.2032
-4.14768 37.0511 -7.78861 20.2669
-0.0560462 30.8905 -5.34622 16.4407
-4.9152 39.9129 -7.4097 19.6615
-5.12698 41.1346 -7.11256 19.1505
-0.468118 39.6279 -4.43232 14.6537
-5.29109 49.395 -6.07508 17.4506
-5.48084 44.7368 -5.8284 16.9979
-5.17212 44.6171 -5.59543 16.4261
-1.40206 43.515 -3.67494 12.6548
-6.23312 53.2833 -5.32442 15.4482
-5.94026 47.13 -5.38991 15.1914
3.48705 27.684 -2.41606 8.68167
2.85325 28.5194 -2.956 9.02604
2.15548 29.7126 -2.48941 8.89018
1.88964 30.4709 -3.55052 9.16407
1.57685 31.2335 -3.7675 9.14461
1.70661 31.0207 -3.81828 8.75573
0.80494 39.9419 -4.15139 8.94778
0.520044 33.5137 -4.51293 9.11629
0.686638 32.9522 -4.70221 8.84078
-0.168559 41.8538 -5.01077 8.82025
-0.343538 34.7034 -5.53589 9.18968
-0.12913 33.8027 -5.81809 8.94742
-4.88786 44.826 -6.08913 10.6882
-0.945317 36.2152 -6.10453 10.2261
-1.56751 38.0361 -5.26191 8.04275
-6.29933 49.5932 -5.89964 9.81721
-5.54035 48.3172 -5.83058 7.33449
-10.285 59.8741 -6.47055 9.10861
6.82485 18.5001 -5.45276 3.49013
2.06111 30.0898 -6.10187 5.25767
-1.87528 32.1273 -6.57927 6.9466
-2.8161 42.0355 -7.117 7.25758
-3.51784 43.9885 -7.30166 7.34599
-1.3361 32.9283 -6.52237 5.96241
-2.63689 44.041 -6.4173 5.53043
-6.52007 47.1779 -6.31229 5.01065
-11.2668 59.8028 -6.16857 6.09753
22.6218 -18.7072 -5.51067 -4.03995
17.9035 -6.00426 -5.53513 -2.8687
13.1647 6.67377 -5.75212 -1.60244
18.9471 -10.5193 -5.95256 -2.92239
14.2124 2.18501 -5.98358 -1.74467
13.916 5.20553 -6.01045 -1.35424
10.022 10.1548 -5.45218 -1.67525
12.7647 12.05 -5.0334 -1.7604
12.5936 14.0539 -4.64958 -1.94861
8.77155 18.537 -4.45291 -1.88985
10.4716 21.696 -4.28366 -1.73761
10.3208 23.1146 -4.21129 -1.63469
6.58072 27.0448 -4.29502 -1.37689
8.23962 29.7423 -4.40765 -1.0144
8.09875 30.6789 -4.6053 -0.703573
7.44368 33.0098 -4.77077 -0.410543
6.11001 37.8877 -4.28118 -0.643045
6.07143 39.5944 -3.84691 -0.95406
6.47096 32.7408 -4.74446 -0.591233
4.21774 46.8165 -3.19379 -1.30811
3.70597 49.4411 -2.91 -1.41268
2.37625 63.0454 -1.36702 -2.03338
0.140417 55.1435 -2.93038 -0.853678
13.9645 18.6688 -7.77014 0.0127237
9.12281 33.9923 -6.26945 -0.198184
8.85013 36.0462 -6.00189 -0.274841
7.49952 51.1384 -3.56662 -1.31863
12.1815 29.7178 -5.67794 -1.35262
7.23134 46.5286 -4.81182 -1.97192
2.28117 63.3394 -2.37572 -3.00182
5.64497 54.9655 -1.35613 -3.7864
6.45411 54.4407 -1.07178 -3.80114
1.47745 71.2934 1.36725 -4.82295
9.52495 44.8738 -3.7052 -2.42893
4.54768 61.779 -1.26538 -3.44757
3.34167 65.3759 -1.37887 -3.34326
3.47304 66.6342 -0.771763 -4.03546
4.20154 54.9857 -3.41058 -2.92279
2.44911 71.9622 0.0947851 -4.85313
-0.498068 89.417 3.61125 -6.77753
10.7028 43.5073 -6.34547 -2.08004
5.53038 62.1976 -2.83315 -3.99694
0.357758 80.8878 0.67926 -5.91381
8.95734 51.146 -5.64127 -3.01976
3.75213 69.8998 -2.12341 -4.92639
-1.61598 88.6509 1.40703 -6.83044
-7.0472 109.213 6.1037 -9.72983
-0.473904 90.8325 3.9249 -9.49754
-0.260907 91.3836 4.14233 -9.81518
-3.37649 110.768 4.00507 -10.0343
16.4656 39.4797 -8.66887 -4.28798
13.4336 42.3759 -3.91198 -7.16466
21.3304 15.0707 -12.5429 -5.36528
15.6872 36.0001 -7.77737 -8.22843
21.563 -21.4283 -9.82923 -10.3039
15.9538 -0.289532 -6.63583 -13.4753
10.7293 12.5877 -1.96471 -17.4445
4.73231 35.9391 2.21962 -20.6073
7.41363 28.0056 6.73461 -24.2989
8.931 31.2781 10.2569 -26.7163
2.87628 54.7236 16.4796 -30.6396
5.10452 58.7241 15.9648 -30.7571
13.6697 44.7318 17.3362 -31.0082
24.5243 13.5847 12.2679 -26.4559
18.4699 37.2242 18.4596 -30.366
12.4162 60.8636 19.0396 -30.3105
9.96565 71.0201 21.4697 -31.5668
10.1874 72.798 22.3328 -30.9666
3.60005 99.006 22.5366 -30.3703
5.35642 88.8258 23.2834 -30.3932
4.58854 91.3296 22.7209 -28.6829
-2.06847 117.66 30.514 -33.7891
0.3875 103.599 21.4346 -26.523
0.165086 104.292 19.8854 -24.2768
-1.40771 107.191 18.1996 -22.2207
-8.15889 133.702 26.0237 -27.2905
-8.71973 140.524 26.4902 -27.3896
4.80103 76.8024 12.1644 -17.746
-2.58493 106.531 21.8008 -24.1464
-9.97089 136.259 31.4371 -30.5469
-13.7014 163.466 26.8801 -27.7585
-9.60086 144.664 28.0066 -28.4306
-9.36274 144.015 26.3531 -26.1939
-11.0514 146.16 24.4482 -24.5178
-16.4549 174.743 23.1005 -24.0883
-13.3299 151.858 21.6464 -22.9574
-10.6149 148.303 7.63754 -13.0531
-13.5274 151.736 19.3635 -20.8859
-16.609 157.363 19.8578 -21.5859
-25.3204 191.11 31.6488 -29.329
-34.0319 224.857 43.4399 -37.072
-10.4648 124.442 7.51632 -14.2577
-19.0689 158.635 19.3119 -22.022
11.7341 57.8382 -13.8823 -3.69656
11.1202 62.1844 -10.9008 -8.27506
10.8039 67.2689 -6.86035 -11.0283
16.5677 64.0458 -12.3751 -10.6709
12.3604 71.5112 1.38857 -17.6845
9.43278 82.7575 7.10573 -22.872
10.8617 83.5114 10.7452 -25.483
0.261498 122.977 15.4943 -31.4641
0.165412 127.145 19.2647 -35.519
26.5529 17.8595 -6.67486 -21.2995
16.0894 58.1636 7.62058 -30.4805
0.590282 101.572 21.3682 -35.8491
1.21856 44.758 4.41155 -30.3061
-10.5388 88.2273 19.9601 -38.3865
-9.33289 71.9942 18.8142 -43.2395
-14.86 77.7986 27.9417 -49.2509
-11.8079 66.4508 37.1126 -55.3773
-24.1299 113.218 53.6289 -63.2669
-21.8006 123.313 52.8879 -66.3815
-17.149 121.135 57.3709 -68.1605
-12.2235 121.111 60.793 -69.441
-24.7265 168.562 77.1906 -76.1662
-8.03608 133.374 67.6286 -73.4604
-7.29362 135.208 68.4316 -72.107
-11.1947 146.835 69.2672 -71.1916
-17.0242 167.036 73.2705 -73.461
-20.4172 179.435 76.6575 -74.3705
-20.2411 180.368 76.1382 -71.8083
-15.3984 150.445 55.1557 -56.9536
-28.6697 204.643 75.353 -69.4107
-13.6915 150.439 74.2795 -58.2145
-28.9544 206.762 94.5908 -70.5362
-33.67 219.86 72.1336 -63.5088
-39.2874 237.575 74.9515 -64.948
-37.3427 229.643 73.3171 -60.6665
-55.7514 294.632 96.966 -74.9504
-46.1716 257.036 72.8412 -59.3922
-13.4933 134.984 43.8841 -39.759
-32.3528 202.072 44.3995 -47.4678
-40.7816 220.803 47.6548 -55.7382
-59.6868 288.359 68.452 -54.3186
-52.3753 275.07 67.0326 -51.7883
-47.7154 260.944 61.888 -47.2176
-28.3807 187.957 29.0022 -28.0772
-37.9158 225.184 51.4107 -40.6118
-25.8969 187.914 47.3478 -37.3047
-9.34293 135.048 38.6448 -22.0727
-19.2995 172.831 61.2574 -34.3988
5.81006 75.3297 32.0981 -25.5781
-5.5467 113.567 55.044 -37.4104
2.90549 41.3801 77.8639 -49.4017
-21.5753 105.47 -5.00725 -10.8227
-11.6739 72.3165 16.4955 -17.0716
-5.99142 50.3005 24.3005 -22.7321
-4.89357 40.3385 32.31 -27.5051
-6.30264 39.1505 39.5969 -32.1966
-7.33257 36.1933 47.7118 -36.655
-2.12569 11.8581 58.6012 -44.2251
-2.5985 13.3014 66.8664 -47.8994
-1.96966 4.85813 72.2879 -49.1332
-2.16699 -0.768651 77.811 -51.6735
-10.3391 30.882 101.983 -64.0736
-20.8089 36.6935 76.3252 -51.4376
-28.6378 67.5827 100.708 -63.9458
-34.0449 80.471 104.2 -64.5758
-24.9434 23.3847 14.2331 -16.3239
-32.3115 50.8574 26.4628 -23.0895
-32.3961 57.4092 38.7709 -29.5534
-38.699 80.8799 63.8359 -37.7939
-30.3198 63.0649 61.5379 -41.4508
-25.7799 54.3782 69.5553 -44.2301
-19.0003 36.181 60.1728 -39.8377
-25.3241 60.1498 86.0069 -52.4975
-17.9305 38.3743 57.7521 -37.0931
-22.2258 53.933 85.2161 -49.7818
-20.9079 50.2655 77.8065 -47.2025
-15.7084 37.4747 84.4065 -48.4365
-10.2315 22.5557 88.9531 -42.6675
-14.1201 37.8208 92.5267 -50.0991
-14.6751 34.9534 100.553 -53.456
-14.52 34.0677 100.296 -51.4419
-13.4249 28.3326 73.8496 -37.3526
-15.8445 37.0196 101.393 -50.3338
-19.0398 45.9679 107.323 -51.8478
-8.89134 14.0945 80.8058 -36.4973
-11.4054 22.9528 109.908 -49.7084
-11.4851 22.1742 115.213 -50.497
-5.69099 2.1148 85.2543 -33.5921
-8.29792 11.0218 114.459 -46.8381
-10.9023 16.7954 118.638 -47.0941
-5.87857 -1.11862 78.2072 -24.383
-8.61683 7.81857 80.9598 -25.1769
-11.7202 15.155 110.301 -38.5004
-17.2667 29.6964 124.54 -44.0292
-4.64238 -6.36403 82.2703 -19.9375
-5.64925 -3.14924 113.295 -33.4707
-6.08708 -3.759 114.006 -32.5887
-6.22643 -5.33374 109.7 -27.4444
-6.92527 -5.47836 139.506 -31.6196
-8.13456 -3.9303 86.4656 -12.9251
-8.71774 -2.42927 93.8303 -14.3477
-9.79799 0.798554 125.09 -28.0822
-11.1851 4.89505 137.407 -32.7817
-8.10941 -3.61683 104.916 -14.0969
-8.07016 -4.02667 137.676 -27.9634
-28.2641 50.0229 140.601 -26.3873
-27.9958 48.9228 173.731 -40.1568
-47.4916 78.5632 138.368 -21.6534
-50.2747 83.1064 133.79 -16.2355
-49.0172 82.0705 137.299 -17.1289
-47.3191 78.6516 142.91 -16.9826
-47.0292 77.5574 176.256 -30.9744
-43.1123 72.1688 142.967 -20.0875
-41.452 69.1266 138.202 -9.44719
-36.607 61.143 109.638 5.17644
-35.558 56.8068 144.169 -1.66536
-34.3333 52.8527 179.474 -15.7777
-25.8142 41.7329 122.368 3.17955
-24.5515 37.7905 157.638 -11.3419
-21.4112 31.9403 158.643 -9.05997
-16.8864 24.6114 86.2687 24.9151
-15.525 20.6366 121.687 10.0986
-14.1903 16.7192 157.112 -4.71724
17.0445 -5.67998 -61.3735 65.5627
18.9986 -10.8426 -24.7335 50.012
21.1556 -16.6029 12.3921 34.537
16.4296 -1.2546 39.369 12.2806
18.6519 -6.97479 76.5411 -3.12955
20.8873 -12.697 113.713 -18.5397
31.4258 -25.0671 129.258 -39.7133
27.0226 -21.384 143.405 -45.588
29.3228 -27.0724 180.464 -61.4045
20.4808 -20.2112 170.943 -64.4892
15.3977 -17.6516 172.29 -65.3146
18.3184 -24.723 166.255 -67.9996
11.9812 -23.6961 166.862 -67.1075
10.0291 -25.9929 159.367 -63.2866
13.3799 -33.9128 197.418 -79.1126
6.61017 -30.0276 151.091 -62.9428
2.3652 -27.3658 146.076 -60.4136
5.78847 -35.2404 184.005 -76.6739
-0.744389 -28.4636 142.356 -62.5984
-3.06023 -27.098 138.905 -61.6759
-6.03392 -24.5653 133.259 -60.466
-12.3428 -15.9046 129.561 -59.3429
-6.88349 -26.3354 125.962 -58.8215
-1.47852 -34.5654 132.68 -63.4735
-2.41086 -34.1042 131.897 -62.9416
-0.134943 -37.2893 138.335 -66.8635
-4.04698 -32.5658 135.909 -66.3955
-7.04447 -16.0578 41.7061 -27.6462
-2.3924 -25.5743 79.53 -45.6602
1.28346 -33.2417 104.608 -59.3582
12.3729 -46.253 142.432 -77.4014
6.84724 -34.7499 129.575 -73.8568
4.17277 -31.8443 130.302 -72.2527
9.78933 -42.8644 168.137 -89.3655
8.27101 -37.9047 128.59 -71.6666
6.49634 -36.1147 125.287 -68.9764
12.377 -46.9779 163.18 -86.1616
7.49963 -37.255 123.846 -68.5267
5.65472 -34.5481 122.169 -65.8055
12.6794 -37.4722 104.583 -60.3308
18.6093 -48.1438 141.784 -79.0577
30.6659 -60.7649 166.328 -92.4462
5.68099 -27.12 122.491 -64.5967
12.5308 -38.9754 159.106 -81.6773
19.3807 -50.8307 195.721 -98.7579
31.0649 -54.856 121.968 -66.5244
38.0664 -66.538 158.204 -84.4299
45.0678 -78.22 194.441 -102.335
39.4289 -67.4534 161.693 -80.9173
23.3304 -50.9298 197.791 -99.1544
18.501 -46.3903 186.559 -92.4471
7.29849 -35.8269 165.783 -79.0682
4.46516 -28.1403 80.1489 -30.8841
12.4773 -40.4456 114.647 -47.4528
20.4894 -52.7508 149.146 -64.0215
10.8057 -28.3379 118.926 -46.1008
19.0368 -40.3845 153.24 -63.0498
12.987 -25.5964 89.9536 -26.8599
21.3264 -37.4508 123.934 -44.4566
29.7123 -41.9536 126.549 -45.1627
27.788 -42.9925 127.932 -46.0073
29.045 -43.2925 128.871 -44.6888
18.3099 -35.7786 124.502 -37.7673
20.9868 -38.3733 123.101 -34.8684
23.242 -37.4008 118.988 -27.6151
23.8219 -41.1012 150.035 -45.8284
28.7799 -44.9875 117.172 -23.7229
7.44605 -26.1451 83.1684 -2.16645
21.7872 -39.1611 114.35 -18.0762
26.4813 -42.1065 82.6376 4.9367
36.0689 -53.8837 113.594 -11.3037
22.375 -38.291 113.459 -14.1499
0.616415 -19.4296 77.6559 11.1987
10.9256 -31.5436 106.023 -1.49615
24.481 -38.4998 104.998 0.583739
6.92764 -20.511 72.6586 21.9757
17.3914 -32.3257 100.678 8.8227
25.4372 -36.868 73.7646 30.0672
40.8346 -49.2181 100.05 11.4712
28.3888 -37.3068 101.051 10.853
39.0382 -48.7916 102.211 17.7619
21.4771 -34.9388 125.514 -7.87961
5.97159 -10.7043 51.1408 36.6207
17.3291 -22.2032 75.5748 26.9616
28.8101 -33.5958 97.4577 9.94941
47.9685 -44.4806 121.864 0.377322
58.0809 -49.8789 103.814 15.9186
0.098587 -6.45846 76.6386 19.8971
11.6512 -17.454 80.1602 28.06
23.2057 -28.4495 103.782 17.8158
25.5503 -24.9312 105.599 15.4704
37.1861 -35.7322 107.604 24.7081
49.4633 -46.6856 125.284 11.3685
24.0948 -29.2485 97.3959 26.7566
6.29624 -15.8878 69.1482 43.3218
18.5384 -26.5993 89.2343 37.5484
16.6586 -20.7733 65.3868 47.6847
21.2483 -22.9039 84.6412 41.7382
33.5844 -33.3081 83.796 42.0273
33.8585 -28.5013 64.6323 44.2457
46.2606 -38.7059 82.8976 37.9251
64.5433 -48.3749 96.0904 20.5642
44.0981 -36.917 78.3942 38.0548
25.4247 -28.6758 73.4581 42.1614
26.5455 -28.9306 66.4121 44.7948
19.1898 -20.7499 -18.742 44.8192
32.1807 -30.5471 -64.5733 37.3413
16.9622 -19.2746 107.113 43.8384
29.9986 -28.8665 140.618 44.6025
35.5424 -28.5494 82.6352 41.261
48.7651 -37.8202 105.65 41.1478
31.6015 -28.1723 84.4149 52.6771
38.6375 -30.3038 81.1591 55.395
35.9493 -26.0151 57.7864 57.0499
33.5053 -27.5418 74.8313 61.8523
39.0572 -28.9011 72.5864 64.3603
30.4786 -25.6726 71.0192 65.0164
14.1335 -15.1469 52.4137 61.143
27.8167 -23.7419 68.6924 65.966
47.3462 -31.1823 68.3692 65.6576
40.2184 -26.6261 76.797 55.0683
31.6294 -23.742 68.4497 60.9685
45.5975 -32.1007 74.333 53.7541
31.3145 -23.4792 62.7768 69.3765
29.8354 -22.7918 59.4428 73.2191
43.9124 -30.8524 73.2599 83.8507
32.9433 -23.1768 55.0695 78.7927
30.7351 -22.1317 52.6184 79.31
44.8334 -29.8949 66.4491 89.882
33.7988 -22.2633 55.1331 72.7376
35.5686 -19.4639 48.066 78.8979
49.6939 -26.9157 57.1818 96.1194
41.3151 -22.9347 45.8328 80.2524
32.3925 -20.5135 43.684 82.5058
17.7457 -12.2091 27.785 72.0406
32.2121 -19.1849 39.9822 88.9505
31.834 -14.0493 24.983 76.121
46.3042 -20.8384 37.2965 93.023
45.3201 -20.25 36.4345 91.1655
18.3403 -10.5566 22.7853 72.0307
32.8041 -17.0707 35.2667 88.9322
38.877 -17.5738 34.6807 87.651
29.4142 -17.1198 46.1808 109.146
36.0961 -15.9586 32.2183 92.8647
24.2979 -5.11833 5.37004 55.9144
39.0805 -10.9699 16.8957 79.6384
53.8631 -16.8215 28.4213 103.362
41.3159 -11.1368 28.3217 103.477
56.0871 -16.8222 39.9238 127.22
18.0115 -4.27768 2.94861 59.2502
32.7537 -9.72107 14.9538 83.0272
47.4958 -15.1645 26.959 106.804
62.4315 -20.4954 38.3457 134.576
70.4781 -17.6874 24.2963 114.563
85.5594 -22.7441 23.3544 123.867
70.2498 -18.7192 21.7711 121.917
32.2524 -15.5912 20.5499 121.339
47.2937 -20.4262 17.7575 128.778
19.4856 -13.7016 19.9312 129.255
9.91394 -0.268172 -18.1452 38.5094
22.3523 -4.21864 -5.82955 69.732
46.9907 -2.85861 -18.8182 42.7002
44.9868 -3.31218 -19.9065 41.7269
60.2243 -7.19741 -7.7331 80.7755
39.9747 -3.9472 -20.6066 56.9635
22.9763 -2.27991 -33.8424 28.3261
40.492 -4.53661 -20.9663 67.5133
46.1066 -4.91178 -20.9312 72.6577
61.262 -8.5605 -7.93208 111.9
38.66 -5.18842 -19.8069 78.8416
9.65886 -2.30646 -36.6919 51.6341
24.7208 -5.76563 -22.9388 91.0314
34.007 -4.91739 -16.7685 87.7626
13.4443 -1.03817 -28.3297 56.8552
28.778 -3.99374 -14.1875 104.958
36.1965 -3.50909 -12.7137 113.75
52.8149 -5.47372 7.10605 145.134
5.65861 3.21711 -40.2294 52.8324
20.8661 0.490547 -25.0134 101.252
36.0806 -2.23605 -5.65333 135.742
52.0205 -1.76546 -2.69364 146.29
67.2128 -4.45171 19.1527 172.816
37.5766 -2.90667 -0.6525 147.715
5.3696 -1.22427 -18.6875 125.244
20.7826 -3.37735 -1.90683 183.726
29.5921 -2.81278 6.29099 180.785
9.88785 -0.512034 -11.3912 154.458
25.2166 -2.55686 6.02189 213.292
32.2433 -2.0894 12.3149 202.401
48.164 -3.62962 29.7852 261.434
24.521 0.456112 2.0213 163.021
39.7391 -1.47788 19.921 222.498
33.2626 0.245887 -1.47704 188.112
48.6746 -1.25914 23.4345 235.544
63.4844 -3.28869 47.9656 283.321
12.5487 -0.852703 12.8298 198.369
27.9359 -2.26416 33.2154 270.051
23.987 0.233493 19.7017 223.107
39.3169 -1.14706 40.5508 295.22
40.207 -1.08324 40.953 294.561
12.9142 -0.553152 24.0094 228.635
28.1543 -1.8994 45.5506 301.484
2.77476 3.06679 -17.3147 124.069
18.1687 2.15633 8.62478 211.841
32.707 4.74515 -4.41457 132.903
48.0551 3.83387 21.3352 221.601
50.7804 3.47863 24.2689 234.796
22.5523 3.58769 -17.3559 103.337
37.8023 2.62557 9.78625 193.562
42.4446 3.0913 -3.18958 105.92
57.6513 2.11369 23.6787 197.269
72.8604 0.96428 51.2245 288.499
58.5431 3.21445 1.46698 186.094
73.7017 2.09061 34.7102 290.535
54.1388 1.92089 23.7127 196.044
66.1197 -1.92289 19.7361 241.302
34.0573 -0.134059 34.416 287.906
8.15321 0.446451 38.6121 297.052
22.1153 -1.62221 43.2447 310.664
30.2666 -1.166 53.8011 340.014
28.1419 -1.41667 55.376 337.697
23.9381 -1.05394 90.6707 446.89
30.302 -1.06212 66.5625 366.306
47.6947 -0.832924 86.2984 433.912
19.4551 3.56839 0.216174 171.357
36.7608 3.88408 19.1562 240.761
48.1208 6.0001 2.46915 198.522
29.5959 7.74528 -51.4337 40.6591
46.8406 7.97048 -31.6833 111.758
28.2898 9.26528 -91.3674 -58.6382
45.4865 9.42405 -70.9063 13.6956
49.2702 10.2539 -85.4563 -19.9384
34.047 11.0448 -107.245 -109.78
41.4565 12.2291 -91.2851 -80.6889
59.5197 12.9942 -76.2048 -19.9597
73.8972 13.8561 -51.1628 36.8664
39.9665 12.244 -71.5407 -63.6067
55.0557 10.1154 -86.2406 -51.4127
58.6589 12.5557 -83.3274 -47.529
60.6969 12.0383 -75.4825 -30.1212
22.7777 11.2518 21.4239 119.058
40.6128 11.6805 36.791 182.996
58.4956 11.873 52.7771 246.743
77.0588 12.8225 63.1961 298.605
89.8669 12.2362 72.4219 308.203
75.5804 9.21642 76.6394 249.536
78.3347 7.73013 73.4289 265.595
60.7577 6.17028 38.0148 173.028
55.4274 5.77255 14.0248 114.647
57.4755 5.0871 11.7274 111.466
50.6427 4.82595 6.27054 98.2495
54.1403 4.41395 14.4918 126.919
49.0314 3.8184 9.89564 116.719
48.6776 8.24934 10.4004 122.47
30.7532 3.72391 154.16 30.431
49.7863 4.64747 275.567 62.2303
38.5683 8.12626 30.6122 85.3198
57.5502 9.04311 44.1076 124.527
39.98 1.17578 22.8252 96.0506
54.0382 2.88834 20.0119 114.778
72.9583 3.53528 26.9893 154.867
74.6634 -3.25162 2.57538 92.2769
93.5662 -2.76559 5.58964 93.4533
58.0702 3.77538 -0.168002 80.1195
77.5267 4.51341 -0.0868669 74.7289
50.6771 5.03417 -5.96335 64.5322
20.6614 -1.03201 -2.77412 92.7011
39.9279 -0.449212 17.1936 45.1484
62.4295 -2.2149 21.271 73.9887
81.6854 -1.76283 20.7259 102.29
55.8408 -5.99198 13.1552 64.2866
75.0392 -5.77863 12.1906 92.6622
94.2391 -5.87351 9.95432 100.971
50.9029 -8.9617 -8.00929 56.7523
49.2417 -2.33194 -11.6054 48.1941
54.6268 -1.15316 -20.7329 37.4747
52.7945 0.432225 -23.0264 36.2883
49.0985 2.42667 -26.5612 30.2054
56.0684 3.16373 -25.5845 39.8644
54.2472 4.28671 -26.9396 38.0498
55.8813 10.106 -31.8483 54.6571
56.0928 6.01599 -26.7405 43.4026
53.8927 6.81425 -27.6173 40.5661
36.3893 7.48384 -24.6606 43.5158
56.2132 7.97699 -31.3805 27.5069
63.865 7.70857 -32.8193 24.3531
41.4106 8.2544 -31.8672 21.0165
61.1798 8.58552 -38.1661 3.29621
64.9002 8.19113 -37.3968 6.32619
39.305 15.2185 -28.1053 28.6752
59.0168 15.4269 -36.5644 34.3526
54.5807 8.46875 -33.1648 11.2422
52.3242 8.20003 -32.2827 9.93974
48.5575 8.25514 -35.246 29.1919
33.5718 6.73504 -24.2007 -10.2686
53.4842 7.0041 -35.2723 -14.3569
58.5485 5.92763 -36.955 -22.928
29.2482 5.78898 -14.682 -24.4738
49.1102 5.79001 -25.6665 -28.662
68.9923 5.53824 -36.8126 -32.7104
88.854 5.46646 -47.8543 -36.8528
74.0551 0.266541 -35.8835 -23.5146
62.3875 1.1663 -32.9649 -14.2365
82.2702 1.04852 -44.7884 -21.9448
51.2522 2.52055 -34.2039 -28.9913
48.5428 2.56563 -34.8773 -37.0825
68.4954 2.46207 -47.6013 -49.6466
52.2608 1.38269 -35.6935 -49.8402
72.1825 1.14125 -48.3092 -62.4042
56.179 0.0420707 -33.532 -46.019
52.522 0.00516917 -31.3661 -38.1964
72.398 -0.447258 -43.8176 -50.7436
51.7785 -0.66348 -30.78 -42.149
25.9652 -0.0309751 -18.8289 -34.3822
45.899 -0.34709 -32.1554 -54.0369
41.7343 -4.65771 -14.1728 -74.2835
54.4737 -9.30906 -27.1769 -93.8263
60.394 -10.3949 -30.4446 -90.2208
64.9462 -3.14355 -29.1376 -55.9787
56.5725 -7.99365 -29.6849 -57.7323
66.8502 -14.3473 -42.7427 -77.0081
19.1035 -10.9829 -0.893918 -61.9081
38.8704 -12.2993 -13.2524 -81.0532
57.7528 -20.7254 -11.9895 -83.9146
77.5112 -22.1569 -24.7232 -108.705
82.6519 -20.4637 -32.3343 -101.202
70.5203 -14.0701 -35.584 -70.7131
45.207 0.368816 -34.4744 -63.2495
58.294 -4.4565 -47.0877 -87.7615
64.2468 -3.77796 -51.498 -87.4213
75.4974 -9.56819 -64.1591 -111.829
65.4309 0.0616049 -53.8517 -64.6928
61.8849 2.38856 -54.0909 -54.7209
71.389 -4.20816 -66.7149 -79.8278
61.8254 5.00196 -55.8168 -69.1935
60.2065 6.01867 -55.4094 -68.9003
68.9999 -0.695311 -68.1272 -97.6149
61.6892 6.37045 -66.2448 -90.7284
59.903 6.63852 -52.21 -72.16
56.0302 7.07036 -49.5678 -59.1032
66.504 1.01032 -61.9582 -87.4136
66.2745 2.74341 -49.6632 -91.5235
73.2544 -5.10568 -62.1749 -119.475
48.5322 8.70063 -31.0513 -43.6847
57.7009 2.36711 -42.8904 -75.3537
49.5022 -5.72011 -43.061 -96.7132
68.8598 -7.82076 -54.8855 -128.231
35.8763 4.15017 -16.616 -59.2363
55.2137 1.9533 -27.8288 -90.3367
74.5511 -0.243581 -39.0415 -121.437
66.7201 -4.63084 -40.1611 -128.761
86.0318 -7.00473 -29.6599 -100.195
90.053 -15.8457 -40.515 -130.964
90.8305 -16.4718 -41.1926 -128.658
51.8986 5.80479 -39.2997 -86.4023
52.8973 -3.53272 -36.1647 -58.2196
48.9632 -2.22018 -34.0405 -77.9879
31.9688 -6.09953 -18.4508 -42.2722
50.9785 -8.79581 -28.3223 -75.1547
69.9477 -11.7348 -38.5859 -107.901
63.8753 -4.3908 -25.2809 -130.638
33.7965 -6.30059 -14.3958 -62.6116
52.7735 -9.23161 -23.7238 -94.9689
18.6712 -11.8516 -3.19209 -86.7037
34.0112 -11.7782 -7.45933 -83.0605
28.4427 -17.3743 2.95496 -103.405
45.1101 -18.6895 -5.27339 -137.16
63.7009 -21.8675 -9.509 -134.126
71.4326 -24.0571 -12.9326 -141.526
76.0763 -13.8821 -21.0558 -175.025
55.7323 -14.8927 -19.3877 -90.7738
47.4091 -10.2805 -22.9014 -72.4488
41.5453 -6.97173 -21.3098 -66.5971
60.0902 -10.49 -28.9335 -99.5766
23.8112 -8.86928 -2.63032 -103.961
41.9156 -12.3605 -9.41777 -137.882
60.0201 -15.8517 -16.2052 -171.804
45.7539 -13.4186 -16.9355 -97.6585
63.8401 -17.0444 -23.5498 -131.329
59.8676 -14.9077 -27.2375 -101.828
77.9667 -18.6647 -33.8453 -135.347
49.3853 -8.75194 -26.9366 -78.9334
45.4215 -6.82571 -25.4658 -75.6902
63.4559 -10.7628 -31.8271 -108.776
46.0642 -7.27393 -19.3857 -87.6385
44.6475 -7.27437 -17.911 -83.5141
62.1615 -11.0955 -23.4573 -116.988
25.6767 -4.39427 -7.08211 -48.9523
43.1521 -8.49668 -12.472 -81.9985
60.6421 -12.5149 -17.702 -115.067
49.9411 -12.7692 -7.42913 -102.389
45.8548 -11.7126 -9.44143 -86.3383
63.3486 -15.9428 -14.3667 -119.026
42.9317 -11.3887 -8.46307 -80.3938
40.5835 -10.887 -7.92273 -77.1137
57.412 -14.9811 -7.32404 -70.1018
40.5796 -11.6567 -3.75162 -84.2562
38.8723 -11.4241 -3.72962 -79.7844
55.6698 -15.7151 -7.55403 -111.939
39.4462 -12.4901 -1.28147 -82.638
38.084 -12.3739 -1.89418 -77.8313
54.8549 -16.8648 -5.44498 -109.625
39.1748 -13.523 -0.156664 -81.1924
37.9746 -13.1915 -0.848438 -76.812
29.2322 -4.03478 3.40571 -48.5464
45.2611 -8.38187 0.865745 -79.4875
24.6841 -11.3791 3.93425 -50.9189
40.6288 -16.0387 1.28721 -81.651
56.6096 -20.6205 -1.19975 -112.37
45.4945 -18.0646 3.2354 -90.5931
46.8768 -25.0128 1.45314 -121.598
13.7689 -11.5674 19.8517 -51.2644
29.6214 -16.624 17.6592 -81.353
40.653 -21.9893 20.0872 -103.199
45.8471 -23.8081 20.6393 -122.873
34.1519 -8.78246 7.81986 -60.4045
34.8089 -15.1371 3.3402 -87.1301
19.3709 -8.13637 -3.55375 -42.982
34.3943 -13.0466 -4.81116 -71.7744
35.5841 -10.3645 -4.55525 -76.3272
50.6043 -15.3436 -1.07262 -108.131
28.5267 -6.14192 -0.747403 -34.6293
32.6947 -12.2186 -1.84401 -63.0283
47.6734 -17.4043 -2.94168 -91.4269
32.0827 -11.8828 14.3877 -105.692
46.0582 -16.7616 13.7626 -132.706
60.0338 -21.6403 13.1375 -159.72
66.2795 -22.7824 8.08232 -150.471
71.121 -25.5169 2.13227 -141.876
85.0642 -30.5358 1.46944 -168.759
50.6012 -13.0475 -20.3992 -71.2502
41.8188 -8.12048 -19.229 -99.0549
24.1653 -2.91103 -12.1473 -34.0788
38.0767 -8.18094 -12.6685 -60.5759
51.5019 -13.2208 -13.045 -86.3742
25.2355 -24.2069 26.493 -98.2142
37.9321 -29.3683 26.2288 -122.815
16.9345 -13.562 7.49056 -58.4422
23.7512 -18.9036 7.45178 -82.7289
30.2307 -17.1742 6.38772 -91.3706
33.8221 -17.5509 -2.85754 -79.6468
46.3648 -23.1576 -6.96446 -67.9288
40.9644 -21.621 -14.0054 -68.2063
25.7711 -7.488 -16.4499 -36.5974
37.856 -13.0043 -16.6556 -59.898
41.3105 -17.8057 -13.1449 -65.7996
46.1368 -17.9992 -5.84092 -83.836
26.4311 -6.70709 -13.5621 -37.2981
37.6926 -11.9651 -13.6121 -59.1941
48.9739 -17.1459 -13.5532 -81.1297
38.3219 -13.3032 -8.55448 -63.3821
35.7895 -12.1387 -8.92827 -57.6966
32.4685 -10.6336 -3.9604 -52.8659
43.7103 -15.9758 -5.94462 -55.5143
35.2533 -14.6504 -1.5561 -62.2809
31.4482 -13.0404 -2.48313 -54.5794
41.274 -17.7622 -5.6102 -43.6666
26.3061 -11.2718 -1.01094 -46.3885
23.8931 -10.503 -0.41103 -42.5376
11.3258 -8.76835 -0.355384 -38.04
21.0977 -13.666 -1.75977 -42.0939
21.6615 -11.7671 8.22524 -51.6735
31.3865 -16.7818 5.6161 -46.8923
11.9762 -10.7482 7.5506 -41.7779
21.379 -15.6196 7.95296 -60.2108
21.5355 -14.5136 8.62671 -47.3491
29.7287 -18.733 9.17618 -63.5439
14.8702 -9.77736 3.90178 -31.8195
12.2731 -8.08751 2.73303 -26.3239
19.3661 -8.5393 5.84287 -43.3442
13.4662 -9.95689 7.86532 -32.1397
13.5888 -10.4284 8.60046 -32.9502
21.7069 -14.8637 10.1862 -49.3401
14.7612 -11.6129 9.68924 -35.8322
5.14442 -5.61453 5.78601 -14.8133
11.5455 -9.16244 6.37818 -27.6114
6.15253 -6.93464 8.98746 -19.2026
12.5047 -10.5682 9.47673 -31.9961
12.7898 -10.821 10.0558 -32.9191
12.8656 -10.846 9.76383 -32.961
-0.299879 -2.61387 9.05478 -10.5078
6.03757 -6.32967 9.60021 -23.1995
12.375 -10.0455 10.1456 -35.8913
11.947 -11.2453 12.465 -35.799
12.3413 -13.8922 10.8807 -32.0411
16.1374 -13.1474 11.3665 -41.1265
15.308 -12.4033 6.75738 -36.887
3.35983 -6.82197 1.18415 -24.3424
7.82228 -9.53421 -0.931829 -14.2537
6.02116 -4.19326 0.529374 -23.6178
-2.85142 -0.407407 3.49496 -6.15647
1.56365 -3.17227 3.90291 -15.1923
5.97871 -5.93713 4.31087 -24.2281
4.18144 -7.17838 9.68419 -25.3893
8.58187 -9.97438 10.0715 -34.4106
2.36591 -4.37969 7.11925 -13.6073
4.73704 -5.91882 7.35917 -18.6229
7.12521 -7.45296 7.12426 -19.0266
5.07897 -7.96256 8.45407 -24.2984
5.66396 -6.76857 7.90392 -23.2976
3.63239 -4.77698 3.53681 -14.1078
6.0187 -6.34263 2.50226 -8.3561
0.890043 -2.02199 1.22429 -5.88256
0.417312 -1.65867 0.793067 1.9134
0.240813 -1.57524 2.23443 -3.39232
-0.96002 -1.07814 3.92848 -1.53672
-2.94046 0.269285 3.73124 7.93277
-5.12338 1.89831 4.1249 7.35286
-4.92983 1.78462 3.84944 10.2069
-7.20264 2.94874 5.84305 10.6033
-7.37189 2.75122 7.07735 10.1466
-7.18163 2.63687 7.21574 9.44697
-6.94324 1.92239 8.55515 8.01577
-6.59894 1.61622 8.57348 7.11021
-6.2158 1.37225 7.55795 6.56877
-7.94762 2.64448 7.60808 9.69407
-9.43622 4.04285 6.92 13.8273
-11.2196 5.64962 6.10196 18.2526
-13.3311 7.22604 6.27627 20.8858
-13.5593 7.54164 5.83198 23.5322
-7.82111 3.91698 3.72774 14.9115
-9.90423 5.53109 3.87303 18.7002
-10.7515 6.57156 3.28845 21.2751
-12.8059 8.22933 4.02224 25.5683
-8.556 5.0388 4.41579 16.551
-9.05788 5.43945 4.46605 17.6343
-10.9235 -7.44993 -14.35 2.20175
-10.6121 -7.60907 -14.3215 1.37061
-10.0618 -8.09512 -13.8514 -0.576227
-10.0858 -8.06536 -13.853 -0.535342
-9.06094 -7.44825 -12.7797 -1.40453
-8.64861 -4.95271 -10.4911 -1.92211
-8.15972 -3.9382 -9.48074 -1.92768
-7.1065 -3.28019 -8.57861 -1.85148
-7.1065 -3.28019 -7.75238 -2.14901
-6.62681 -1.876 -7.03325 -1.7142
-6.12724 -1.42624 -6.38528 -1.60359
-6.12724 -1.42624 -6.38528 -1.60359
-5.16822 -0.818012 -4.7911 -1.35637
-5.16822 -0.818012 -4.7911 -1.35637
-3.89869 -0.316192 -3.97468 -1.19647
-3.52547 -0.20978 -3.97833 -1.18423
-3.52547 -0.20978 -3.62378 -1.32171
-3.17719 -0.124933 -3.31057 -1.05613
-2.85065 -0.0585235 -3.02641 -0.991997
-2.54716 -0.00481819 -2.76909 -0.931448
-2.26394 0.0351866 -2.53658 -0.874419
-1.31391 0.114714 -1.80835 -0.787546
-1.31391 0.114714 -1.80835 -0.787546
-0.932228 0.130394 -1.5429 -0.600412
-0.931706 0.130034 -1.54408 -0.599656
-0.604557 0.122342 -1.31896 -0.543383
-0.456948 0.11848 -1.22575 -0.509856
-0.456403 0.118095 -1.2263 -0.509503
-0.19332 0.103095 -1.06003 -0.461652
-0.0744694 0.0951202 -0.990954 -0.435158
-0.0744694 0.0951202 -0.990954 -0.435158
0.138613 0.0739178 -0.868178 -0.395313
5.81942 -18.6263 -1.48405 -0.0800305
5.86539 -18.6633 -1.46992 -0.0887656
12.9873 -42.0874 2.24778 -12.261
19.7222 -64.7276 6.91292 -27.4324
25.0667 -84.7978 11.0905 -41.8962
27.4124 -113.957 17.058 -55.4683
31.3637 -115.44 16.3975 -64.1258
32.837 -126.89 17.7717 -72.2115
33.4189 -136.704 18.3345 -78.5722
34.0482 -144.559 18.8013 -83.4249
33.5125 -151.496 18.5504 -87.4547
33.7382 -157.564 18.6191 -90.4713
33.3385 -163.003 18.3142 -92.9585
32.4341 -168.022 17.5256 -96.4613
32.4078 -172.36 17.5638 -96.495
31.2912 -176.382 16.8673 -97.862
31.2912 -176.382 16.7593 -98.8293
30.7351 -183.803 16.3885 -99.6921
28.7713 -191.059 15.071 -101.395
32.6206 -192.017 15.071 -101.395
27.7577 -199.376 14.696 -102.166
26.8 -202.671 14.2033 -102.347
29.124 -203.424 14.2033 -102.347
26.4473 -209.125 14.0106 -102.446
25.6883 -212.7 13.6761 -101.92
25.6883 -212.7 13.6761 -101.92
25.765 -219.051 13.5352 -101.652
25.7085 -222.479 13.4245 -101.179
25.7085 -222.479 13.4245 -101.179
23.1014 -230.271 13.3598 -99.3835
23.1014 -230.271 13.3598 -99.3835
26.3557 -236.969 12.8045 -98.5164
26.3557 -236.969 12.8045 -98.5164
-84.8869 294.309 16.41 -99.5551
-84.8869 294.309 16.41 -99.5551
-84.8869 294.309 16.41 -99.5551
-75.8776 291.217 15.8521 -98.8137
-81.8123 259.882 14.056 -96.7684
-81.341 251.365 12.6504 -95.2988
-81.341 251.365 12.6504 -95.2988
-83.5286 240.442 11.7018 -94.3429
-80.5408 241.809 11.088 -93.5484
-91.2129 223.285 9.4755 -91.0524
-91.2129 223.285 9.4755 -91.0524
-85.2164 199.231 -47.4459 123.69
-81.0636 198.535 -43.0537 120.934
-81.1303 191.886 -39.983 101.904
-81.1303 191.886 -39.983 101.904
-81.1303 191.886 -39.983 101.904
-76.6853 190.151 -37.6935 96.1208
-79.1086 188.805 -38.9132 92.5761
-78.0037 186.666 -33.8873 84.7252
-76.6363 184.974 -31.8887 79.5895
-76.6363 184.974 -31.8887 79.5895
-75.1078 181.141 -28.6283 69.7771
-73.9103 179.811 -26.9469 65.4856
-73.9103 179.811 -26.9469 65.4856
-71.8435 174.757 -22.8133 53.1007
-71.8435 174.757 -22.8133 53.1007
-70.7376 173.475 -21.4428 49.4843
-70.7376 173.475 -21.4428 49.4843
-69.6941 170.383 -19.2075 42.5413
-69.0195 168.966 -18.1431 39.38
-67.6285 165.861 -16.1586 33.3538
-67.6285 165.861 -16.1586 33.3538
-66.9753 164.417 -15.2521 30.5685
-65.7413 161.691 -13.615 25.4806
-65.7413 161.691 -13.615 25.4806
-65.0773 160.123 -12.8536 23.0509
