0.168793 -0.149132 -0.194127 -0.149156
0.168792 -0.149136 -0.194128 -0.14916
0.168792 -0.149136 -0.194128 -0.14916
0.168792 -0.149137 -0.194128 -0.14916
0.168791 -0.149138 -0.194128 -0.149161
0.168803 -0.149177 -0.194142 -0.149222
0.168791 -0.149201 -0.194129 -0.149226
0.16879 -0.149233 -0.194129 -0.149259
0.168809 -0.149277 -0.194155 -0.149345
0.168809 -0.149277 -0.194155 -0.149345
0.168811 -0.149377 -0.194135 -0.1494
0.168811 -0.149379 -0.194166 -0.149464
0.168774 -0.149583 -0.194141 -0.149535
0.168774 -0.149583 -0.194141 -0.149536
0.168744 -0.149948 -0.194165 -0.149886
0.168744 -0.149955 -0.194175 -0.149986
0.168732 -0.150062 -0.194187 -0.150091
0.168679 -0.150263 -0.194195 -0.150208
0.168679 -0.150263 -0.194195 -0.150208
0.168649 -0.150662 -0.194266 -0.150689
0.168649 -0.150662 -0.194266 -0.150689
0.168649 -0.150662 -0.194266 -0.150689
0.168364 -0.152007 -0.194554 -0.152024
0.168365 -0.152007 -0.194543 -0.152025
0.168285 -0.152274 -0.194628 -0.152294
0.168285 -0.152274 -0.194617 -0.152295
0.16825 -0.152396 -0.194645 -0.152437
0.168241 -0.152396 -0.19463 -0.152438
0.168138 -0.152666 -0.194732 -0.152689
0.16804 -0.152921 -0.194832 -0.152942
0.168028 -0.15292 -0.194811 -0.152944
0.167862 -0.15329 -0.194962 -0.153309
0.167849 -0.153289 -0.194962 -0.15331
0.167849 -0.153289 -0.194932 -0.153312
0.167787 -0.153407 -0.194972 -0.153429
0.167679 -0.153634 -0.195091 -0.153651
0.167671 -0.153634 -0.195053 -0.153654
0.167616 -0.153743 -0.195092 -0.153763
0.167513 -0.153952 -0.19517 -0.15397
0.167513 -0.153952 -0.19517 -0.153971
0.167413 -0.154127 -0.195303 -0.15416
0.167419 -0.154128 -0.195303 -0.15416
0.167375 -0.154238 -0.195285 -0.154256
0.167282 -0.15441 -0.195422 -0.154423
0.167293 -0.154411 -0.195359 -0.154428
0.167252 -0.154492 -0.195395 -0.154508
0.16716 -0.154642 -0.195538 -0.154652
0.167173 -0.154643 -0.195538 -0.154652
0.167134 -0.154713 -0.195501 -0.154727
0.167046 -0.154833 -0.19565 -0.154851
0.167006 -0.154898 -0.195684 -0.154908
0.167006 -0.154898 -0.195684 -0.154908
0.166928 -0.155014 -0.195668 -0.155021
0.166944 -0.15501 -0.195668 -0.155021
0.166907 -0.155059 -0.1957 -0.155071
0.166812 -0.155168 -0.195851 -0.155153
0.166835 -0.155151 -0.195762 -0.155161
0.1668 -0.155192 -0.195792 -0.155202
0.166702 -0.155298 -0.195884 -0.155158
0.166702 -0.155298 -0.195884 -0.155158
0.166571 -0.155414 -0.195929 -0.155318
0.166478 -0.1555 -0.196068 -0.155355
0.166509 -0.155457 -0.196032 -0.155457
0.166509 -0.155457 -0.196032 -0.155457
0.16648 -0.155475 -0.196056 -0.155473
0.166424 -0.155514 -0.19605 -0.155421
0.166424 -0.155514 -0.1961 -0.155512
0.166374 -0.155579 -0.19612 -0.155528
0.166375 -0.155549 -0.196138 -0.155546
0.166332 -0.155585 -0.19617 -0.15558
0.166332 -0.155585 -0.19617 -0.15558
0.166287 -0.155654 -0.196234 -0.155497
0.166254 -0.155691 -0.196312 -0.155626
0.166254 -0.155691 -0.196312 -0.155626
0.166265 -0.155662 -0.196213 -0.155654
0.166252 -0.155684 -0.196219 -0.155677
0.166187 -0.155753 -0.196285 -0.155593
0.166191 -0.15585 -0.196293 -0.15569
0.166191 -0.15585 -0.196293 -0.15569
0.166152 -0.155971 -0.196269 -0.155835
0.166152 -0.155971 -0.196269 -0.155835
0.166174 -0.156028 -0.196216 -0.155784
0.166204 -0.156001 -0.196203 -0.155983
0.166173 -0.156056 -0.196282 -0.156036
0.166173 -0.156056 -0.196282 -0.156036
0.166219 -0.15612 -0.196261 -0.1561
0.166219 -0.15612 -0.196172 -0.156108
0.166227 -0.156154 -0.196161 -0.156144
0.166247 -0.156228 -0.196233 -0.156212
0.166247 -0.156228 -0.196133 -0.156221
0.166259 -0.156268 -0.196117 -0.156261
0.166308 -0.156402 -0.196055 -0.156398
0.166308 -0.156402 -0.196055 -0.156398
0.166308 -0.156402 -0.196055 -0.156398
0.166266 -0.156445 -0.195982 -0.156354
0.166347 -0.156501 -0.196007 -0.156494
0.166323 -0.156604 -0.195896 -0.156505
0.166323 -0.156604 -0.195896 -0.156505
0.166419 -0.156667 -0.195921 -0.156663
0.166396 -0.156782 -0.195795 -0.156677
0.166396 -0.156782 -0.195795 -0.156677
0.166505 -0.156853 -0.19582 -0.156849
0.166485 -0.156976 -0.1959 -0.156972
0.166483 -0.15698 -0.195744 -0.156986
0.166604 -0.157057 -0.195705 -0.157054
0.16664 -0.157129 -0.195664 -0.157127
0.166582 -0.157195 -0.195622 -0.157202
0.166713 -0.157277 -0.195579 -0.157275
0.166752 -0.157355 -0.195535 -0.157354
0.166831 -0.157513 -0.195445 -0.157512
0.166831 -0.157513 -0.195445 -0.157512
0.166871 -0.157593 -0.195569 -0.157578
0.167064 -0.15786 -0.19606 -0.15785
0.167064 -0.15786 -0.19606 -0.15785
0.167169 -0.157976 -0.196289 -0.157987
0.167169 -0.157976 -0.196289 -0.157987
0.16721 -0.158225 -0.195034 -0.158258
0.167196 -0.158254 -0.195034 -0.158258
0.167236 -0.158336 -0.194989 -0.158341
0.167317 -0.158508 -0.194899 -0.158511
0.167317 -0.158508 -0.194899 -0.158511
0.167454 -0.158733 -0.194764 -0.158769
0.167438 -0.158763 -0.194764 -0.158769
0.167438 -0.158763 -0.194764 -0.158769
0.167478 -0.158848 -0.194719 -0.158853
0.167478 -0.158848 -0.194719 -0.158853
0.16746 -0.159012 -0.19456 -0.158903
0.167642 -0.159195 -0.194536 -0.159206
0.167642 -0.159195 -0.194536 -0.159206
0.167684 -0.159283 -0.194489 -0.159293
0.167811 -0.159549 -0.194271 -0.159426
0.167811 -0.15955 -0.194346 -0.159559
0.167811 -0.15955 -0.194346 -0.159559
0.167854 -0.159637 -0.194298 -0.159646
0.167939 -0.159818 -0.194201 -0.15983
0.167939 -0.159818 -0.194201 -0.15983
0.167874 -0.159901 -0.194076 -0.159782
0.168402 -0.160738 -0.193767 -0.16066
0.168402 -0.160738 -0.193825 -0.160764
0.168423 -0.160945 -0.193652 -0.160892
0.168479 -0.160986 -0.193593 -0.160994
0.168479 -0.160985 -0.193593 -0.160994
0.168507 -0.161052 -0.193562 -0.161061
0.168564 -0.161186 -0.193499 -0.1612
0.168564 -0.161186 -0.193499 -0.1612
0.168563 -0.161283 -0.193497 -0.161232
0.168547 -0.161314 -0.193383 -0.16124
0.168648 -0.161384 -0.193405 -0.161401
0.168677 -0.161452 -0.193372 -0.161471
0.168736 -0.16159 -0.193304 -0.161607
0.168736 -0.161589 -0.193304 -0.161607
0.168837 -0.161788 -0.19328 -0.161694
0.168829 -0.161804 -0.193196 -0.161821
0.168829 -0.161804 -0.193196 -0.161821
0.168861 -0.161876 -0.193159 -0.161891
0.168833 -0.162024 -0.19308 -0.162044
0.168833 -0.162024 -0.19308 -0.162044
0.168962 -0.162108 -0.19304 -0.162121
0.168931 -0.162265 -0.192954 -0.162283
0.169034 -0.162272 -0.192954 -0.162283
0.169076 -0.162346 -0.193017 -0.162208
0.169225 -0.162704 -0.192725 -0.162706
0.169225 -0.162704 -0.192725 -0.162706
0.169199 -0.162855 -0.192744 -0.162717
0.169191 -0.162871 -0.192744 -0.162717
0.169468 -0.16322 -0.19245 -0.16324
0.169458 -0.163235 -0.19245 -0.16324
0.169495 -0.163329 -0.192406 -0.163328
0.169478 -0.163473 -0.192416 -0.163355
0.169572 -0.163507 -0.192316 -0.163512
0.169624 -0.163569 -0.192272 -0.163601
0.169648 -0.163691 -0.192227 -0.163695
0.169726 -0.163878 -0.192136 -0.163882
0.169726 -0.163878 -0.192136 -0.163882
0.169715 -0.164025 -0.192142 -0.163915
0.169715 -0.164025 -0.192142 -0.163915
0.169847 -0.164166 -0.191998 -0.164169
0.169993 -0.164425 -0.191767 -0.164318
0.169973 -0.164466 -0.191767 -0.164318
0.169973 -0.164466 -0.191767 -0.164318
0.170103 -0.164768 -0.191705 -0.164765
0.170076 -0.164968 -0.191701 -0.164817
0.170191 -0.164974 -0.191605 -0.164976
0.170236 -0.165077 -0.191555 -0.165078
0.170307 -0.16513 -0.191601 -0.165024
0.170328 -0.165288 -0.191549 -0.165131
0.170501 -0.16556 -0.191388 -0.165451
0.170501 -0.16556 -0.191388 -0.165451
0.170501 -0.16556 -0.191388 -0.165451
0.170778 -0.166253 -0.190952 -0.166243
0.170828 -0.166354 -0.190898 -0.166351
0.170828 -0.166354 -0.190898 -0.166351
0.17085 -0.166482 -0.190713 -0.166429
0.170964 -0.166488 -0.190713 -0.166429
0.170981 -0.166662 -0.190733 -0.166665
0.171004 -0.166798 -0.19054 -0.166744
0.171123 -0.166805 -0.19054 -0.166744
0.171145 -0.166977 -0.190556 -0.166981
0.171202 -0.167086 -0.190494 -0.167091
0.171225 -0.167233 -0.190286 -0.167167
0.171353 -0.167239 -0.190286 -0.167167
0.171382 -0.167415 -0.190299 -0.167417
0.171405 -0.16757 -0.190271 -0.167485
0.171543 -0.167576 -0.190271 -0.167485
0.171576 -0.167758 -0.190089 -0.167759
0.171644 -0.167876 -0.190015 -0.167878
0.171667 -0.168043 -0.189985 -0.167945
0.171817 -0.168049 -0.189985 -0.167945
0.171856 -0.168238 -0.189783 -0.168237
0.171931 -0.168363 -0.189703 -0.168362
0.171926 -0.168608 -0.189761 -0.168601
0.172196 -0.168669 -0.189583 -0.168559
0.172196 -0.168669 -0.189583 -0.168559
0.172444 -0.169283 -0.189145 -0.1692
0.172444 -0.169283 -0.189145 -0.1692
0.172801 -0.16974 -0.188769 -0.169737
0.172801 -0.16974 -0.188769 -0.169737
0.172777 -0.169766 -0.188793 -0.169709
0.172925 -0.169772 -0.188793 -0.169709
0.172963 -0.169982 -0.188598 -0.169977
0.173023 -0.17013 -0.188535 -0.170078
0.173175 -0.170136 -0.188535 -0.170078
0.173348 -0.170381 -0.188243 -0.170476
0.173348 -0.170381 -0.188243 -0.170476
0.17339 -0.170601 -0.188151 -0.170599
0.173455 -0.170754 -0.188082 -0.170699
0.173455 -0.170754 -0.188082 -0.170699
0.17371 -0.170888 -0.187863 -0.170981
0.173832 -0.171274 -0.187687 -0.171217
0.173832 -0.171274 -0.187687 -0.171217
0.173832 -0.171274 -0.187687 -0.171217
0.174299 -0.171664 -0.187168 -0.171618
0.174249 -0.171769 -0.187168 -0.171618
0.174249 -0.171769 -0.187168 -0.171618
0.17435 -0.171904 -0.187148 -0.1719
0.17461 -0.172068 -0.186848 -0.172025
0.174558 -0.172178 -0.186848 -0.172025
0.174664 -0.172316 -0.186822 -0.172312
0.174809 -0.172739 -0.186927 -0.172724
0.174809 -0.172739 -0.186927 -0.172724
0.175207 -0.17304 -0.186258 -0.173004
0.175439 -0.17332 -0.186102 -0.173441
0.175564 -0.173452 -0.185892 -0.173446
0.175564 -0.173452 -0.185892 -0.173446
0.175796 -0.173735 -0.185573 -0.173586
0.175796 -0.173735 -0.185654 -0.173731
0.175908 -0.173884 -0.18554 -0.17387
0.176032 -0.174026 -0.185413 -0.174022
0.176153 -0.174168 -0.18529 -0.174165
0.176398 -0.174465 -0.185039 -0.174462
0.176398 -0.174465 -0.185039 -0.174462
0.176523 -0.174612 -0.184912 -0.174608
0.176777 -0.174913 -0.184868 -0.174905
0.176777 -0.174914 -0.184654 -0.174909
0.176904 -0.175067 -0.184609 -0.175213
0.176904 -0.175066 -0.18439 -0.175216
0.177167 -0.175374 -0.184256 -0.175369
0.177301 -0.175532 -0.184121 -0.175526
0.177301 -0.175532 -0.184121 -0.175526
0.177572 -0.175847 -0.183982 -0.175688
0.177988 -0.176331 -0.183424 -0.176324
0.177988 -0.176331 -0.183424 -0.176324
0.178129 -0.176489 -0.183415 -0.176333
0.178129 -0.176489 -0.183282 -0.176483
0.17827 -0.176653 -0.18314 -0.176645
0.178558 -0.176987 -0.183068 -0.176978
0.178558 -0.176987 -0.183068 -0.176978
0.178704 -0.177151 -0.182703 -0.177145
0.178852 -0.177322 -0.182555 -0.177315
0.179171 -0.177646 -0.182235 -0.177675
0.179303 -0.177835 -0.182103 -0.177827
0.179455 -0.178003 -0.181951 -0.177997
0.179608 -0.178178 -0.181798 -0.178172
0.179608 -0.178178 -0.181798 -0.178172
0.179788 -0.178323 -0.181619 -0.17837
0.179788 -0.178323 -0.181619 -0.17837
0.180075 -0.178703 -0.181334 -0.178698
0.180233 -0.178884 -0.181176 -0.178878
0.180878 -0.179596 -0.180537 -0.179593
0.180918 -0.179556 -0.180497 -0.179634
0.180822 -0.179772 -0.180571 -0.17977
0.1812 -0.179948 -0.18022 -0.179948
0.181408 -0.180083 -0.180015 -0.180174
0.181307 -0.180312 -0.180088 -0.180308
0.181689 -0.180483 -0.17974 -0.180483
0.182287 -0.180782 -0.179366 -0.180891
0.182287 -0.180782 -0.179366 -0.180891
0.183049 -0.181228 -0.178815 -0.181482
0.183049 -0.181228 -0.178815 -0.181482
0.182843 -0.181697 -0.178615 -0.181709
0.18307 -0.181809 -0.178394 -0.181939
0.183276 -0.181803 -0.178394 -0.181939
0.183334 -0.182203 -0.17814 -0.182214
0.183499 -0.182374 -0.177981 -0.182384
0.184599 -0.18313 -0.176968 -0.18328
0.184599 -0.18313 -0.176968 -0.18328
0.184822 -0.183673 -0.176705 -0.183688
0.185145 -0.183977 -0.176396 -0.183994
0.185145 -0.183977 -0.176396 -0.183994
0.18538 -0.184049 -0.176168 -0.184214
0.18554 -0.184199 -0.176015 -0.184364
0.18554 -0.184199 -0.176015 -0.184364
0.185758 -0.184713 -0.175598 -0.184648
0.185758 -0.184713 -0.175598 -0.184648
0.186099 -0.184849 -0.175485 -0.184867
0.186415 -0.185133 -0.175183 -0.185151
0.186415 -0.185133 -0.175183 -0.185151
0.186733 -0.185423 -0.174837 -0.185357
0.186733 -0.185423 -0.174878 -0.185437
0.186893 -0.185569 -0.174725 -0.185582
0.187022 -0.185883 -0.174502 -0.185795
0.187217 -0.185874 -0.17455 -0.185887
0.18738 -0.186024 -0.174258 -0.186033
0.187448 -0.185954 -0.17419 -0.186096
0.187878 -0.186502 -0.173779 -0.186507
0.187878 -0.186502 -0.173779 -0.186507
0.188046 -0.186666 -0.173618 -0.18667
0.188288 -0.186764 -0.173234 -0.186898
0.188499 -0.186753 -0.173291 -0.187009
0.188559 -0.187182 -0.173126 -0.187181
0.188733 -0.187363 -0.17296 -0.187359
0.189084 -0.187728 -0.172625 -0.187723
0.189084 -0.187728 -0.172625 -0.187723
0.189261 -0.187915 -0.172456 -0.18791
0.189751 -0.188006 -0.172114 -0.188297
0.189751 -0.188006 -0.172114 -0.188297
0.189802 -0.188502 -0.171942 -0.188494
0.189985 -0.188707 -0.17177 -0.188695
0.190495 -0.188793 -0.171421 -0.189109
0.190495 -0.188793 -0.171421 -0.189109
0.190542 -0.18933 -0.171245 -0.189321
0.191112 -0.189991 -0.170712 -0.18998
0.191304 -0.190211 -0.170533 -0.190203
0.191628 -0.190297 -0.170118 -0.190539
0.191689 -0.190656 -0.170176 -0.190655
0.191882 -0.190883 -0.169997 -0.190883
0.192218 -0.190973 -0.169676 -0.19124
0.192441 -0.190957 -0.169639 -0.191346
0.192466 -0.19158 -0.16946 -0.191578
0.192815 -0.191664 -0.169127 -0.191949
0.193037 -0.191648 -0.169099 -0.192053
0.193058 -0.192294 -0.168918 -0.192291
0.19342 -0.192374 -0.168573 -0.192675
0.19342 -0.192374 -0.1685 -0.19267
0.193659 -0.193025 -0.168318 -0.192917
0.194032 -0.193092 -0.16795 -0.19341
0.194032 -0.193092 -0.16795 -0.19341
0.194416 -0.193165 -0.167639 -0.19392
0.194416 -0.193165 -0.167639 -0.19392
0.195095 -0.194779 -0.167071 -0.19478
0.195285 -0.194587 -0.166881 -0.194943
0.195081 -0.195052 -0.166837 -0.19494
0.195304 -0.195034 -0.166884 -0.195036
0.195512 -0.195284 -0.166696 -0.195291
0.195711 -0.195836 -0.16627 -0.195716
0.195937 -0.195817 -0.166316 -0.195812
0.195925 -0.196098 -0.166161 -0.196077
0.19613 -0.19589 -0.16592 -0.196246
0.197892 -0.198175 -0.164573 -0.198192
0.198109 -0.197956 -0.164356 -0.198371
0.198109 -0.197956 -0.164343 -0.198369
0.198519 -0.198934 -0.163997 -0.198951
0.198519 -0.198934 -0.163997 -0.198951
0.198952 -0.198962 -0.163588 -0.199378
0.198736 -0.199446 -0.163615 -0.199446
0.199164 -0.199668 -0.163426 -0.199688
0.199601 -0.199694 -0.163013 -0.20011
0.199381 -0.200184 -0.163046 -0.200172
0.199808 -0.200399 -0.162857 -0.200412
0.200252 -0.200414 -0.162438 -0.200837
0.200028 -0.200911 -0.162478 -0.200893
0.200453 -0.201125 -0.162289 -0.201133
0.200909 -0.201132 -0.16186 -0.201566
0.200887 -0.201617 -0.161909 -0.201617
0.201104 -0.201855 -0.161719 -0.201859
0.201323 -0.202105 -0.161528 -0.202104
0.201559 -0.202618 -0.161126 -0.202554
0.201763 -0.202595 -0.161145 -0.202596
0.201984 -0.202843 -0.160953 -0.202844
0.202455 -0.202556 -0.160709 -0.203089
0.202226 -0.203372 -0.160549 -0.203308
0.203335 -0.204363 -0.159785 -0.204372
0.203335 -0.204363 -0.159785 -0.204372
0.203562 -0.204619 -0.159589 -0.204629
0.204058 -0.204308 -0.159304 -0.20485
0.204543 -0.205107 -0.158705 -0.20563
0.204543 -0.205107 -0.158798 -0.205666
0.204543 -0.205107 -0.158798 -0.205666
0.204715 -0.205915 -0.158599 -0.205926
0.205254 -0.205886 -0.158094 -0.20642
0.205254 -0.205886 -0.158094 -0.20642
0.205657 -0.207001 -0.157796 -0.206988
0.205657 -0.207001 -0.157796 -0.206988
0.205895 -0.207269 -0.157594 -0.207261
0.206136 -0.207552 -0.157391 -0.207538
0.206405 -0.208143 -0.156982 -0.208101
0.20662 -0.208115 -0.156982 -0.208101
0.207176 -0.20774 -0.156634 -0.208361
0.207608 -0.209279 -0.156154 -0.209268
0.207608 -0.209279 -0.156154 -0.209268
0.207608 -0.209279 -0.156154 -0.209268
0.208362 -0.210169 -0.155524 -0.210173
0.208362 -0.210169 -0.155524 -0.210173
0.208748 -0.209785 -0.155138 -0.21046
0.208748 -0.209785 -0.155138 -0.21046
0.208875 -0.210801 -0.155099 -0.210791
0.209134 -0.211128 -0.154885 -0.211104
0.209772 -0.210683 -0.15467 -0.211424
0.211556 -0.211837 -0.152925 -0.213371
0.21116 -0.21264 -0.152925 -0.213371
0.212354 -0.213213 -0.152265 -0.214706
0.212354 -0.213213 -0.152265 -0.214706
0.212643 -0.215943 -0.151377 -0.215961
0.212646 -0.215977 -0.151551 -0.216007
0.212793 -0.216281 -0.151323 -0.216316
0.213183 -0.215905 -0.151095 -0.216619
0.213105 -0.216895 -0.150866 -0.216921
0.213285 -0.217202 -0.150639 -0.217217
0.213675 -0.216812 -0.150248 -0.217483
0.21389 -0.217112 -0.150185 -0.217804
0.213973 -0.21809 -0.14996 -0.218093
0.214775 -0.218958 -0.14909 -0.21896
0.214776 -0.21896 -0.14909 -0.21896
0.214776 -0.21896 -0.149295 -0.218958
0.215041 -0.219234 -0.149076 -0.219244
0.215762 -0.219085 -0.148403 -0.219835
0.215762 -0.219085 -0.148642 -0.219813
0.215837 -0.220109 -0.148428 -0.2201
0.216596 -0.219917 -0.14772 -0.220718
0.216596 -0.219917 -0.14772 -0.220718
0.216632 -0.220989 -0.147792 -0.220972
0.216899 -0.221296 -0.147581 -0.221267
0.217712 -0.221059 -0.146824 -0.221929
0.217712 -0.221059 -0.146824 -0.221929
0.218196 -0.221311 -0.146604 -0.222242
0.218299 -0.223182 -0.145957 -0.223179
0.218299 -0.223182 -0.145957 -0.223179
0.218299 -0.223182 -0.145957 -0.223179
0.219316 -0.222544 -0.146092 -0.223449
0.219081 -0.223799 -0.145873 -0.223777
0.219364 -0.22415 -0.145655 -0.224104
0.22029 -0.22386 -0.144794 -0.224853
0.220525 -0.223818 -0.145216 -0.224795
0.220224 -0.225191 -0.144995 -0.225151
0.221455 -0.224832 -0.144548 -0.225884
0.220814 -0.225936 -0.144548 -0.225883
0.222565 -0.224859 -0.142861 -0.22718
0.222565 -0.224859 -0.142861 -0.22718
0.222565 -0.224859 -0.142861 -0.22718
0.222046 -0.227939 -0.143394 -0.227846
0.222046 -0.227939 -0.143394 -0.227846
0.223625 -0.229543 -0.142425 -0.229534
0.223952 -0.229953 -0.14223 -0.230123
0.224281 -0.230364 -0.141924 -0.230402
0.225739 -0.229976 -0.141466 -0.231407
0.224948 -0.231238 -0.141415 -0.23126
0.225273 -0.231656 -0.14116 -0.231694
0.225609 -0.232099 -0.140904 -0.232122
0.226384 -0.231338 -0.140693 -0.232696
0.226726 -0.231775 -0.140435 -0.233134
0.227231 -0.23471 -0.139395 -0.23487
0.227231 -0.23471 -0.139395 -0.23487
0.228235 -0.233926 -0.138533 -0.235054
0.228651 -0.235688 -0.137563 -0.236842
0.229377 -0.234991 -0.136763 -0.237041
0.228078 -0.237556 -0.137496 -0.237648
0.228142 -0.237986 -0.137226 -0.238042
0.228847 -0.237818 -0.136244 -0.238831
0.228848 -0.237823 -0.136206 -0.238723
0.228425 -0.2392 -0.136417 -0.23921
0.22862 -0.239599 -0.136149 -0.239588
0.229657 -0.239251 -0.135122 -0.240389
0.229657 -0.239251 -0.135073 -0.240241
0.229581 -0.240735 -0.135353 -0.240731
0.229922 -0.241129 -0.135095 -0.241101
0.231097 -0.240706 -0.134009 -0.241937
0.230598 -0.241868 -0.134592 -0.241851
0.230934 -0.242236 -0.134339 -0.242223
0.231274 -0.242631 -0.13409 -0.242589
0.231517 -0.243461 -0.133601 -0.24334
0.231948 -0.243373 -0.133601 -0.24334
0.232629 -0.244148 -0.132274 -0.243911
0.232629 -0.244148 -0.132274 -0.243911
0.232969 -0.244515 -0.132862 -0.244477
0.233309 -0.244871 -0.132615 -0.244866
0.234714 -0.244272 -0.131309 -0.245808
0.234714 -0.244272 -0.131309 -0.245808
0.23434 -0.246053 -0.131887 -0.246031
0.235387 -0.247276 -0.130248 -0.247437
0.235387 -0.247276 -0.131287 -0.247663
0.235212 -0.247769 -0.131164 -0.248492
0.235212 -0.247769 -0.130918 -0.247665
0.236093 -0.248088 -0.130674 -0.248076
0.236455 -0.248543 -0.13043 -0.248493
0.237179 -0.249395 -0.129937 -0.249373
0.237179 -0.249395 -0.129937 -0.249373
0.237546 -0.249828 -0.129688 -0.249819
0.239235 -0.249033 -0.127985 -0.250456
0.239235 -0.249033 -0.127985 -0.250457
0.244243 -0.247011 -0.125025 -0.253134
0.245459 -0.245796 -0.123773 -0.253741
0.239643 -0.252505 -0.123773 -0.253741
0.240986 -0.251461 -0.127427 -0.254256
0.239879 -0.252816 -0.127319 -0.253866
0.239944 -0.253052 -0.12703 -0.254307
0.24112 -0.252176 -0.125603 -0.255299
0.240005 -0.253437 -0.12647 -0.255174
0.24111 -0.252568 -0.125091 -0.256131
0.239838 -0.25386 -0.125915 -0.256033
0.239982 -0.253992 -0.125635 -0.256449
0.241026 -0.253125 -0.124264 -0.257379
0.240964 -0.253267 -0.123997 -0.25778
0.240964 -0.253267 -0.123997 -0.25778
0.239817 -0.254329 -0.124249 -0.25847
0.239817 -0.254329 -0.124249 -0.25847
0.239835 -0.254238 -0.123991 -0.258856
0.24151 -0.252078 -0.121611 -0.261541
0.240799 -0.252627 -0.122358 -0.261449
0.241105 -0.252229 -0.122101 -0.261806
0.242054 -0.251306 -0.121038 -0.261992
0.24182 -0.251409 -0.121581 -0.26252
0.242218 -0.250996 -0.121322 -0.262868
0.243076 -0.250134 -0.120819 -0.263559
0.243076 -0.250134 -0.120819 -0.263559
0.244514 -0.248678 -0.120068 -0.264591
0.245426 -0.247771 -0.119095 -0.265025
0.245997 -0.247265 -0.119581 -0.26527
0.246085 -0.247144 -0.119342 -0.265594
0.247541 -0.245708 -0.118039 -0.266058
0.247657 -0.245675 -0.11889 -0.266241
0.247717 -0.245562 -0.118664 -0.266564
0.248272 -0.245003 -0.118465 -0.266876
0.249811 -0.243469 -0.118117 -0.267498
0.249399 -0.243856 -0.118117 -0.267498
0.249975 -0.243251 -0.117931 -0.267804
0.251138 -0.242051 -0.117619 -0.268403
0.251138 -0.242051 -0.117619 -0.268403
0.251731 -0.241425 -0.117458 -0.268699
0.252926 -0.240151 -0.117197 -0.269278
0.252926 -0.240151 -0.117197 -0.269278
0.253537 -0.239478 -0.11706 -0.269564
0.255732 -0.237065 -0.115784 -0.270585
0.255732 -0.237065 -0.116783 -0.270399
0.255404 -0.237384 -0.116784 -0.270398
0.256051 -0.236635 -0.116643 -0.270679
0.257358 -0.235147 -0.116477 -0.271212
0.257358 -0.235147 -0.116477 -0.271212
0.258025 -0.234371 -0.116406 -0.271484
0.259678 -0.232479 -0.115213 -0.272228
0.259385 -0.232757 -0.1151 -0.271774
0.260797 -0.231058 -0.116173 -0.272537
0.261523 -0.230183 -0.116072 -0.272799
0.261523 -0.230183 -0.116072 -0.272799
0.262264 -0.229288 -0.115943 -0.273067
0.263775 -0.227457 -0.115729 -0.273581
0.263775 -0.227457 -0.115729 -0.273581
0.26553 -0.225353 -0.114457 -0.274326
0.26553 -0.225353 -0.114456 -0.274328
0.266165 -0.224338 -0.115464 -0.274349
0.267963 -0.22207 -0.114227 -0.275087
0.267882 -0.222097 -0.115331 -0.274855
0.269731 -0.219781 -0.114051 -0.275602
0.269731 -0.219781 -0.114051 -0.275602
0.270634 -0.218613 -0.115213 -0.276052
0.271587 -0.217417 -0.115035 -0.275865
0.273543 -0.214984 -0.114894 -0.276382
0.27448 -0.213777 -0.113573 -0.276446
0.27448 -0.213777 -0.113573 -0.276446
0.276561 -0.21126 -0.114701 -0.277174
0.27656 -0.211258 -0.114701 -0.277174
0.277577 -0.209999 -0.114644 -0.277431
0.280631 -0.206153 -0.114502 -0.278225
0.280632 -0.206152 -0.114502 -0.278226
0.28063 -0.20615 -0.114502 -0.278226
0.291556 -0.192188 -0.114072 -0.281597
0.291547 -0.192179 -0.114072 -0.281597
0.291547 -0.192179 -0.114072 -0.281597
0.294474 -0.188132 -0.112345 -0.282967
0.294461 -0.188119 -0.112345 -0.282967
0.294461 -0.188119 -0.112345 -0.282967
0.295852 -0.186753 -0.113741 -0.283459
0.297119 -0.184906 -0.112879 -0.284144
0.297119 -0.184906 -0.112866 -0.284156
0.297981 -0.183773 -0.113561 -0.284605
0.299179 -0.181878 -0.112671 -0.285326
0.299179 -0.181878 -0.113598 -0.285417
0.299823 -0.180813 -0.113639 -0.285748
0.300998 -0.178834 -0.112811 -0.286488
0.300998 -0.178834 -0.112811 -0.286488
0.301538 -0.177773 -0.114055 -0.286864
0.302717 -0.17569 -0.113262 -0.287609
0.302717 -0.17569 -0.113262 -0.287609
0.30336 -0.174492 -0.114673 -0.287945
0.303869 -0.173421 -0.114908 -0.288296
0.304484 -0.172263 -0.115169 -0.288644
0.305826 -0.169827 -0.114424 -0.289395
0.305776 -0.169863 -0.115744 -0.289333
0.306453 -0.168636 -0.116017 -0.289679
0.30715 -0.167368 -0.116304 -0.290013
0.308458 -0.164969 -0.115537 -0.290763
0.308605 -0.164744 -0.116866 -0.29068
0.311764 -0.159144 -0.117975 -0.29199
0.311764 -0.159144 -0.117975 -0.29199
0.312975 -0.156736 -0.117124 -0.292731
0.313143 -0.156613 -0.117124 -0.292731
0.314294 -0.154781 -0.11848 -0.292968
0.315697 -0.152129 -0.117607 -0.293704
0.315697 -0.152129 -0.117607 -0.293704
0.316885 -0.150173 -0.119068 -0.293913
0.317761 -0.148583 -0.11929 -0.29422
0.318303 -0.147408 -0.11821 -0.294652
0.319536 -0.145322 -0.119766 -0.294829
0.321479 -0.141268 -0.117836 -0.295994
0.322253 -0.140282 -0.12042 -0.295731
0.322253 -0.140282 -0.12042 -0.295731
0.323167 -0.138611 -0.120531 -0.296036
0.32571 -0.133672 -0.119725 -0.297
0.32571 -0.133672 -0.119725 -0.297
0.32571 -0.133672 -0.119725 -0.297
0.328436 -0.128308 -0.121481 -0.29779
0.328436 -0.128308 -0.121481 -0.29779
0.328436 -0.128308 -0.121481 -0.29779
0.330075 -0.125021 -0.121715 -0.29835
0.330406 -0.1242 -0.121715 -0.29835
0.331296 -0.122304 -0.121897 -0.298631
0.33218 -0.12035 -0.122147 -0.298903
0.334565 -0.114668 -0.12293 -0.299719
0.334565 -0.114668 -0.12293 -0.299719
0.334565 -0.114668 -0.12293 -0.299719
0.337913 -0.107068 -0.122223 -0.30101
0.337913 -0.107068 -0.122223 -0.30101
0.340077 -0.102188 -0.123815 -0.301364
0.340077 -0.102188 -0.123815 -0.301364
0.341605 -0.098488 -0.122799 -0.302117
0.341745 -0.0980277 -0.124124 -0.301921
0.343194 -0.0943116 -0.123103 -0.302679
0.343347 -0.0937896 -0.124455 -0.302467
0.34413 -0.0916503 -0.124627 -0.302747
0.345529 -0.0878133 -0.123605 -0.303508
0.345659 -0.0873105 -0.123635 -0.303556
0.346416 -0.0851364 -0.125172 -0.303587
0.347602 -0.0809943 -0.125559 -0.304154
0.347878 -0.0806943 -0.125559 -0.304154
0.348904 -0.0770808 -0.125907 -0.304645
0.348904 -0.0770808 -0.125907 -0.304645
0.349995 -0.073934 -0.126175 -0.305027
0.351071 -0.0696335 -0.12661 -0.305615
0.351071 -0.0696335 -0.12661 -0.305615
0.352011 -0.0670048 -0.126834 -0.305923
0.353296 -0.062302 -0.127298 -0.306535
0.353295 -0.0623016 -0.127298 -0.306535
0.354153 -0.0585679 -0.127648 -0.307006
0.354446 -0.058199 -0.127777 -0.307174
0.35535 -0.0538316 -0.126849 -0.307985
0.35535 -0.0538316 -0.128129 -0.307638
0.355998 -0.0508268 -0.127281 -0.308515
0.357925 -0.0431996 -0.129347 -0.309206
0.357925 -0.0431996 -0.129347 -0.309206
0.358074 -0.0418755 -0.128424 -0.30993
0.358462 -0.0408445 -0.128424 -0.30993
0.35897 -0.038501 -0.129905 -0.309932
0.360297 -0.0313032 -0.129635 -0.31143
0.360293 -0.0313016 -0.130781 -0.311059
0.360293 -0.0313016 -0.130781 -0.311059
0.361127 -0.0265925 -0.129981 -0.311911
0.361125 -0.0265912 -0.131109 -0.311534
0.361211 -0.0253028 -0.130287 -0.312306
0.361837 -0.0218341 -0.132026 -0.312656
0.362464 -0.0170367 -0.13269 -0.313488
0.362464 -0.0170367 -0.13269 -0.313488
0.363087 -0.010978 -0.13227 -0.314817
0.363324 -0.00989461 -0.132281 -0.314812
0.363323 -0.00989396 -0.133734 -0.314794
0.363835 -0.0052041 -0.13446 -0.315702
0.363835 -0.0052041 -0.13446 -0.315702
0.364094 -0.00350137 -0.133793 -0.316572
0.364258 0.000708117 -0.134143 -0.317088
0.364422 0.00184046 -0.135597 -0.317112
0.364577 0.00419524 -0.135988 -0.317598
0.364845 0.0089031 -0.136788 -0.31859
0.364845 0.0089031 -0.136788 -0.31859
0.36506 0.0135857 -0.13667 -0.320019
0.36506 0.0135857 -0.13667 -0.320019
0.365285 0.0175307 -0.137546 -0.321071
0.365221 0.0187157 -0.136514 -0.321508
0.365251 0.020599 -0.138895 -0.321206
0.365297 0.0229099 -0.139335 -0.321751
0.365424 0.0268366 -0.140236 -0.322862
0.365315 0.0275477 -0.140236 -0.322862
0.365214 0.0309812 -0.139695 -0.323858
0.365278 0.0321496 -0.141161 -0.324005
0.365171 0.0367322 -0.142112 -0.32518
0.365053 0.0378401 -0.141135 -0.325601
0.365244 0.0382919 -0.142596 -0.325776
0.365033 0.0412525 -0.142337 -0.326746
0.364786 0.0446005 -0.14262 -0.327419
0.364786 0.0446005 -0.143366 -0.327988
0.364654 0.0480077 -0.144605 -0.328256
0.364356 0.0513102 -0.144154 -0.329318
0.364356 0.0513102 -0.144154 -0.329318
0.36415 0.0546763 -0.146195 -0.330197
0.363783 0.0579275 -0.145796 -0.33128
0.363783 0.0579275 -0.145796 -0.33128
0.363519 0.0612579 -0.147234 -0.33255
0.363248 0.064886 -0.147486 -0.333326
0.363248 0.064886 -0.148051 -0.33302
0.362795 0.0677048 -0.14955 -0.334328
0.362512 0.0698373 -0.150133 -0.33505
0.361916 0.0740663 -0.151317 -0.336506
0.361916 0.0740663 -0.151317 -0.336506
0.361327 0.0781911 -0.152519 -0.337988
0.361327 0.0781911 -0.152519 -0.337988
0.36101 0.0802269 -0.153128 -0.338751
0.3603 0.0842746 -0.154367 -0.340302
0.3603 0.0842746 -0.154367 -0.340302
0.359748 0.0870909 -0.15422 -0.341433
0.35946 0.0878165 -0.154535 -0.341249
0.3592 0.0901727 -0.156262 -0.342679
0.358054 0.0958633 -0.158201 -0.345116
0.358054 0.0958633 -0.158201 -0.345116
0.358054 0.0958633 -0.158201 -0.345116
0.357292 0.0994888 -0.158343 -0.346148
0.357292 0.0994888 -0.158343 -0.346148
0.356024 0.104773 -0.161517 -0.349316
0.356024 0.104773 -0.161517 -0.349316
0.356024 0.104773 -0.161517 -0.349316
0.356024 0.104773 -0.161517 -0.349316
0.355008 0.108763 -0.162236 -0.351347
0.355008 0.108763 -0.163557 -0.351913
0.354395 0.111298 -0.164249 -0.352816
0.353679 0.113501 -0.164373 -0.353998
0.353679 0.113501 -0.16569 -0.354622
0.352815 0.116107 -0.16637 -0.355554
0.35075 0.122616 -0.16878 -0.359516
0.350441 0.123164 -0.16878 -0.359516
0.350109 0.124905 -0.170727 -0.361171
0.349531 0.126667 -0.171027 -0.362343
0.34958 0.126982 -0.171027 -0.362343
0.348809 0.128837 -0.172947 -0.364057
0.347881 0.13102 -0.17444 -0.36601
0.347923 0.131316 -0.17444 -0.36601
0.34737 0.132832 -0.174848 -0.367149
0.347369 0.132832 -0.174848 -0.367149
0.346595 0.13482 -0.176699 -0.368972
0.345636 0.136811 -0.17871 -0.370664
0.345635 0.136811 -0.17871 -0.370664
0.345227 0.138106 -0.178987 -0.371987
0.344332 0.14017 -0.180525 -0.374021
0.344329 0.140171 -0.180525 -0.374021
0.343905 0.141157 -0.181297 -0.37504
0.343876 0.14152 -0.180502 -0.375547
0.342225 0.144816 -0.185167 -0.378718
0.34222 0.144817 -0.185167 -0.378718
0.34222 0.144817 -0.184418 -0.379226
0.341858 0.145632 -0.185207 -0.380259
0.341858 0.145632 -0.184345 -0.380839
0.341063 0.147194 -0.18679 -0.382442
0.340219 0.148484 -0.189361 -0.384009
0.340219 0.148484 -0.189361 -0.384009
0.339859 0.14931 -0.189211 -0.385759
0.339104 0.150562 -0.191912 -0.387304
0.339104 0.150562 -0.191912 -0.387304
0.338766 0.151132 -0.191672 -0.389171
0.338864 0.151088 -0.19191 -0.389055
0.337786 0.152651 -0.194171 -0.392666
0.337786 0.152651 -0.194171 -0.392666
0.337232 0.153305 -0.197204 -0.39417
0.337243 0.153459 -0.195856 -0.395083
0.3374 0.153259 -0.194853 -0.395823
0.336361 0.15445 -0.198427 -0.398799
0.336361 0.15445 -0.198427 -0.398799
0.335875 0.154931 -0.200163 -0.401307
0.335875 0.154931 -0.200163 -0.401307
0.33565 0.155119 -0.201037 -0.402611
0.335178 0.155394 -0.202809 -0.405271
0.335178 0.155394 -0.202809 -0.405271
0.334541 0.155459 -0.208405 -0.409367
0.334536 0.15546 -0.208405 -0.409367
0.334427 0.155249 -0.208227 -0.413412
0.334427 0.155249 -0.208227 -0.413412
0.33438 0.155098 -0.209138 -0.414801
0.334577 0.153756 -0.212814 -0.41851
0.334577 0.153756 -0.212813 -0.41851
0.334602 0.15323 -0.21232 -0.422776
0.334602 0.15323 -0.21232 -0.422776
0.334961 0.152441 -0.213313 -0.42228
0.334675 0.152245 -0.219498 -0.425686
0.334675 0.152245 -0.219498 -0.425686
0.334744 0.151421 -0.216561 -0.429748
0.334756 0.151391 -0.218992 -0.430111
0.334297 0.151506 -0.219905 -0.43147
0.334226 0.150673 -0.222047 -0.432278
0.334232 0.150631 -0.221747 -0.43433
0.334242 0.150143 -0.222673 -0.435721
0.334713 0.148567 -0.224983 -0.436482
0.334251 0.149107 -0.224983 -0.436482
0.334289 0.148494 -0.225477 -0.440082
0.334779 0.147362 -0.226976 -0.43932
0.334444 0.146538 -0.22831 -0.444574
0.334435 0.146541 -0.228318 -0.444572
0.334541 0.145822 -0.229268 -0.446067
0.334724 0.144302 -0.231172 -0.449079
0.33472 0.144304 -0.231174 -0.449078
0.334919 0.142683 -0.233074 -0.452086
0.334919 0.142683 -0.233074 -0.452086
0.335026 0.14184 -0.234024 -0.453555
0.335779 0.138755 -0.237414 -0.455487
0.335339 0.139209 -0.236169 -0.457699
0.335347 0.139206 -0.236169 -0.457699
0.335501 0.138284 -0.236616 -0.458844
0.335654 0.136407 -0.235395 -0.461195
0.336206 0.134892 -0.239416 -0.460373
0.335751 0.135434 -0.237994 -0.462455
0.33583 0.134451 -0.238335 -0.463532
0.335992 0.131447 -0.238073 -0.465995
0.335992 0.131447 -0.238073 -0.465995
0.336514 0.130087 -0.239911 -0.465055
0.336514 0.130087 -0.239911 -0.465055
0.3381 0.12501 -0.245216 -0.46298
0.336473 0.125998 -0.233391 -0.469387
0.336619 0.124853 -0.236764 -0.470169
0.337114 0.122414 -0.238508 -0.469958
0.336652 0.1226 -0.236627 -0.471598
0.337131 0.120153 -0.238379 -0.471359
0.336642 0.120337 -0.236458 -0.472953
0.336629 0.119203 -0.236324 -0.473564
0.337037 0.116756 -0.238039 -0.473282
0.336577 0.117334 -0.235036 -0.474783
0.336403 0.114666 -0.235735 -0.476001
0.336403 0.114666 -0.235735 -0.476001
0.335905 0.114088 -0.235552 -0.476545
0.335905 0.114088 -0.235552 -0.476545
0.336435 0.10847 -0.236747 -0.477062
0.336053 0.108965 -0.237439 -0.477097
0.336053 0.108965 -0.237439 -0.477097
0.336318 0.106107 -0.237159 -0.477921
0.336318 0.106107 -0.234414 -0.479208
0.335727 0.105561 -0.234226 -0.479624
0.336122 0.10428 -0.233301 -0.48
0.335379 0.10332 -0.233764 -0.480417
0.334595 0.0964277 -0.244426 -0.475128
0.334595 0.0964277 -0.231938 -0.482057
0.334925 0.094078 -0.233375 -0.481367
0.334925 0.094078 -0.233375 -0.481367
0.334671 0.0895987 -0.231394 -0.482265
0.334671 0.0895987 -0.231394 -0.482265
0.334963 0.0885066 -0.231601 -0.482237
0.334271 0.0859565 -0.233333 -0.481479
0.333933 0.0864404 -0.231551 -0.482218
0.333778 0.0854184 -0.231987 -0.482213
0.33387 0.0832901 -0.233866 -0.481425
0.333382 0.0834124 -0.232094 -0.482152
0.33319 0.0824067 -0.232093 -0.482102
0.333242 0.0802622 -0.233696 -0.481267
0.332852 0.0808273 -0.233696 -0.481267
0.332497 0.0793889 -0.231822 -0.48196
0.332243 0.0783699 -0.231642 -0.481912
0.331714 0.0762989 -0.233062 -0.481055
0.331714 0.0762989 -0.231144 -0.481812
0.331471 0.0752351 -0.230844 -0.481747
0.330912 0.0730895 -0.232108 -0.480861
0.330912 0.0730895 -0.230122 -0.481628
0.330637 0.0719935 -0.229707 -0.481546
0.330159 0.0703195 -0.230734 -0.480601
0.330159 0.0703195 -0.230734 -0.480601
0.329659 0.0686641 -0.228161 -0.481254
0.329317 0.0675265 -0.227565 -0.481143
0.328957 0.066379 -0.229004 -0.480269
0.328265 0.0640311 -0.225581 -0.480763
0.328265 0.0640311 -0.225581 -0.480763
0.327922 0.0628375 -0.22488 -0.480617
0.32737 0.0592391 -0.22261 -0.480091
0.32737 0.0592391 -0.222607 -0.480094
0.327581 0.0580371 -0.224362 -0.479283
0.327581 0.0580371 -0.224362 -0.479283
0.326108 0.0567686 -0.221084 -0.479642
0.325901 0.0543554 -0.222041 -0.478574
0.325901 0.0543554 -0.22204 -0.478575
0.324828 0.053152 -0.218613 -0.478829
0.324568 0.0507402 -0.219523 -0.477734
0.324568 0.0507402 -0.219523 -0.477734
0.323667 0.048318 -0.217757 -0.477107
0.323667 0.048318 -0.217757 -0.477107
0.322598 0.0470771 -0.214194 -0.477177
0.322295 0.044674 -0.215026 -0.475998
0.322295 0.044674 -0.215026 -0.475998
0.321176 0.0434459 -0.211415 -0.475941
0.320184 0.0410413 -0.209563 -0.475044
0.320184 0.0410413 -0.209563 -0.475044
0.318754 0.0367134 -0.206323 -0.473196
0.31848 0.0361608 -0.206323 -0.473196
0.318194 0.0338608 -0.207284 -0.471986
0.317918 0.0343749 -0.206424 -0.471747
0.317188 0.0326698 -0.204283 -0.471553
0.317003 0.0310004 -0.205907 -0.470853
0.31418 0.0249045 -0.200209 -0.467423
0.31418 0.0249045 -0.200209 -0.467423
0.312728 0.0183649 -0.199985 -0.46415
0.312728 0.0183649 -0.199985 -0.46415
0.312399 0.0176016 -0.199715 -0.463408
0.312124 0.015798 -0.201195 -0.462149
0.311538 0.0154121 -0.200058 -0.461408
0.311323 0.0150589 -0.200058 -0.461408
0.310985 0.0132996 -0.201511 -0.460121
0.310754 0.012928 -0.201511 -0.460121
0.310112 0.0126031 -0.200093 -0.45921
0.309689 0.0108311 -0.20139 -0.457809
0.309424 0.0104154 -0.20139 -0.457809
0.308693 0.0101411 -0.199542 -0.456832
0.308214 0.00830212 -0.200685 -0.455377
0.307919 0.00785068 -0.200685 -0.455377
0.307139 0.00754822 -0.200296 -0.454521
0.306593 0.00664866 -0.197862 -0.453457
0.306038 0.00471294 -0.19877 -0.451891
0.30571 0.00422931 -0.19877 -0.451891
0.304913 0.00381929 -0.19599 -0.450773
0.304568 0.00227601 -0.197507 -0.450117
0.303468 0.00140175 -0.193657 -0.447873
0.303098 0.000874964 -0.193657 -0.447873
0.302099 -0.00173851 -0.194376 -0.446262
0.302099 -0.00173851 -0.194376 -0.446262
0.300383 -0.0037446 -0.189343 -0.442908
0.300383 -0.0037446 -0.189343 -0.442908
0.300383 -0.0037446 -0.189343 -0.442908
0.298974 -0.00649527 -0.191484 -0.440616
0.298974 -0.00649527 -0.186793 -0.439803
0.298196 -0.00749882 -0.186793 -0.439803
0.297598 -0.00855171 -0.185963 -0.438725
0.296635 -0.0098943 -0.186526 -0.43691
0.296181 -0.010494 -0.184088 -0.436273
0.295455 -0.011461 -0.183136 -0.435069
0.294195 -0.014031 -0.181124 -0.432556
0.294195 -0.014031 -0.181124 -0.432556
0.294142 -0.0150536 -0.182621 -0.431931
0.293 -0.0148529 -0.179172 -0.430125
0.291093 -0.0173736 -0.177187 -0.427505
0.291093 -0.0173736 -0.177187 -0.427505
0.288454 -0.0218271 -0.175839 -0.423095
0.288298 -0.0213403 -0.17461 -0.422299
0.286524 -0.0246983 -0.172457 -0.419481
0.2864 -0.0242916 -0.172457 -0.419481
0.2864 -0.0242916 -0.171331 -0.418714
0.285711 -0.0261732 -0.17204 -0.416941
0.285561 -0.0256743 -0.17204 -0.416941
0.284464 -0.0269973 -0.169391 -0.41474
0.28376 -0.0278243 -0.169411 -0.413263
0.283042 -0.0286351 -0.168046 -0.411864
0.283042 -0.0286351 -0.168046 -0.411864
0.280292 -0.0320189 -0.165638 -0.406478
0.280292 -0.0320189 -0.165638 -0.406478
0.280292 -0.0320189 -0.165638 -0.406478
0.278941 -0.03369 -0.164556 -0.403678
0.278941 -0.03369 -0.164556 -0.403678
0.278127 -0.0353724 -0.165248 -0.401632
0.27813 -0.0353774 -0.165242 -0.401639
0.276773 -0.0360136 -0.162706 -0.39897
0.275903 -0.0376658 -0.163323 -0.39684
0.275904 -0.0376664 -0.163322 -0.39684
0.274529 -0.0382955 -0.16065 -0.394122
0.273649 -0.0399609 -0.161214 -0.391955
0.273649 -0.0399609 -0.161214 -0.391955
0.271516 -0.0413825 -0.157754 -0.387433
0.271378 -0.0422743 -0.15902 -0.386921
0.271378 -0.0422743 -0.15902 -0.386921
0.270039 -0.0429615 -0.156358 -0.384112
0.26914 -0.0446043 -0.156891 -0.381879
0.269142 -0.0446069 -0.156891 -0.381879
0.267762 -0.04525 -0.154269 -0.378868
0.266846 -0.0468674 -0.154804 -0.37661
0.266847 -0.0468692 -0.152905 -0.375305
0.265473 -0.0474991 -0.152255 -0.373562
0.264553 -0.0490941 -0.152799 -0.371291
0.264553 -0.0490941 -0.152799 -0.371291
0.263191 -0.0497095 -0.150348 -0.368182
0.262268 -0.0512761 -0.150911 -0.365896
0.262268 -0.0512761 -0.150911 -0.365896
0.260919 -0.051871 -0.148579 -0.362738
0.260165 -0.0525777 -0.148022 -0.36091
0.259152 -0.0535811 -0.146956 -0.357247
0.259152 -0.0535811 -0.146956 -0.357247
0.257167 -0.0553503 -0.145992 -0.353634
0.25699 -0.0561619 -0.147103 -0.353178
0.25699 -0.0561619 -0.147103 -0.353178
0.255728 -0.0567309 -0.14511 -0.350026
0.255054 -0.0578705 -0.145746 -0.349558
0.252153 -0.0600301 -0.143224 -0.341073
0.251958 -0.0608074 -0.144284 -0.34063
0.251513 -0.0607298 -0.142988 -0.339492
0.250878 -0.0614132 -0.142815 -0.337966
0.249991 -0.0623735 -0.142807 -0.334642
0.249549 -0.0626515 -0.142504 -0.334624
0.24822 -0.0638375 -0.142238 -0.331202
0.24822 -0.0638375 -0.142238 -0.331202
0.247331 -0.0647713 -0.143104 -0.329064
0.247331 -0.0647713 -0.142807 -0.329041
0.245391 -0.0665269 -0.141655 -0.322675
0.244974 -0.0667692 -0.141655 -0.322676
0.244974 -0.0667692 -0.141655 -0.322676
0.243093 -0.0685204 -0.141492 -0.317942
0.243093 -0.0685204 -0.141492 -0.317942
0.243093 -0.0685204 -0.141492 -0.317942
0.242493 -0.0690883 -0.141477 -0.316354
0.241691 -0.0703721 -0.142397 -0.314324
0.241691 -0.0703721 -0.142397 -0.314324
0.240594 -0.0706718 -0.141361 -0.311017
0.23991 -0.0711543 -0.142129 -0.310601
0.238304 -0.072878 -0.141897 -0.304792
0.238304 -0.072878 -0.141897 -0.304792
0.238304 -0.072878 -0.141897 -0.304792
0.233075 -0.0776049 -0.144122 -0.29503
0.233075 -0.0776049 -0.144122 -0.29503
0.23087 -0.080666 -0.142842 -0.285556
0.230605 -0.0807908 -0.142842 -0.285556
0.230133 -0.08109 -0.143089 -0.284363
0.229649 -0.0816212 -0.143437 -0.283078
0.229414 -0.0822798 -0.143776 -0.281693
0.228656 -0.0829072 -0.144111 -0.280355
0.227639 -0.0836023 -0.14462 -0.27746
0.227394 -0.084268 -0.145427 -0.277042
0.227109 -0.0843922 -0.144862 -0.276001
0.226612 -0.0846038 -0.145095 -0.274616
0.225526 -0.0855528 -0.145483 -0.271534
0.225274 -0.0862139 -0.146276 -0.271112
0.225274 -0.0862139 -0.146276 -0.271112
0.224411 -0.0865117 -0.1458 -0.268394
0.223837 -0.0869858 -0.145932 -0.266772
0.222991 -0.0881147 -0.146662 -0.264656
0.222991 -0.0881147 -0.146155 -0.263475
0.222083 -0.0884292 -0.146261 -0.261864
0.221223 -0.0895643 -0.147124 -0.25977
0.221223 -0.0895643 -0.146602 -0.258514
0.220279 -0.0898602 -0.146534 -0.256824
0.21967 -0.0903358 -0.146619 -0.255132
0.218415 -0.0915843 -0.147456 -0.252989
0.218415 -0.0915843 -0.146987 -0.251798
0.217839 -0.0917689 -0.146893 -0.250152
0.217565 -0.0924136 -0.147175 -0.248526
0.215996 -0.093474 -0.147669 -0.246365
0.215996 -0.093474 -0.147669 -0.246365
0.215434 -0.0936952 -0.147366 -0.243597
0.215434 -0.0936952 -0.147366 -0.243597
0.214241 -0.0946263 -0.147649 -0.240322
0.213364 -0.0957119 -0.148499 -0.238244
0.213399 -0.0954368 -0.148363 -0.238225
0.212472 -0.096008 -0.148116 -0.235479
0.211609 -0.0970993 -0.148978 -0.233481
0.211609 -0.0970993 -0.148847 -0.233461
0.210753 -0.0974046 -0.14867 -0.230837
0.209625 -0.0983194 -0.149089 -0.227789
0.209625 -0.0983194 -0.149089 -0.227789
0.208525 -0.0992474 -0.149548 -0.224865
0.208232 -0.099861 -0.150208 -0.224428
0.207984 -0.0997129 -0.149794 -0.22344
0.207449 -0.100177 -0.15005 -0.222034
0.205862 -0.101551 -0.150866 -0.217891
0.205862 -0.101551 -0.150866 -0.217891
0.205862 -0.101551 -0.150866 -0.217891
0.204546 -0.103104 -0.152095 -0.214909
0.204309 -0.103156 -0.151845 -0.214074
0.204344 -0.102971 -0.151845 -0.214074
0.203846 -0.103438 -0.152106 -0.212801
0.202797 -0.104528 -0.153039 -0.211056
0.202799 -0.104533 -0.152778 -0.210162
0.202341 -0.104772 -0.153312 -0.209712
0.200827 -0.106306 -0.154308 -0.205888
0.200827 -0.106306 -0.154308 -0.205888
0.200827 -0.106306 -0.154308 -0.205888
0.19987 -0.10724 -0.154961 -0.203525
0.19987 -0.10724 -0.154961 -0.203525
0.198638 -0.108619 -0.155844 -0.199607
0.198319 -0.109201 -0.156427 -0.199153
0.198318 -0.109199 -0.156268 -0.198577
0.197972 -0.109257 -0.156177 -0.198564
0.197584 -0.109485 -0.156562 -0.197547
0.196812 -0.110537 -0.157519 -0.19604
0.196813 -0.11054 -0.157351 -0.19545
0.196239 -0.110912 -0.157721 -0.194419
0.195469 -0.111962 -0.158523 -0.192403
0.195355 -0.11187 -0.158497 -0.1924
0.194919 -0.112357 -0.158889 -0.191431
0.194154 -0.113414 -0.159707 -0.189536
0.193721 -0.113902 -0.160235 -0.189068
0.193721 -0.113901 -0.160111 -0.188621
0.193204 -0.114326 -0.160491 -0.187735
0.192448 -0.115398 -0.161454 -0.186417
0.192447 -0.115396 -0.161358 -0.186079
0.191966 -0.11586 -0.161762 -0.18529
0.191563 -0.116379 -0.162203 -0.184537
0.190834 -0.117421 -0.163176 -0.183333
0.190833 -0.11742 -0.163111 -0.183108
0.190383 -0.117954 -0.163578 -0.182427
0.189649 -0.119039 -0.164583 -0.181287
0.189649 -0.119039 -0.164538 -0.181134
0.18924 -0.119548 -0.165019 -0.180523
0.187421 -0.122279 -0.167586 -0.17789
0.187421 -0.122279 -0.167576 -0.177866
0.187065 -0.122827 -0.168105 -0.177371
0.186703 -0.123376 -0.16863 -0.176881
0.185649 -0.125041 -0.170241 -0.17554
0.185649 -0.125041 -0.170241 -0.175543
0.18567 -0.125053 -0.170274 -0.175599
0.185326 -0.125611 -0.170826 -0.175181
0.184984 -0.126175 -0.171387 -0.174799
0.18461 -0.126723 -0.171903 -0.174295
0.184325 -0.127261 -0.172452 -0.173901
0.184029 -0.12772 -0.172987 -0.173597
0.183731 -0.128195 -0.173495 -0.173176
0.183123 -0.129208 -0.174516 -0.172219
0.183123 -0.129208 -0.174451 -0.17222
0.182887 -0.12954 -0.174959 -0.171851
0.18222 -0.130527 -0.175952 -0.170858
0.18222 -0.130527 -0.175952 -0.170858
0.181698 -0.131361 -0.176794 -0.169965
0.181698 -0.131361 -0.176794 -0.169965
0.181358 -0.132024 -0.177671 -0.168991
0.181117 -0.132426 -0.178191 -0.168446
0.181117 -0.132426 -0.178084 -0.168449
0.180879 -0.132819 -0.178526 -0.167989
0.180643 -0.133213 -0.178947 -0.167481
0.18041 -0.133605 -0.179363 -0.166968
0.180178 -0.133996 -0.179775 -0.166451
0.179264 -0.135546 -0.181376 -0.164325
0.179264 -0.135546 -0.181376 -0.164325
0.177962 -0.137422 -0.18318 -0.162153
0.177962 -0.137419 -0.18318 -0.16216
0.178359 -0.137087 -0.182947 -0.162198
0.177705 -0.138023 -0.18383 -0.161089
0.177705 -0.138021 -0.18383 -0.161092
0.177678 -0.138239 -0.18409 -0.16056
0.17702 -0.139173 -0.184962 -0.159441
0.17702 -0.139173 -0.184962 -0.159441
0.176993 -0.139391 -0.185213 -0.158905
0.176467 -0.140567 -0.185952 -0.157797
0.176469 -0.14059 -0.185951 -0.157807
0.175685 -0.142319 -0.186828 -0.156978
0.175689 -0.143294 -0.186801 -0.157503
0.175218 -0.145226 -0.187277 -0.157759
0.173542 -0.149605 -0.18787 -0.157695
0.174108 -0.14962 -0.188328 -0.158681
0.173478 -0.152078 -0.188897 -0.159331
0.172369 -0.155426 -0.189947 -0.159668
0.172092 -0.157367 -0.190106 -0.160882
0.170879 -0.160641 -0.191206 -0.161204
0.170549 -0.163017 -0.191398 -0.162667
0.169726 -0.16594 -0.192068 -0.163615
0.168395 -0.169385 -0.193454 -0.165361
0.167991 -0.171922 -0.193446 -0.165578
0.166592 -0.175425 -0.194618 -0.166036
0.166592 -0.175425 -0.194865 -0.167589
0.165199 -0.181102 -0.195585 -0.168601
0.1622 -0.188197 -0.198251 -0.170811
0.16397 -0.18914 -0.198251 -0.170811
0.160179 -0.196595 -0.19925 -0.173579
0.158583 -0.200125 -0.200729 -0.175235
0.159567 -0.200613 -0.200729 -0.175235
0.157016 -0.205855 -0.201462 -0.17642
0.155375 -0.209356 -0.202921 -0.177961
0.155375 -0.209356 -0.202921 -0.177961
0.153826 -0.215032 -0.20364 -0.179072
0.152772 -0.218065 -0.204354 -0.179906
0.152772 -0.218065 -0.204354 -0.179906
0.148993 -0.226126 -0.205938 -0.182582
0.148993 -0.226126 -0.205938 -0.182582
0.14768 -0.232915 -0.207665 -0.182571
0.14768 -0.232915 -0.207665 -0.182571
0.144498 -0.2233 -0.209616 -0.18552
0.144498 -0.2233 -0.209616 -0.18552
0.144498 -0.2233 -0.209616 -0.18552
0.141423 -0.223364 -0.210806 -0.186078
0.142506 -0.218712 -0.21077 -0.186827
0.141052 -0.216925 -0.211174 -0.187124
0.141052 -0.216925 -0.211174 -0.187124
0.139655 -0.212253 -0.212353 -0.188894
0.13704 -0.21207 -0.21283 -0.189391
0.137301 -0.202617 -0.214512 -0.192549
0.137301 -0.202617 -0.214512 -0.192549
0.127529 -0.183017 -0.220502 -0.182825
0.125791 -0.182844 -0.221906 -0.182293
0.125841 -0.178796 -0.222244 -0.178588
0.125841 -0.178796 -0.222244 -0.178588
0.125841 -0.178796 -0.222244 -0.178588
0.12372 -0.177347 -0.223124 -0.176873
0.124798 -0.176179 -0.222495 -0.17615
0.124299 -0.174934 -0.223837 -0.174724
0.123463 -0.173974 -0.224688 -0.173053
0.123463 -0.173974 -0.224688 -0.173053
0.122889 -0.171424 -0.225295 -0.171205
0.122084 -0.170578 -0.226114 -0.169613
0.122084 -0.170578 -0.226114 -0.169613
0.121197 -0.167222 -0.227049 -0.166991
0.121197 -0.167222 -0.227049 -0.166991
0.120439 -0.166511 -0.227821 -0.165508
0.120439 -0.166511 -0.227821 -0.165508
0.120057 -0.164396 -0.228236 -0.164159
0.1197 -0.163512 -0.228609 -0.163273
0.119019 -0.161829 -0.229322 -0.161585
0.119019 -0.161829 -0.229322 -0.161585
0.118694 -0.161027 -0.229663 -0.160781
0.118075 -0.159498 -0.230314 -0.159249
0.118075 -0.159498 -0.230314 -0.159249
0.117779 -0.158772 -0.230626 -0.158521
