35.4957 50.5736 -37.3186 51.1498
36.2541 49.9926 -36.5626 50.6837
37.0552 49.4605 -35.8455 50.2701
37.8562 48.9286 -35.1158 49.8392
38.6939 48.3636 -32.8138 44.1357
39.4949 47.8316 -32.0969 43.722
42.7934 46.0914 -31.5599 42.5567
42.813 33.9741 -31.0456 39.4923
43.6128 33.4418 -30.3291 39.0786
44.4125 32.9095 -29.6127 38.6649
46.5205 19.2076 -30.6533 28.5258
46.6296 18.9716 -29.8528 26.365
46.5729 15.3178 -30.5302 24.9079
46.3808 13.6031 -30.7365 23.3065
46.197 13.5001 -29.9112 21.1718
46.193 9.60104 -31.1901 20.0533
45.3688 7.69596 -32.7204 17.4971
43.9078 5.90247 -31.7271 16.8958
42.4138 3.99836 -31.9383 15.2607
40.3013 0.0392638 -33.4197 12.6858
38.57 0.701712 -32.4203 12.082
37.0218 -1.21896 -32.3544 10.2608
32.1694 -3.70757 -33.4327 7.43624
33.4948 -4.59076 -32.1942 6.65734
31.9956 -6.39676 -32.019 4.78856
30.0622 -9.90683 -33.1211 2.19777
28.3143 -9.27424 -31.8885 1.41849
26.7705 -10.8325 -31.6981 -0.416618
25.0869 -12.1227 -31.808 -3.33004
23.2122 -13.3066 -30.5802 -4.10959
21.8267 -14.7118 -31.4169 -5.27968
18.015 -14.7283 -31.2033 -6.85734
19.5293 -15.744 -29.7674 -7.80101
14.2225 -19.1655 -33.5782 -11.3106
15.6778 -21.208 -31.9931 -12.227
16.3818 -22.7825 -31.2464 -12.9104
16.5732 -23.803 -30.6718 -13.3456
18.1157 -24.8356 -29.1326 -14.4766
16.954 -25.6039 -29.9277 -14.4139
16.5046 -25.9569 -28.5029 -15.4223
16.4039 -26.5066 -27.7121 -16.2263
16.0384 -26.7952 -27.1912 -16.7716
15.614 -27.0582 -26.7451 -17.2392
15.6833 -27.5869 -25.9444 -18.1103
15.446 -27.7815 -25.5157 -18.5063
15.1093 -27.8746 -26.258 -18.2038
15.1804 -28.1968 -24.6522 -19.3209
15.36 -28.4487 -24.1125 -19.7589
10.888 -25.8408 -25.321 -18.8192
11.9207 -26.6784 -23.7185 -19.9299
13.5278 -25.8923 -25.7325 -18.573
14.6647 -25.0551 -25.8939 -18.3793
16.4342 -26.2501 -24.1371 -19.6409
14.1148 -23.2875 -23.3124 -19.3057
15.883 -24.4846 -21.5563 -20.5681
14.1514 -21.5163 -23.9628 -18.4897
15.919 -22.7149 -22.2079 -19.7539
15.8717 -21.7319 -22.2048 -19.4854
15.4927 -21.7947 -22.7151 -18.732
15.3637 -20.6613 -22.9303 -18.3757
9.92841 -12.7255 -26.6417 -14.4624
12.0992 -11.1703 -24.8182 -15.8064
13.9578 -12.4046 -22.9318 -17.2159
7.4205 -3.13669 -26.0236 -13.7317
7.93116 -2.4817 -24.139 -15.145
8.40059 -1.56097 -23.9791 -14.6821
8.65493 -0.430102 -23.1773 -14.8358
10.5139 -1.67121 -21.2936 -16.2512
9.35865 1.12261 -21.6001 -15.3368
7.91848 3.97902 -22.6407 -14.2775
9.77871 2.73501 -20.6563 -14.9648
8.64171 5.07007 -19.9507 -14.4941
10.5626 3.82432 -19.2701 -15.3002
10.9151 4.39643 -18.7762 -15.0743
10.9711 4.16133 -16.7756 -16.6286
11.4358 5.36716 -18.1042 -14.4817
11.5694 5.91468 -18.0184 -13.8387
11.7178 6.29559 -17.8655 -12.417
12.0111 6.45829 -15.8665 -13.9739
12.2637 6.73178 -17.6138 -12.3948
12.3572 7.12604 -17.7319 -11.524
12.5274 7.33607 -15.5564 -12.1496
12.8567 7.35063 -17.5654 -10.5579
12.9886 7.62975 -17.6657 -9.75893
14.9424 6.40568 -15.4212 -10.3982
13.5016 7.61757 -17.629 -8.71789
13.6526 7.7658 -17.7936 -7.87138
15.6063 6.54024 -15.6996 -9.56359
15.7875 6.52026 -17.8418 -6.80279
14.565 7.39685 -15.6161 -7.58947
13.1869 8.32004 -19.8868 -3.57689
12.1486 8.9118 -21.5664 -1.46166
14.1051 7.74044 -19.3905 -3.28228
16.0616 6.56909 -17.2147 -5.1029
16.5845 6.32155 -16.7475 -4.55618
17.17 6.10779 -16.2081 -5.43466
17.7797 5.56907 -16.1356 -4.82001
18.0903 5.31772 -16.2028 -4.25414
18.4048 4.91007 -16.2763 -3.82128
18.8716 4.30104 -16.1439 -3.7114
19.144 3.95973 -16.3467 -3.00791
21.0937 2.80581 -14.1532 -4.86326
18.5644 3.36115 -18.2308 -0.648259
20.5008 2.2755 -15.9843 -2.59878
20.9122 1.9376 -15.8797 -2.27997
21.5313 1.30159 -15.4573 -2.53294
21.806 1.02709 -15.6157 -1.86961
23.7366 -0.0624204 -13.2716 -3.1541
21.2226 0.425457 -19.5431 2.31335
20.3695 0.118285 -17.2963 0.356989
22.2981 -0.974192 -16.9434 0.103753
24.2187 -2.04666 -14.6867 -1.8708
23.2995 -1.84707 -16.2691 -0.145346
25.1904 -2.82193 -13.9639 -2.21954
25.5413 -3.27058 -13.8406 -2.21778
27.4255 -4.24543 -14.0351 -1.79148
26.0465 -4.25181 -13.9581 -1.88827
27.9264 -5.22314 -11.4948 -2.95259
29.8135 -6.1592 -8.85831 -2.7803
21.4019 -3.47579 -6.54269 -4.85128
19.695 -2.06503 -20.078 -0.234911
21.5616 -3.03458 -17.7708 -2.33288
22.3433 -2.99204 -16.0059 -4.60987
24.1461 -3.82705 -13.6548 -6.81502
25.9488 -4.66207 -11.3037 -9.02017
24.5028 -4.66132 -12.4746 -9.24115
25.3189 -4.94599 -11.8759 -10.4238
25.9372 -5.34916 -10.9225 -10.7831
26.3984 -5.43382 -10.6189 -10.9712
26.861 -6.3507 -10.1514 -11.5561
27.126 -6.73486 -10.1803 -11.3302
25.7817 -6.3154 -10.2979 -11.112
27.4868 -6.97535 -10.5712 -11.8772
27.5735 -7.8036 -10.3708 -11.0917
27.5349 -7.91604 -10.7438 -10.4901
27.5645 -7.63063 -11.3198 -11.0769
27.5501 -8.45451 -11.2595 -9.89897
27.4464 -8.56453 -11.7791 -9.10856
27.3304 -8.73184 -12.4658 -9.62951
27.3478 -8.9861 -12.4663 -8.29668
27.2112 -9.04267 -13.0261 -7.44262
25.3781 -8.19423 -16.2862 -5.14247
26.9155 -9.04906 -13.8681 -7.58908
26.8553 -9.04787 -13.9092 -6.42845
24.9531 -7.88004 -17.0835 -4.11907
26.4854 -8.70631 -14.6617 -6.57539
26.4269 -8.63193 -14.6455 -5.5057
26.2215 -8.41443 -15.0788 -4.84058
27.7513 -9.24987 -15.6366 -5.52682
25.936 -8.15458 -15.4799 -4.49923
27.5301 -8.60512 -13.0509 -6.9606
24.1967 -7.26274 -18.0156 -1.93732
25.6774 -7.5125 -15.5587 -4.5037
21.93 -5.3129 -20.3805 0.0313429
23.3936 -5.52757 -17.9185 -2.55762
23.6989 -5.34431 -17.355 -3.04663
24.023 -5.05051 -16.3937 -4.3063
24.0941 -4.66566 -16.1856 -4.32512
22.7462 -3.99956 -17.9295 -2.8652
24.2076 -4.22016 -15.4718 -5.45511
24.3116 -4.01686 -15.1257 -5.91193
24.2803 -3.7877 -17.3702 -3.65956
24.2636 -3.00937 -14.8854 -6.34906
24.1208 -3.03865 -14.6591 -6.74584
23.9487 -2.598 -14.6755 -6.76572
23.7254 -2.2357 -14.8276 -6.66781
23.6022 -1.91902 -14.6477 -7.15786
20.5213 -1.16496 -19.7803 -1.92187
21.8377 -1.11599 -17.2848 -4.6435
23.1541 -1.06703 -14.7893 -7.36514
23.1863 -0.823429 -16.7865 -6.59971
24.4177 -1.24647 -14.2923 -9.32336
23.1366 -0.138813 -14.0636 -8.49447
24.2952 0.21963 -11.5308 -11.3478
23.837 0.0165724 -14.4534 -9.50829
22.1762 1.16746 -14.7101 -8.29826
18.0309 1.4639 -22.2128 -2.79149
19.1884 1.81545 -19.6847 -5.64911
16.2537 1.23982 -24.4275 -0.155445
17.4098 1.5907 -21.8949 -3.01635
17.9126 1.70879 -20.7868 -4.72383
17.6081 1.29964 -21.5408 -4.5514
18.656 1.86535 -18.9845 -7.50099
19.6431 2.55309 -16.3787 -10.2844
20.1677 2.97625 -14.759 -12.4744
21.1541 3.6673 -12.1773 -15.4745
20.7822 3.41694 -13.2457 -14.328
20.9071 3.58414 -12.918 -14.7492
20.9141 3.76237 -12.7227 -15.1489
21.9002 4.45017 -9.94336 -17.0201
20.8654 4.04336 -12.4281 -15.9686
20.8203 4.03024 -12.7087 -15.589
21.7041 4.93244 -10.1119 -18.6691
20.3535 4.6656 -12.9483 -15.8312
20.0865 4.9236 -13.4015 -15.3179
19.7688 5.19136 -13.8348 -14.9728
19.5614 5.38667 -11.0099 -16.9592
19.3529 5.70021 -14.1531 -15.0788
19.1388 5.75912 -14.7409 -14.3432
19.9441 6.81852 -12.1254 -17.484
18.6884 6.09754 -15.3333 -14.1084
18.5145 6.04997 -15.9454 -13.3454
19.2252 7.31428 -13.2995 -16.5637
17.4525 7.11898 -19.0804 -10.1412
17.8229 7.13484 -16.4142 -13.4306
17.6334 7.48838 -16.5426 -13.4334
18.2495 8.95391 -17.409 -14.5831
17.1876 8.0063 -17.1237 -13.0774
17.0082 8.05947 -17.6513 -12.4543
17.6201 9.533 -18.1157 -12.0629
16.5895 8.47486 -18.1677 -12.3246
15.036 5.63592 -24.4454 -4.997
15.5691 7.29125 -21.7489 -8.36213
15.4899 7.86876 -21.3329 -9.14778
15.9107 9.7762 -18.6004 -12.5943
16.0179 10.4056 -17.8071 -13.7575
16.0536 10.0572 -18.2873 -12.7685
16.6756 11.8408 -18.0964 -13.3022
16.2484 10.5254 -18.2722 -14.9909
15.13 5.45476 -22.6827 -6.52171
15.5484 7.36423 -22.6187 -8.34233
15.8242 7.54858 -21.8839 -9.40038
15.8032 5.57794 -24.0602 -6.52264
16.0224 7.96479 -21.2464 -10.1335
16.1149 8.57122 -20.683 -12.3907
16.1137 8.81356 -20.5905 -13.1888
16.4691 8.88321 -17.1591 -13.6205
16.1513 7.04867 -22.7913 -10.4638
16.3636 9.44556 -19.9641 -14.0855
16.2674 9.96422 -19.6762 -16.1734
16.8335 10.1652 -18.334 -14.5949
17.18 9.72786 -18.4955 -14.0227
16.9722 9.99444 -18.8522 -15.7513
17.0187 10.6801 -18.0964 -14.9419
17.2223 10.7716 -17.907 -12.9374
17.2345 13.6756 -14.9895 -16.7176
16.6954 11.9481 -18.0971 -15.3328
17.0363 11.7358 -18.3841 -14.8918
17.0467 14.6408 -15.104 -16.7978
16.5135 12.6354 -18.4349 -15.216
16.9583 12.2446 -22.0273 -10.5973
16.7612 4.48064 -27.1231 -4.35695
16.7318 7.49026 -24.1769 -8.17111
16.8749 8.38117 -23.1469 -9.53111
17.7079 11.2301 -19.7475 -11.6009
17.4195 9.26962 -21.6541 -11.191
17.7287 9.41419 -21.2338 -11.4942
18.2892 12.4275 -20.8074 -12.0137
18.3053 12.8773 -19.9634 -13.2325
17.7829 7.72085 -22.898 -11.4134
18.3734 10.7096 -19.8502 -15.375
18.416 11.353 -18.8603 -14.5735
19.1456 14.3145 -19.2854 -16.4953
18.2593 15.2551 -15.7073 -18.5275
17.994 10.0259 -18.0574 -15.693
18.5221 13.5245 -14.5376 -18.0469
18.5808 14.089 -17.1929 -16.7194
18.6787 14.1004 -20.2575 -12.8444
18.6945 14.4458 -17.0725 -16.9952
18.5339 15.2916 -16.9097 -17.2549
18.6125 15.1399 -20.8982 -12.1351
17.6847 15.7677 -17.6997 -16.2845
18.3305 15.9129 -17.5864 -16.7157
18.2409 16.196 -17.9864 -16.1629
17.6268 20.8919 -18.3348 -15.8778
17.6884 17.8497 -18.1412 -16.4292
17.057 22.5605 -14.3039 -18.2737
18.0849 14.4981 -21.6656 -12.0698
16.9914 15.9403 -21.9583 -14.2969
16.3741 20.6392 -18.601 -18.6495
17.7488 12.4501 -21.4374 -13.4396
19.4784 8.5363 -24.1149 -9.97034
20.1549 12.461 -20.376 -12.3573
20.064 13.901 -19.3972 -13.7841
20.8823 18.3172 -15.4051 -16.1493
19.4648 19.5053 -15.4218 -16.8266
20.6818 19.5892 -18.3136 -17.7105
19.3841 21.6084 -14.7559 -22.2733
21.2058 12.5308 -21.6638 -18.7132
20.374 17.9157 -16.9182 -16.8443
20.4485 18.3877 -16.511 -17.5256
21.4543 13.0217 -20.5611 -14.9183
20.6167 18.4078 -16.6392 -17.6247
20.2644 19.9059 -16.4 -18.0288
21.7469 19.2768 -16.7633 -17.5288
20.7095 25.3928 -12.9747 -22.3194
19.0641 26.9729 -16.7839 -20.7151
19.6082 23.4872 -15.6461 -19.5562
19.3585 17.7359 -20.6354 -13.2541
18.3202 23.8566 -16.8232 -18.0418
19.3861 24.1217 -16.7318 -18.6083
18.7866 18.6035 -21.9556 -12.4386
17.7415 24.7258 -18.1257 -17.2222
18.8366 25.2284 -17.8337 -17.8779
18.1406 20.0038 -22.5422 -12.0344
16.9075 26.912 -18.4742 -17.0704
18.1679 27.2584 -14.0217 -20.0223
18.2822 26.9599 -18.1711 -17.2728
18.1111 27.2353 -14.0626 -22.3195
17.7603 28.3377 -17.7647 -17.8241
17.9313 27.7743 -17.9939 -17.2115
20.1459 14.8042 -25.2302 -8.00753
18.886 21.7179 -21.1054 -13.0287
17.4987 29.2473 -16.7913 -18.2524
16.0646 37.0032 -12.4076 -23.5506
21.1658 17.1026 -20.0047 -17.9932
19.0894 19.4882 -15.5561 -23.3034
19.6411 26.0678 -11.1483 -28.5895
19.8764 26.645 -15.4659 -29.1671
18.4206 34.4065 -11.0629 -34.4569
20.0471 26.5738 -9.82467 -22.4642
18.5788 34.3374 -11.0119 -24.7294
18.4101 34.5845 -11.7419 -24.5475
17.5984 27.4831 -13.129 -23.4423
15.9606 36.1582 -8.35212 -29.0098
16.668 29.7229 -14.1312 -23.4724
14.2834 31.4477 -9.28245 -29.0464
17.3944 37.3088 -4.48072 -34.6022
17.1439 38.5864 -11.7252 -25.691
17.6662 36.8712 -12.568 -24.3006
18.8617 28.1823 -18.2804 -18.3926
18.4927 28.9778 -18.1905 -18.4143
16.8132 37.6636 -13.3428 -23.9642
18.857 28.0162 -17.5264 -18.2775
17.0044 37.6847 -12.2926 -24.1451
18.1965 30.1195 -16.7321 -22.2335
16.328 39.7921 -11.0219 -25.3044
16.2583 40.1714 -10.4292 -25.6046
17.8144 30.7624 -16.2944 -21.9512
15.9424 40.4411 -10.5892 -25.2168
20.8861 37.6023 -16.1683 -18.567
18.9548 47.2738 -10.8458 -24.4004
16.7546 57.0198 -5.37919 -30.2507
20.6496 31.0151 -13.0829 -19.5201
18.5529 41.7617 -7.29329 -25.696
16.4563 52.5082 -1.50369 -31.8719
20.4991 -8.57911 -15.9089 -5.01987
18.3163 2.24482 -9.93756 -11.1353
27.0956 -11.6739 -5.58115 -11.7497
30.464 -11.3501 -0.689712 -14.9061
28.2633 -0.535095 5.31062 -20.9872
38.3523 -14.555 6.23842 -18.9108
36.1434 -3.69333 12.2936 -24.9678
36.2116 0.392627 15.1296 -26.6758
35.4242 6.66144 18.8586 -29.4531
35.3111 9.41395 19.751 -28.904
32.8738 21.3962 26.3357 -35.3289
32.4538 20.1969 21.4296 -29.8863
31.5847 23.1581 20.8223 -28.6337
29.1325 35.1471 27.446 -35.0435
28.4534 32.1155 19.5125 -27.3494
27.4751 34.3711 17.7026 -25.2881
26.6282 30.2321 8.1195 -16.5025
24.0864 42.6833 15.0162 -23.0443
22.6815 47.0315 14.3893 -22.2234
22.492 41.626 4.69412 -13.0624
19.8071 54.905 12.0287 -19.8554
18.5353 58.6644 11.3655 -19.1839
17.7501 60.3745 9.34598 -17.0796
19.5875 61.4476 -12.2745 1.47112
16.793 74.7195 -4.84615 -5.29662
27.9915 12.4403 -20.6105 9.89636
25.2025 25.7681 -13.1066 3.1539
24.7497 30.5695 -11.9896 0.649007
21.7256 45.2824 -3.74259 -6.52777
24.7254 38.6133 0.772945 -8.11736
24.6888 41.2572 -3.09747 -7.05583
21.6368 55.9869 5.19002 -14.2137
23.0184 50.0154 8.5524 -14.9876
22.9256 51.4721 9.46313 -15.7112
31.4864 11.5001 10.8254 -9.87715
28.3241 26.3319 19.2995 -16.9044
25.0768 31.144 27.7578 -23.9529
33.5983 12.9712 -0.891421 -9.33189
34.1886 27.0452 8.43728 -16.8726
33.2321 23.1186 11.0577 -18.3053
33.0202 26.5691 9.02106 -16.7958
29.5659 42.9322 18.3983 -24.3246
30.8299 37.5668 14.5779 -21.4101
27.2603 53.9888 24.0331 -28.8796
23.7525 70.362 33.453 -36.3772
27.5429 51.9495 28.838 -33.7943
23.9329 68.3996 26.9765 -36.6673
28.2814 41.9038 15.6147 -28.6644
24.4935 60.0411 26.0854 -36.6681
20.722 67.0604 37.0585 -40.8839
16.9355 85.2129 47.5606 -48.8631
20.0913 73.993 30.4566 -38.4338
16.2251 92.1577 41.0111 -46.3909
12.1479 110.34 51.6698 -54.2407
27.6229 29.0562 -5.41933 -15.5526
29.6803 20.6444 -9.41662 -13.4309
25.7128 38.9379 1.28405 -21.3483
25.3087 42.2334 4.69573 -23.9226
25.1703 44.9343 6.81849 -25.3773
23.4253 52.0163 10.3888 -28.6747
23.2339 40.1772 11.4665 -29.4194
21.6583 58.8034 11.8921 -30.3408
26.4262 31.2272 -9.6701 -17.5664
22.0107 51.5531 2.36789 -25.9901
17.5953 71.879 14.4059 -34.4138
21.2794 55.6476 5.28171 -29.1466
16.8264 76.0124 17.3601 -37.5555
15.1097 80.9825 17.3675 -38.246
17.9316 64.4276 3.41589 -30.2999
13.0495 86.9863 16.9417 -39.3029
11.0176 93.0804 17.4025 -40.3576
13.7343 75.9377 1.75522 -31.4259
8.78452 98.5716 15.3521 -40.4068
7.89408 101.005 15.3899 -41.1052
10.9555 98.0319 -1.71093 -34.3434
7.08421 101.491 12.2241 -40.5635
5.48955 105.441 12.5456 -41.2711
5.67829 103.426 9.6199 -39.7621
4.39138 105.459 7.65484 -38.7256
-1.22532 130.659 23.0472 -48.2915
2.19346 112.744 13.4688 -42.759
16.5953 44.9619 -14.934 -21.8555
10.7953 70.3838 0.676046 -31.3481
14.8488 54.5504 8.90475 -33.6495
13.5618 77.1922 24.6245 -43.1148
21.1839 33.8417 16.4552 -37.3374
15.2225 59.4628 32.2079 -46.7477
9.26108 85.084 47.9607 -56.1579
11.594 73.7158 44.6715 -53.7097
4.98155 102.189 62.399 -63.7956
8.55287 108.041 75.7132 -65.8463
10.4308 83.9131 52.1453 -56.4181
8.56272 88.1729 43.1936 -51.923
23.0786 21.4083 -11.9429 -25.3261
16.2276 50.3005 6.06084 -35.3568
20.3238 35.9355 11.8724 -37.2041
13.388 64.9327 29.949 -47.2044
26.626 16.672 14.1348 -36.5479
24.023 27.4737 34.1351 -46.9628
27.3972 16.9668 28.3989 -41.7546
21.6021 28.6521 37.132 -44.8716
17.737 58.6082 57.7234 -55.5048
22.9433 40.1234 44.9042 -47.5091
14.834 72.8784 65.581 -58.1043
11.8794 83.7472 64.6071 -58.3442
21.6777 41.8648 23.1839 -37.3811
13.3582 74.8827 44.03 -47.9302
5.03872 107.901 64.8761 -58.4793
13.3989 75.8264 61.4558 -52.8705
3.94897 112.828 85.0651 -64.1195
-5.9315 149.806 108.892 -75.041
-14.7377 174.085 132.903 -84.1159
-10.4955 170.04 90.8575 -71.0279
-8.11696 166.482 114.523 -82.308
-13.4246 179.42 68.1281 -56.4248
-8.01493 151.379 65.2189 -47.5783
-17.8411 188.887 89.1231 -58.8481
5.74549 78.177 24.0415 -39.1722
-0.609034 115.666 50.095 -40.2287
-1.07061 119.698 60.5192 -43.5826
-7.20127 127.898 87.8112 -55.5587
-5.80467 138.293 64.0687 -44.8114
-18.1289 181.059 91.636 -56.5266
-10.1767 152.594 69.422 -46.5421
-10.5897 152.183 68.6437 -44.8613
-22.6959 195.363 66.3383 -44.0089
-15.1412 165.777 68.8044 -45.9804
-4.62373 126.018 39.372 -33.418
-17.7876 172.64 68.9478 -45.9065
-20.771 179.865 41.6509 -33.3014
-26.6822 184.533 73.0121 -46.2241
-24.7935 191.043 77.4197 -48.2595
-30.2306 193.563 75.1869 -46.8923
-26.7556 198.029 78.1873 -48.978
-42.3412 247.985 74.3311 -51.8158
-28.2984 200.82 76.6623 -48.7158
-10.8206 140.405 73.0434 -42.5388
-25.8771 191.431 68.8775 -45.687
-19.0405 145.131 72.1695 -47.7684
-36.4172 203.404 107.999 -61.5258
-21.0295 149.915 77.3919 -45.3561
-30.0901 201.705 113.531 -59.1012
-50.3518 260.028 81.8686 -52.0127
-12.7673 112.401 26.3118 -32.5752
-31.0131 172.605 62.5135 -46.5559
4.39752 94.1871 55.5285 -42.8685
-14.5609 154.989 91.8476 -56.8423
-33.5194 215.79 128.167 -70.8161
-12.3065 149.625 137.175 -70.0105
-34.6387 219.709 132.078 -73.0676
-42.3201 235.782 128.042 -70.5229
-39.6528 229.426 117.795 -66.2188
-46.5133 242.367 116.139 -65.8401
-69.9582 313.72 157.196 -80.7388
-17.9953 151.592 55.5284 -43.1241
-20.9289 160.308 54.2757 -44.355
-45.0972 233.938 95.5006 -59.6046
-49.8215 246.912 108.372 -65.1284
-34.5485 204.394 98.6519 -60.455
-25.5517 175.858 94.2981 -59.5064
22.1973 35.3378 42.2036 -40.9666
9.29929 74.4273 81.035 -55.0767
43.3015 -47.4633 19.2981 -35.1377
20.8126 1.24653 58.2395 -49.3703
3.69055 37.4237 78.4544 -53.5716
-10.0233 78.1818 117.529 -67.797
3.27804 20.4396 96.3187 -59.4577
10.5221 -1.93876 97.3601 -55.5902
-3.05929 37.2618 136.904 -69.5675
-3.6468 -4.02929 5.99101 -29.6478
-14.6291 27.523 46.1559 -43.7181
14.8199 -62.4285 77.5465 -54.2809
6.27769 -31.6006 104.971 -63.1927
-13.3775 20.2396 129.962 -70.9094
-12.1148 18.194 136.968 -75.9922
15.8155 -55.3629 114.01 -59.8514
3.88008 -22.2905 155.178 -73.7022
-8.05536 10.7819 166.21 -80.0853
-23.5167 50.4275 187.602 -72.5984
-31.5399 72.2007 229.17 -85.9387
-35.1749 77.5366 164.252 -58.0837
-7.22736 4.44679 89.6824 -20.5968
-15.4874 26.5311 130.92 -34.2586
-21.5822 41.1577 131.029 -35.661
-22.4035 42.174 86.2281 -23.849
-28.0129 56.3689 127.66 -38.9607
-31.7314 65.6934 133.043 -43.7388
-24.671 48.3179 84.2269 -29.2568
-25.9186 52.2191 126.226 -42.5923
-26.3131 52.9532 130.044 -44.6719
-31.7877 65.9752 121.267 -43.4154
-15.6966 27.4562 122.79 -41.0156
-11.4091 17.1632 115.197 -37.5717
-16.7794 30.4078 157.423 -51.3479
-5.96777 4.36868 109.313 -36.2849
-9.56939 11.9978 114.074 -4.8885
-16.0675 26.1188 109.368 6.61266
-21.7628 39.4894 152.092 -7.37362
-27.4581 52.8599 194.816 -21.3599
-23.5823 45.3314 268.279 -76.768
-9.21967 9.7655 336.328 -111.811
-7.95311 12.0703 373.171 -124.851
-1.13396 -3.80716 388.519 -130.67
-2.65946 -7.39082 345.3 -117.587
-5.11081 -1.62758 387.681 -130.969
-7.27181 -3.44177 332.543 -112.91
-9.15574 -3.03431 375.19 -126.168
-11.8727 2.85274 365.434 -125.712
-17.0253 10.8299 360.778 -123.556
-17.3531 11.4996 403.85 -136.234
-11.0179 -7.06376 326.91 -114.604
-6.40695 -19.6772 306.106 -106.56
-7.88284 -18.2873 348.477 -119.509
-12.3767 -11.1182 272.697 -95.1199
-22.7821 -1.99491 261.111 -92.9782
-22.9037 -1.80396 302.759 -106.271
-60.2447 85.4005 190.881 -71.6263
-60.3677 85.5904 232.188 -85.5839
-58.3644 84.0824 230.536 -84.1454
-57.0022 81.4396 216.527 -79.807
-49.5455 72.5007 200.594 -73.2152
-45.8846 66.3186 180.379 -63.9116
-44.0015 62.7298 220.824 -77.2549
-34.3044 51.6052 93.1761 -29.6534
-32.3882 48.0349 133.246 -43.7768
-20.1739 35.3153 41.5333 -7.78325
-18.2077 31.773 81.2134 -22.4385
-16.2415 28.2306 120.894 -37.0938
-10.8721 21.8197 120.595 -35.9828
-3.41191 13.0087 67.9268 -12.4914
-0.209059 7.55963 106.238 -26.2287
17.0647 -16.9945 59.1765 -4.34859
20.3614 -22.3871 42.4731 4.823
6.67371 5.31715 50.8513 -6.88609
22.8855 -17.7808 54.1741 -10.0512
25.3279 -20.7483 32.7458 -0.154441
28.7238 -26.0708 69.7195 -14.9615
26.4786 -21.8796 76.7331 -17.5141
29.9157 -27.1731 79.4677 -21.0808
22.4693 -17.0875 82.5975 -22.0646
23.2684 -19.078 79.683 -17.8995
23.6863 -21.0833 76.2274 -14.9033
27.328 -27.2591 78.1607 -15.8597
24.7518 -24.4687 76.8151 -13.6759
24.498 -22.7243 75.7436 -10.0037
23.2754 -24.6691 78.5406 -14.8948
21.1648 -22.5843 78.3635 -13.8566
26.665 -30.4538 111.889 -27.8295
21.0073 -24.4402 81.4393 -16.7191
19.9181 -23.7632 80.466 -14.8744
27.1679 -33.916 111.423 -27.0015
22.987 -29.7194 80.9668 -14.6767
30.3973 -39.7237 111.534 -26.6808
20.1508 -26.8887 9.86739 11.7224
28.7079 -37.4873 25.9764 0.477091
35.478 -46.8398 39.5358 -10.0957
8.04311 -9.82358 32.1475 -11.6448
15.6153 -19.5817 60.408 -24.5703
23.1582 -29.3643 88.6392 -37.6335
28.0907 -34.9094 80.5435 -39.6616
20.7495 -28.7668 82.9578 -38.7214
20.6015 -26.7278 109.932 -49.4889
26.4606 -34.4871 85.006 -38.1264
22.2333 -31.2778 84.4123 -35.7748
27.4365 -36.9727 85.7691 -36.7603
4.94596 -11.1139 40.2852 -14.2638
14.2783 -22.4262 63.9788 -25.3263
23.5782 -33.7534 87.6351 -36.5371
32.7628 -44.9316 72.0425 -33.1173
42.6959 -57.0036 94.1254 -43.2434
44.0951 -64.8676 69.705 -29.5045
54.8115 -77.7782 90.1223 -38.2315
64.0423 -90.325 63.7924 -23.328
8.91127 -19.2088 39.0554 -9.2462
19.6901 -31.7902 58.0611 -18.2334
30.8036 -44.4159 76.636 -26.9021
40.5596 -55.4816 76.0176 -27.4942
21.687 -28.8032 76.977 -30.3486
32.5442 -41.2056 77.8005 -24.7822
21.3429 -33.3848 72.3031 -27.3155
15.3914 -28.7327 65.8659 -25.9155
17.8886 -29.929 80.88 -32.0574
28.8703 -41.6387 58.3884 -9.93809
41.2692 -54.8912 56.2069 1.38388
38.63 -52.2405 69.9257 -4.93205
28.7294 -31.1951 -13.067 11.7033
45.5778 -45.8248 -17.4364 12.1536
48.6651 -47.5086 -29.6262 -6.50741
36.2487 -34.3715 -44.4082 -22.2316
49.02 -47.3762 -49.8169 -27.7523
36.8463 -34.2742 -65.8612 -25.7787
37.1554 -34.4917 -81.5458 -27.5029
29.7061 -26.4842 -112.58 -35.0601
43.1947 -39.9379 -137.697 -38.2273
48.6828 -45.7774 -205.844 -30.8976
9.99998 -9.47817 -909.823 -32.2495
23.5176 -22.6746 2362.72 -35.0697
37.0352 -35.871 3309.83 -40.9954
56.7819 -54.0073 657.786 -35.0275
70.5367 -67.3216 829.24 -37.9314
39.631 -39.6655 276.997 -30.7778
18.2309 -20.8882 157.085 -17.701
32.6153 -34.6302 192.217 -25.0349
38.5227 -40.4981 163.44 -21.4448
24.2175 -28.1016 96.5801 -6.64747
38.6294 -41.6323 124.793 -14.2864
43.888 -46.4097 114.939 -11.4086
58.3409 -59.837 140.121 -19.3692
35.3558 -39.6856 99.1429 -6.27798
29.238 -34.4821 92.1557 -3.25249
44.363 -48.4039 109.104 -7.98721
39.5636 -44.7022 74.3127 7.72124
15.2223 -20.7464 42.7828 13.7996
28.9097 -33.9559 40.9359 17.0596
44.0351 -47.5301 60.1289 20.2641
56.8265 -57.6436 40.6824 21.2636
39.0953 -43.0011 59.1297 24.4539
37.885 -39.702 77.5179 27.7655
32.0135 -32.5652 11.8042 21.6885
47.2227 -45.6502 28.6052 25.1535
30.2504 -27.2304 25.8122 18.0441
39.93 -39.3341 31.2394 29.4886
38.8136 -38.2064 32.1552 32.1527
31.8351 -32.5641 32.9011 33.9052
27.3344 -28.898 33.4509 35.8849
39.3038 -37.7296 34.1281 38.3221
39.4788 -36.1027 46.9895 45.0588
46.2192 -40.4491 37.2856 40.4863
35.2009 -34.1782 39.4699 39.7509
27.8675 -28.5857 29.1592 35.4834
44.0006 -41.8347 38.6127 45.8835
47.8655 -43.7757 37.3976 49.9065
38.6641 -37.1297 36.4664 52.8059
28.3048 -29.6785 35.4818 55.8311
25.8734 -16.9128 -41.5821 -41.5146
42.0793 -29.0846 -32.4262 -31.0478
63.0747 -42.7856 -32.9895 -41.4306
67.3164 -46.2019 -28.638 -41.5235
62.707 -43.494 -23.7079 -42.0029
44.7459 -31.8266 -18.6892 -43.3525
61.3055 -44.0741 -11.8063 -29.3447
44.2677 -32.472 -15.4977 -34.6142
43.6646 -32.501 -13.7962 -31.4056
60.2515 -44.5347 -6.9841 -17.1544
47.2057 -35.522 -11.065 -22.5784
54.8002 -40.7301 -9.2967 -18.7908
66.1333 -52.127 -2.46143 -4.5181
45.2116 -35.1065 -4.78369 -12.4124
37.4659 -30.3963 -2.18592 -10.4928
31.1118 -26.4865 0.29689 -7.73541
45.0603 -38.2151 6.29383 8.9918
42.8569 -34.3137 0.781123 6.67181
40.7228 -33.1472 1.37809 13.153
33.741 -28.9604 2.63288 17.4534
41.7462 -34.107 3.08163 24.7785
21.6589 -21.6221 1.33374 15.3507
25.1901 -22.9843 2.66036 21.647
41.7892 -34.4538 7.62509 39.8733
41.7172 -33.3347 6.21993 29.8981
58.2952 -44.6852 11.2501 48.1317
50.8706 -40.6114 11.6819 55.062
33.2196 -30.4341 12.1634 61.2607
35.2695 -31.961 11.819 70.5998
43.4757 -36.9309 11.618 78.2715
35.987 -32.7783 12.8718 82.1892
39.5857 -34.9557 13.1538 89.8167
32.5319 -30.876 14.7266 92.9518
38.1244 -34.1053 15.6309 99.4527
44.8279 -37.843 16.8024 103.997
35.2303 -32.3905 19.2792 105.098
37.7712 -33.8132 19.3073 113.18
31.1294 -30.0409 19.809 118.152
47.7513 -40.9922 21.437 144.803
42.0273 -37.7156 19.7099 133.092
55.6146 -44.4938 26.0435 133.748
72.1804 -55.2723 27.837 160.403
35.2401 -32.5312 19.2656 128.426
33.1807 -29.8813 21.2717 155.085
49.6767 -40.4299 23.3108 181.742
56.7646 -42.7208 21.7659 141.697
73.2885 -53.1791 22.7324 171.273
90.4186 -63.7295 23.1502 202.532
62.4452 -47.9412 22.0791 181.237
29.0994 -30.2902 23.5517 182.973
45.578 -40.6601 24.2288 214.234
11.6879 -18.4852 26.673 163.721
28.0954 -28.66 27.4866 195.001
44.4946 -38.8402 28.3731 226.27
25.4236 -14.9231 -2.93397 -15.133
41.6755 -24.5911 -1.12395 16.2162
57.6355 -33.5255 -4.7687 28.5511
35.2671 -23.1556 -11.5155 16.1318
51.5216 -32.7768 -10.9855 52.4383
52.8815 -34.3711 -13.893 64.0104
41.7169 -29.6681 -15.4949 70.0525
31.8111 -25.3857 -16.654 78.2298
39.259 -29.1836 -18.3283 90.3422
36.9556 -28.1985 -18.6503 94.3739
32.5403 -25.7418 -18.6414 100.016
39.9921 -29.4702 -19.0492 109.677
47.8604 -33.0635 -19.852 118.067
39.3998 -29.0002 -20.342 123.897
29.7801 -24.348 -20.3567 165.749
36.2082 -27.0804 -21.8479 145.891
33.5378 -25.5524 -21.4305 149.143
49.6112 -34.6809 -21.1013 191.056
37.2956 -26.5349 -20.2965 165.293
34.4267 -24.898 -18.8928 166.324
50.4363 -33.8995 -28.2694 185.635
8.2571 -6.74188 -47.1319 109.259
24.1488 -15.5431 -45.9001 153.819
40.8831 -21.9377 -17.2328 80.1187
56.7277 -30.6764 -17.2172 128.381
10.2061 -7.15439 -19.0597 97.0558
26.0254 -15.7921 -18.8057 145.399
38.1138 -22.8969 -20.9423 119.196
53.8615 -31.5374 -20.4144 167.637
37.2523 -21.5542 -20.3983 170.763
52.9916 -30.1042 -9.04462 201.863
45.4573 -28.8489 -19.4113 182.632
11.2204 -10.5691 -17.8806 184.727
26.832 -18.9937 -7.29815 222.149
32.1479 -22.8947 -17.2261 210.516
31.4325 -22.3893 -16.5094 213.892
38.1818 -25.1541 -15.7917 226.461
51.5541 -33.9443 -14.8991 227.227
37.1011 -24.3871 -13.9231 237.763
31.4764 -21.8857 -12.4514 236.59
46.8419 -30.2808 -23.6564 262.527
32.8998 -22.1297 -9.06355 247.131
41.5803 -25.8495 -24.6002 219.558
54.1787 -34.5877 -8.23549 255.033
24.5472 -16.9925 -6.42644 205.627
39.7397 -25.1159 5.8656 247.711
54.9349 -33.2395 5.36563 312.474
52.8418 -30.8973 -5.99125 296.617
40.1942 -25.9331 10.2064 258.661
55.2971 -34.0176 9.94537 323.8
40.764 -27.8669 -3.44897 352.992
16.4047 -15.8415 -0.119209 284.718
31.388 -23.8751 0.375457 352.008
28.8929 -20.5227 1.89897 307.382
22.1293 -15.9402 2.77353 306.843
36.9298 -23.8465 -10.2698 346.456
41.2626 -25.8911 2.07485 325.532
18.7513 -15.1963 1.83413 179.513
23.2286 -16.8354 2.18225 256.527
37.2953 -24.8736 2.53037 333.541
49.7155 -30.4985 1.92787 344.384
39.1387 -26.2041 1.75459 255.411
37.2587 -23.8911 2.25337 334.449
35.7524 -24.4246 2.07512 346.305
27.8572 -21.0798 2.20415 270.413
42.2025 -28.9368 2.47638 361.585
36.4496 -24.1068 2.0028 369.48
27.906 -22.0246 2.8034 361.061
42.1361 -29.8991 2.4199 362.238
29.5823 -20.6226 2.78482 375.417
10.1086 -9.89868 3.44066 363.273
24.2077 -17.7504 2.50995 358.091
31.1224 -20.6607 2.28314 365.543
29.8047 -20.2613 0.376588 311.955
44.4671 -28.4981 -3.14378 370.776
60.9165 -32.9457 -25.3875 76.3414
61.7123 -34.3905 -58.0729 57.2983
33.1762 -22.1052 -38.7933 -37.7483
47.6625 -30.3103 -63.9462 -30.3504
44.102 -29.4168 -76.4586 -46.4356
31.2945 -25.9477 -88.6784 -83.6615
27.7304 -22.0587 -96.0491 -74.0183
34.0848 -24.7149 -101.659 -46.3809
31.9552 -24.0636 -109.036 -67.5862
46.4055 -32.3782 -109.943 -46.7063
36.0825 -24.1538 -131.588 -116.215
50.4591 -32.4848 -142.264 -63.3843
19.7846 -9.70119 -4781.6 59.2845
34.0499 -18.0065 -8056.09 236.75
47.5713 -26.4925 -11330.6 414.216
56.0309 -30.3686 118.863 -0.583526
18.8668 -8.06761 1.3238 79.8237
33.0197 -16.3963 16.7343 132.943
27.7786 -9.54837 14.2544 168.926
41.9766 -17.8531 13.4157 204.368
55.2533 -23.5429 3.6385 180.925
66.6647 -32.5244 5.52837 223.874
45.2475 -17.4464 -17.8283 92.6179
37.2956 -13.4146 -18.5445 76.4385
51.258 -21.9451 -17.2832 119.848
45.3047 -19.1933 -11.0079 91.0215
59.2574 -27.6455 -11.3405 134.454
28.0281 -10.8181 13.7952 115.42
41.8583 -19.234 10.7022 151.052
55.7019 -27.6373 7.23891 184.604
48.3265 -26.7075 6.67725 135.258
62.0629 -35.1644 2.57266 168.908
46.4317 -23.8037 6.8018 92.5369
60.096 -32.2672 2.01965 126.212
41.825 -28.8691 -16.4972 60.1172
29.8119 -22.9817 -9.60735 31.0266
26.7316 -18.5466 -14.7368 64.8703
29.8873 -22.5447 -14.4005 79.435
30.2835 -22.3376 -15.6404 69.9402
20.4843 -15.0643 -11.4192 29.3779
33.8972 -23.5514 -18.1378 53.7946
39.7419 -26.621 -18.4735 60.0477
22.8808 -16.0828 -13.3437 25.5996
34.8202 -24.9488 -20.1837 50.0697
39.0086 -26.0874 -20.4752 58.6113
48.4138 -31.569 -20.4316 80.0509
40.5301 -27.4466 -22.367 62.5227
30.0946 -21.5839 -31.2431 79.1034
30.9419 -21.8612 -24.3888 54.2564
28.2645 -19.9594 -25.5157 34.9737
41.3029 -28.4854 -35.5132 42.3711
31.879 -20.8015 -25.8761 21.6931
31.0956 -20.1127 -25.1682 21.0114
44.0295 -28.6672 -32.7172 40.763
33.1534 -20.7427 -23.9776 28.3628
31.5187 -19.7163 -23.5831 26.6769
20.1313 -11.9886 -15.9265 5.01611
32.9227 -20.5474 -22.9997 29.9054
15.873 -9.93517 -7.78085 15.1928
27.3413 -18.6787 -10.1427 13.3695
34.3262 -22.0016 -13.2627 16.4703
31.8532 -24.431 -8.63667 -8.23559
44.39 -32.9814 -17.8019 1.16126
34.8882 -24.3547 -20.2768 4.62538
28.1765 -23.7175 -14.3663 -9.71393
40.603 -32.3059 -23.9829 -2.66847
29.0765 -23.9027 -15.4645 3.17647
30.2307 -22.3108 -25.1489 10.1481
33.816 -24.4683 -26.6169 9.02626
29.2707 -22.884 -18.3798 -4.60242
33.3478 -23.8719 -28.1633 -4.8589
44.0507 -32.7481 -29.3453 -9.35301
11.5026 -8.20013 -12.4369 -10.4433
23.5453 -16.6886 -22.2528 -10.8189
35.5879 -25.1771 -32.0686 -11.1946
44.8335 -30.6326 -27.1893 -9.94945
56.8449 -39.1842 -32.5182 -19.0257
52.5779 -37.6678 -41.4506 -11.481
49.4201 -36.5451 -43.8004 -12.643
61.19 -44.9393 -53.4674 -19.3518
29.915 -23.1775 -41.3085 -20.2851
24.0444 -18.4389 -38.816 -24.0038
35.6698 -26.9318 -48.5202 -30.6457
17.1891 -17.3808 13.4945 -12.4481
28.4996 -25.9983 4.01719 -19.4337
39.2987 -35.9851 -8.30888 -30.2397
50.4679 -44.7644 -17.874 -37.1763
62.0942 -53.7947 -29.0855 -43.7951
61.0619 -54.642 -38.752 -42.5281
43.7023 -43.0284 -44.9032 -32.5651
34.1776 -29.7755 -48.285 -27.2142
25.0752 -27.313 -50.5366 -34.7734
23.1239 -23.7679 -51.5637 -35.8436
22.4999 -21.1177 -51.9598 -32.8153
33.4398 -29.6984 -60.9829 -44.9946
34.9254 -25.7977 -59.9281 -30.8659
32.6883 -22.9824 -51.774 -35.5851
43.5563 -31.5798 -50.6667 -27.854
31.1546 -19.6385 -49.1496 -34.1562
29.4684 -17.6445 -46.861 -37.0762
40.0873 -26.0339 -45.5561 -68.12
30.9232 -17.2014 -41.3642 -49.2639
16.9342 -6.05429 -28.7275 -25.3653
27.487 -14.4332 -36.941 -41.9433
29.3867 -17.4048 -33.8176 -26.859
35.1015 -20.3582 -42.0114 -43.3641
37.386 -22.6895 -31.214 -59.0828
27.3797 -20.8012 -30.6948 -46.9383
26.5493 -16.41 -38.6246 -64.1411
28.1195 -17.9798 -26.275 -48.6599
26.1855 -17.1311 -23.8595 -51.0757
27.3798 -14.9939 -21.934 -82.8973
27.0825 -18.5124 -18.6227 -61.3939
5.17242 -2.53791 -7.69297 -16.5196
15.2013 -10.7858 -14.6885 -36.3956
26.939 -20.7903 1.26443 -66.2358
32.2452 -23.449 -5.49376 -86.1261
31.6619 -27.1762 -4.77837 -59.4191
22.5541 -26.1836 -8.29565 -31.542
22.3679 -22.3381 -14.1531 -54.2589
23.7838 -23.7921 -8.41301 -70.7233
18.3775 -22.995 -10.5813 -64.2746
27.9746 -31.0959 -16.2656 -86.9011
22.6902 -22.6764 -11.5686 -63.9126
21.8689 -21.7638 -12.4289 -60.1722
28.2787 -30.4038 -18.1454 -82.6048
12.6369 -12.9339 -7.50431 -36.8636
15.3475 -14.7854 -13.014 -59.1479
22.9151 -20.6012 -3.89442 -73.754
32.111 -28.4377 -8.33895 -98.3523
32.9421 -26.7469 -7.5109 -103.154
42.0989 -34.6022 -11.8646 -127.63
12.7934 -12.6823 -3.49242 -39.9792
21.8309 -20.6277 -7.78463 -64.1891
29.5274 -28.7428 -4.96241 -94.7598
34.244 -30.9095 -10.5125 -97.4187
41.3675 -36.5541 -7.6329 -117.932
26.3085 -31.3845 -12.5115 -90.6395
22.2243 -22.0859 -16.393 -114.693
4.89641 -1.61427 14.0505 -23.7237
13.5106 -9.26528 11.1924 -49.0541
19.3922 -17.616 19.8597 -51.9526
27.9557 -25.2864 17.2596 -77.0829
36.5192 -32.9568 14.6595 -102.213
4.37813 -8.05585 9.04861 -69.3483
12.8425 -15.7874 6.57323 -94.2206
23.9055 -25.2069 3.98932 -119.12
18.6823 -21.2795 -5.89421 -94.8581
27.0985 -29.0433 -11.2741 -95.7047
26.2811 -28.0635 -15.4662 -92.1997
22.0528 -23.9412 -18.3529 -78.0765
26.9586 -31.7755 -20.0432 -103.846
20.8902 -19.972 -21.7405 -72.7887
20.3678 -18.3801 -12.8988 -76.853
19.3089 -16.4179 -14.5179 -102.436
22.3185 -18.2069 -14.656 -86.0395
21.4927 -17.3479 -11.98 -78.2386
19.7141 -15.5226 -13.5104 -103.633
22.3387 -17.4543 -15.7845 -68.7188
21.1655 -16.5035 -14.7983 -65.4713
25.2502 -24.0404 -8.5802 -95.8809
21.2251 -16.4189 -8.35529 -70.3014
7.0385 -1.87539 -6.87003 -34.9609
14.5672 -9.01746 -7.47276 -60.5155
22.0813 -16.1581 -2.73801 -68.8273
26.957 -22.2327 5.77798 -91.4449
19.4287 -13.415 2.36981 -80.9762
26.9573 -20.5817 6.53332 -108.913
11.8796 -11.6843 -3.65872 -48.7655
14.5416 -11.6165 -3.65398 -74.0528
21.6695 -18.408 8.48692 -105.954
13.7246 -14.1206 10.8412 -92.8847
20.797 -20.9289 3.86331 -77.2246
13.2344 -10.1165 2.34697 -72.0493
16.1229 -17.3604 6.55012 -98.9534
16.8629 -17.7669 1.9868 -64.0762
15.2698 -16.3518 1.41909 -59.2744
13.5978 -14.7076 7.45848 -86.761
16.151 -16.6277 5.46169 -61.8877
15.3918 -15.9157 5.81464 -59.1843
9.03306 -9.49279 4.73938 -53.2475
15.5575 -15.9221 9.27559 -60.7362
17.8267 -17.9955 13.4612 -69.4232
15.8737 -16.5975 14.9812 -93.6384
16.4622 -17.3056 11.8851 -64.2032
11.0465 -16.1588 9.18134 -37.2341
17.5025 -22.632 10.8941 -61.1743
12.3614 -12.6401 25.8706 -63.8641
18.7448 -19.162 27.4707 -87.7056
24.9072 -25.3816 23.6488 -86.1121
30.2463 -31.4834 25.936 -109.12
28.9045 -30.5832 19.4539 -101.129
5.8131 -10.1816 -7.73806 -26.8589
11.7716 -16.2192 -5.39712 -49.7978
7.24355 -9.06862 -11.5059 -41.0546
13.1821 -15.1152 -9.17962 -63.8848
6.85225 -7.11571 20.1307 -11.7126
12.6906 -13.2263 22.5946 -34.2088
17.8675 -18.8959 32.3574 -61.9511
20.3514 -22.8096 31.3645 -76.3628
25.7031 -28.4447 34.1721 -97.7823
16.2182 -24.0761 17.8932 -78.5188
21.547 -29.7297 17.2069 -98.805
16.7429 -21.5351 5.93324 -73.6083
8.60984 -11.7984 3.60959 -61.8467
13.9157 -17.463 6.41936 -83.0891
15.0266 -17.9465 2.39581 -78.7462
9.13061 -7.92383 -13.364 -33.2322
14.4126 -13.6013 -10.5671 -54.372
13.1216 -14.2924 -6.94554 -57.4941
12.2544 -12.8709 -1.05581 -55.4714
17.0195 -18.0308 1.90056 -75.2551
12.4557 -11.9063 -0.0711121 -53.9944
11.8938 -11.1589 0.91486 -51.0815
8.49077 -10.244 3.05414 -31.7552
13.2208 -15.4238 6.08155 -51.3476
12.1878 -11.2275 10.8461 -57.1715
11.8255 -11.3055 8.73454 -51.9546
7.48349 -7.12362 5.05527 -28.56
12.0004 -12.1017 8.14195 -47.4208
13.2397 -13.4466 11.9656 -51.6174
11.3615 -11.9574 9.93379 -45.7724
11.2377 -12.0333 11.2531 -46.1679
5.13022 -5.09967 12.1599 -19.0134
8.14756 -8.02383 15.1716 -36.6382
11.5279 -11.7877 26.7212 -48.9164
15.6164 -16.4673 29.7549 -66.5676
11.8313 -13.8967 14.0938 -32.9365
15.931 -18.56 17.2656 -50.4453
14.5751 -17.3865 23.3665 -59.7297
18.1112 -21.4247 25.7615 -72.6692
16.1102 -19.4539 20.0923 -67.9116
10.5562 -14.5715 5.2059 -50.373
14.0723 -18.6242 8.26127 -65.8709
6.22642 -9.36292 -0.297913 -35.3776
6.05411 -8.48153 0.502126 -33.3575
9.55117 -12.5466 3.54389 -48.7925
8.25549 -9.12058 10.5961 -47.8099
4.82308 -3.80271 16.2871 -12.2796
7.29102 -6.97689 19.3901 -22.8009
8.166 -8.50855 22.8399 -33.8829
11.0263 -11.9196 25.6306 -46.9083
8.02527 -11.8338 9.41798 -23.9982
9.0056 -15.3062 7.53044 -23.0783
8.99127 -11.8429 10.3095 -36.0585
10.1312 -13.0179 11.0737 -42.5868
8.41981 -11.3706 7.27721 -39.3085
8.70595 -14.8533 3.71333 -33.8089
1.47912 -1.04172 0.905094 -34.562
4.20046 -4.39162 3.51041 -47.1764
2.24321 -2.27713 20.517 -33.4029
4.40147 -4.99897 22.7937 -43.7097
4.67608 -6.15558 13.6571 -41.3518
6.84267 -8.89324 15.8813 -51.6619
8.21558 -9.5748 6.57835 -44.2379
8.11933 -11.0729 3.10053 -42.8445
6.96337 -9.96258 -2.40588 -36.2295
7.42855 -8.20928 -5.90179 -30.2409
5.61275 -7.92856 -4.08013 -30.7854
5.15628 -7.07705 -3.41789 -29.0451
3.2758 -3.38595 -2.40147 -16.0759
4.31703 -5.30354 -0.731919 -23.4397
4.66671 -5.38275 1.88106 -23.307
3.81819 -4.39776 1.21402 -19.1578
5.28128 -6.33379 -0.922448 -14.8468
3.28606 -3.64762 2.37884 -15.1876
3.16777 -3.49099 3.0589 -13.998
2.94034 -3.28389 3.24284 -12.6597
4.38954 -5.22954 4.85262 -20.0058
3.6152 -3.99197 7.58123 -17.1224
3.01539 -3.20374 9.80758 -18.5033
3.09242 -2.14558 6.93931 -13.0658
1.67006 -1.83485 5.04704 -8.99239
1.10904 -1.21005 2.84409 -4.25965
0.773861 -0.751222 2.05788 -1.2768
1.1327 -0.592018 2.65553 -0.213451
1.30362 -1.05661 4.89848 -1.95927
1.46089 -1.20968 4.56211 1.50847
2.21838 -2.26612 5.51361 -2.53928
1.76099 -1.65928 6.7461 -4.11365
1.37531 -1.79372 7.00154 -4.8431
0.598118 -0.172329 5.05674 1.51597
-0.870087 1.72692 2.30972 8.54699
-0.819725 1.6551 2.49501 8.15612
-0.922588 1.96158 3.58972 9.0745
-0.748531 1.88206 3.69645 8.87544
-0.310169 1.48009 4.77931 8.0498
-0.260379 1.40788 4.96245 7.65832
-0.0777007 1.08681 4.80682 6.59198
-0.0282041 1.01439 5.10988 5.84463
-0.578302 1.7518 4.07285 8.56243
-1.2907 2.71343 2.66676 12.1733
-1.98725 3.64716 1.39187 15.5107
-2.66699 4.6584 0.706597 19.1901
-1.66526 2.86918 0.761996 19.5696
-2.3302 3.89 0.149272 23.2533
-1.96374 4.18198 1.67729 19.2108
-2.63488 5.1991 1.12113 22.8869
-3.20642 5.98028 0.50791 24.3547
-3.89221 7.00318 0.67191 27.9714
-1.56024 3.8468 4.11783 16.008
-10.2901 -10.0079 -12.6009 -2.50051
-10.4049 -9.59192 -14.5958 -3.9517
-10.4049 -9.59192 -14.5958 -3.9517
-10.9847 -9.22587 -14.658 -0.951308
-10.9847 -9.22587 -14.658 -0.951308
-10.7214 -8.28095 -13.4289 -1.1598
-10.3379 -7.11938 -11.9096 -1.55316
-10.3429 -7.11854 -11.9096 -1.55316
-9.09176 -6.1387 -10.4782 -1.76602
-8.80407 -4.28301 -8.05911 -2.05987
-8.25986 -3.6024 -7.08283 -2.10665
-7.72399 -3.01642 -6.2756 -1.94115
-7.72399 -3.01642 -6.2756 -1.94115
-6.17438 -1.82818 -4.34506 -1.89214
-6.17438 -1.82818 -4.34506 -1.89214
-5.1746 -1.62498 -3.86713 -1.79398
-5.17831 -1.6132 -3.87032 -1.78518
-4.82892 -1.10106 -3.07683 -1.58498
-4.43051 -0.925296 -2.74901 -1.48182
-4.05652 -0.773277 -2.45728 -1.38268
-3.70534 -0.641822 -2.19852 -1.28634
-3.37736 -0.520396 -1.96987 -1.19145
-3.41087 -0.375632 -1.75914 -1.1112
-2.78045 -0.343542 -1.57505 -1.03052
-2.51147 -0.269977 -1.40809 -0.956999
-2.26043 -0.204937 -1.25849 -0.88827
-2.02629 -0.142705 -1.1268 -0.821003
-2.02629 -0.142705 -1.1268 -0.821003
-1.80764 -0.0937656 -1.00782 -0.760353
-1.07043 0.0509097 -0.634646 -0.565656
-0.906205 0.0241881 -0.636027 -0.565439
-0.394005 0.145261 -0.339035 -0.395504
-0.394005 0.145261 -0.339035 -0.395504
1.81945 -10.3734 5.4247 -12.4168
1.81945 -10.3734 5.4247 -12.4168
12.0081 -25.2104 12.3512 -27.7459
18.1724 -39.1995 18.4995 -42.5238
22.9438 -51.6272 24.7968 -66.023
24.7784 -61.8188 24.7968 -66.023
29.0729 -70.8529 28.7547 -75.2818
30.6963 -78.2781 29.9931 -82.5274
32.1255 -89.9406 30.7885 -93.5849
32.1255 -89.9406 30.7885 -93.5849
32.0732 -94.4439 30.1216 -93.446
32.0732 -94.4439 30.1216 -93.446
31.6883 -105.151 28.8229 -106.9
31.6883 -105.151 28.8229 -106.9
30.9554 -111.084 27.9579 -109.433
30.9554 -111.084 27.9579 -109.433
30.6687 -113.705 26.84 -113.485
30.464 -116.466 26.2206 -115.192
30.1142 -119.013 25.5966 -116.735
29.8691 -119.076 25.3562 -116.789
29.3773 -123.853 24.1553 -119.423
29.4561 -123.855 24.1553 -119.423
28.7526 -128.192 23.0906 -121.736
28.7526 -128.192 23.0906 -121.736
28.7476 -133.027 22.4063 -123.674
28.7107 -135.621 22.0021 -124.582
28.3279 -138.116 21.3431 -125.468
28.3279 -138.116 21.3431 -125.468
28.3149 -142.641 20.7596 -126.682
28.2917 -145.176 20.4113 -127.275
28.2171 -147.617 20.0689 -127.852
28.9091 -150.362 19.4036 -128.6
28.1261 -152.499 19.4036 -128.6
27.9871 -154.732 19.0686 -128.902
28.0176 -157.399 18.8141 -129.178
28.0258 -159.969 18.5558 -129.379
27.7581 -160.027 18.9733 -129.611
27.9215 -164.814 18.0295 -129.682
27.9061 -167.316 17.828 -129.774
27.9054 -169.936 17.6441 -130.002
27.9266 -172.547 17.4467 -130.002
27.6251 -175.25 17.0166 -129.988
27.6251 -175.25 17.0166 -129.988
27.8212 -180.011 16.9184 -129.876
27.9368 -182.937 16.8119 -129.83
29.1565 -189.036 17.0667 -130.069
29.1565 -189.036 17.0667 -130.069
27.9064 -190.931 16.4735 -129.605
27.3887 -193.213 16.1002 -129.479
27.3887 -193.213 16.1002 -129.479
27.4144 -196.761 -48.0144 -81.7042
29.1374 -202.038 -69.5493 190.033
30.9421 -205.133 -67.8492 191.979
36.2671 -210.854 -62.7752 170.345
34.8184 -211.862 -55.7118 166.35
35.6407 -214.835 -49.858 156.234
37.8852 -217.494 -45.6492 147.196
38.1771 -220.191 -40.5745 139.257
38.1771 -220.191 -40.5745 139.257
42.6406 -228.07 -25.1768 111.884
42.6406 -228.07 -25.1768 111.884
42.6406 -228.07 -25.1768 111.884
-63.284 293.033 -17.8961 96.9096
-63.284 293.033 -17.8961 96.9096
-61.8445 293.375 -17.4207 97.0151
-61.8445 293.375 -17.4207 97.0151
-59.1551 272.109 -14.9053 88.3052
-57.5664 263.214 -13.6254 84.4458
