0.16351 -0.1486 -0.200767 -0.148608
0.163508 -0.148604 -0.200765 -0.148612
0.163508 -0.148604 -0.200765 -0.148612
0.163509 -0.148604 -0.200764 -0.148613
0.163511 -0.14861 -0.200768 -0.148671
0.163511 -0.14861 -0.200768 -0.148671
0.163537 -0.148611 -0.200772 -0.148699
0.163462 -0.1488 -0.200778 -0.148781
0.163462 -0.1488 -0.200778 -0.148781
0.163462 -0.1488 -0.200778 -0.148781
0.163417 -0.149105 -0.200852 -0.149153
0.16343 -0.149106 -0.200883 -0.149213
0.163369 -0.149284 -0.200909 -0.149298
0.163364 -0.149353 -0.200915 -0.149411
0.163355 -0.149352 -0.20095 -0.149477
0.163287 -0.149559 -0.200992 -0.149571
0.163274 -0.149632 -0.201059 -0.149768
0.163207 -0.149757 -0.201059 -0.149768
0.163155 -0.14986 -0.201095 -0.14987
0.16307 -0.150035 -0.201173 -0.150077
0.163027 -0.150068 -0.201173 -0.150078
0.162953 -0.150174 -0.201215 -0.150184
0.162786 -0.150388 -0.201303 -0.150395
0.162786 -0.150388 -0.201302 -0.150397
0.162695 -0.150496 -0.201349 -0.150504
0.162572 -0.150715 -0.201445 -0.150715
0.162496 -0.15071 -0.201445 -0.150717
0.162391 -0.150816 -0.201495 -0.150824
0.162308 -0.150927 -0.201564 -0.151034
0.16217 -0.151026 -0.201564 -0.151036
0.162056 -0.15113 -0.201651 -0.151136
0.161871 -0.151197 -0.201685 -0.151263
0.161871 -0.151197 -0.201685 -0.151263
0.161416 -0.15159 -0.201952 -0.15164
0.161373 -0.15171 -0.201985 -0.151714
0.161282 -0.151783 -0.202028 -0.151821
0.16117 -0.151885 -0.202063 -0.151836
0.161182 -0.151898 -0.202108 -0.151978
0.160983 -0.152038 -0.202222 -0.152066
0.160878 -0.152098 -0.202246 -0.152109
0.160786 -0.152197 -0.202293 -0.152204
0.160695 -0.152257 -0.202338 -0.152284
0.160594 -0.152305 -0.202376 -0.15228
0.160503 -0.152388 -0.202442 -0.152396
0.160411 -0.152442 -0.202492 -0.15245
0.160318 -0.152489 -0.202582 -0.152522
0.160228 -0.152538 -0.202595 -0.152546
0.16014 -0.152578 -0.202646 -0.152586
0.159816 -0.15266 -0.202766 -0.152666
0.159754 -0.15266 -0.202766 -0.152666
0.159658 -0.152725 -0.202967 -0.152734
0.159582 -0.15274 -0.20307 -0.152736
0.159582 -0.15274 -0.20307 -0.152736
0.159398 -0.152734 -0.203135 -0.152743
0.159398 -0.152734 -0.203135 -0.152743
0.159268 -0.152717 -0.203288 -0.152724
0.159268 -0.152717 -0.203288 -0.152724
0.159203 -0.152702 -0.203347 -0.152709
0.159123 -0.152707 -0.20341 -0.152685
0.159056 -0.152688 -0.203474 -0.15266
0.158788 -0.152582 -0.20373 -0.152539
0.158817 -0.152508 -0.203746 -0.152524
0.158817 -0.152508 -0.203746 -0.152524
0.158474 -0.152353 -0.204057 -0.152307
0.158432 -0.152292 -0.204057 -0.152307
0.158373 -0.152249 -0.204156 -0.152236
0.158296 -0.152219 -0.204231 -0.152166
0.158296 -0.152219 -0.204231 -0.152166
0.1582 -0.152108 -0.204324 -0.152091
0.158089 -0.15201 -0.204446 -0.152016
0.158089 -0.15201 -0.204433 -0.151991
0.157981 -0.151912 -0.204485 -0.151899
0.157981 -0.151912 -0.204538 -0.151893
0.157917 -0.151874 -0.204601 -0.151828
0.157846 -0.151867 -0.204601 -0.151829
0.157824 -0.151763 -0.204692 -0.151742
0.157773 -0.151712 -0.204742 -0.151691
0.157718 -0.151668 -0.204777 -0.151599
0.157672 -0.151612 -0.204777 -0.151599
0.157623 -0.151563 -0.204891 -0.151542
0.157574 -0.151514 -0.20494 -0.151491
0.157525 -0.151463 -0.204918 -0.15145
0.157477 -0.151414 -0.205037 -0.151394
0.157433 -0.151362 -0.205081 -0.151349
0.157433 -0.151362 -0.205056 -0.151305
0.157334 -0.151269 -0.205181 -0.15125
0.157287 -0.151221 -0.205228 -0.151203
0.157295 -0.151214 -0.20522 -0.151212
0.157249 -0.151165 -0.205322 -0.151111
0.157148 -0.151084 -0.205287 -0.151075
0.15707 -0.150983 -0.205449 -0.150993
0.156968 -0.150911 -0.205553 -0.150897
0.156968 -0.150911 -0.205553 -0.150897
0.156968 -0.150911 -0.205553 -0.150897
0.156937 -0.150858 -0.205561 -0.150829
0.156881 -0.150832 -0.205642 -0.15082
0.156838 -0.150795 -0.205686 -0.15078
0.156812 -0.150741 -0.205714 -0.150761
0.156753 -0.150721 -0.205774 -0.150705
0.156711 -0.150685 -0.205817 -0.15067
0.156668 -0.150649 -0.205861 -0.150635
0.156668 -0.150649 -0.205861 -0.150635
0.156542 -0.15055 -0.205992 -0.150539
0.156563 -0.150529 -0.205971 -0.150564
0.156501 -0.150518 -0.206035 -0.150507
0.15646 -0.150488 -0.206077 -0.150478
0.156441 -0.150435 -0.206099 -0.150475
0.156441 -0.150435 -0.206073 -0.150431
0.156318 -0.150349 -0.206292 -0.150339
0.156213 -0.150321 -0.20627 -0.150368
0.156213 -0.150321 -0.206335 -0.150314
0.156213 -0.150321 -0.206335 -0.150314
0.156131 -0.150271 -0.20642 -0.150265
0.156131 -0.150272 -0.20642 -0.150265
0.156114 -0.150222 -0.206439 -0.150273
0.156114 -0.150222 -0.206507 -0.150217
0.156006 -0.1502 -0.206551 -0.150195
0.156031 -0.150173 -0.206501 -0.150183
0.156223 -0.149957 -0.206163 -0.150181
0.155704 -0.149992 -0.206163 -0.150181
0.155397 -0.149966 -0.207178 -0.149964
0.155397 -0.149966 -0.207178 -0.149964
0.155329 -0.149955 -0.207246 -0.149954
0.155329 -0.149955 -0.207246 -0.149954
0.155329 -0.149955 -0.207246 -0.149954
0.155193 -0.149943 -0.20738 -0.14994
0.155158 -0.149939 -0.207423 -0.149934
0.155131 -0.149925 -0.207446 -0.149933
0.155093 -0.14992 -0.207489 -0.149915
0.155054 -0.149922 -0.207525 -0.149909
0.155018 -0.149914 -0.207561 -0.149901
0.154953 -0.149883 -0.207583 -0.149914
0.154953 -0.149883 -0.207649 -0.149905
0.154908 -0.149885 -0.207675 -0.149874
0.154892 -0.14985 -0.207693 -0.14989
0.154841 -0.149845 -0.207771 -0.14988
0.154793 -0.149847 -0.207794 -0.149837
0.154754 -0.149832 -0.207835 -0.149822
0.154714 -0.149816 -0.207899 -0.149844
0.154674 -0.1498 -0.20792 -0.149791
0.154633 -0.149782 -0.207962 -0.149773
0.154561 -0.149724 -0.208074 -0.149781
0.15455 -0.149744 -0.208074 -0.14978
0.154508 -0.149725 -0.208093 -0.149718
0.154435 -0.149663 -0.208209 -0.149724
0.154424 -0.149683 -0.208209 -0.149724
0.154381 -0.149662 -0.208227 -0.149656
0.15437 -0.149605 -0.20824 -0.149677
0.154359 -0.149625 -0.208347 -0.149661
0.154317 -0.149524 -0.208298 -0.149675
0.154348 -0.14949 -0.208267 -0.149717
0.154122 -0.149523 -0.2085 -0.149519
0.154122 -0.149523 -0.2085 -0.149519
0.153953 -0.149432 -0.208676 -0.149429
0.15398 -0.149403 -0.20865 -0.149464
0.153912 -0.149411 -0.208719 -0.149406
0.153872 -0.14939 -0.208761 -0.149385
0.153832 -0.149369 -0.208803 -0.149361
0.153752 -0.149327 -0.208887 -0.149317
0.153752 -0.149327 -0.208887 -0.149317
0.153713 -0.149306 -0.208928 -0.149296
0.153701 -0.149255 -0.20901 -0.149254
0.153644 -0.149248 -0.20901 -0.149254
0.153595 -0.149244 -0.209051 -0.149233
0.153586 -0.149191 -0.209062 -0.149252
0.153518 -0.149202 -0.209132 -0.14919
0.153479 -0.149182 -0.209173 -0.14917
0.153365 -0.149121 -0.209293 -0.149109
0.153365 -0.149121 -0.209293 -0.149109
0.153365 -0.149121 -0.209293 -0.149109
0.15336 -0.149068 -0.2094 -0.149119
0.153347 -0.14909 -0.2094 -0.149119
0.153255 -0.149064 -0.20941 -0.149051
0.153289 -0.149028 -0.209376 -0.149097
0.153239 -0.149034 -0.209516 -0.149062
0.153147 -0.149008 -0.209525 -0.148993
0.153008 -0.148937 -0.209734 -0.149026
0.153008 -0.148937 -0.209734 -0.149026
0.152836 -0.148827 -0.209846 -0.148909
0.152836 -0.148827 -0.209846 -0.148909
0.152736 -0.148837 -0.209965 -0.148827
0.152676 -0.148828 -0.210043 -0.148836
0.152676 -0.148828 -0.210043 -0.148837
0.152676 -0.148828 -0.210029 -0.148813
0.152657 -0.148825 -0.210049 -0.148811
0.152681 -0.1488 -0.210025 -0.148844
0.152622 -0.148822 -0.210087 -0.148802
0.152605 -0.14882 -0.210106 -0.148797
0.15262 -0.148783 -0.210094 -0.148837
0.15262 -0.148783 -0.210072 -0.148801
0.152555 -0.14881 -0.210162 -0.148787
0.152539 -0.148807 -0.210181 -0.148782
0.152577 -0.148765 -0.210142 -0.148835
0.152508 -0.148798 -0.210217 -0.148774
0.152493 -0.148794 -0.210235 -0.148769
0.152525 -0.148739 -0.210206 -0.148828
0.152464 -0.148784 -0.210175 -0.148775
0.15245 -0.148779 -0.210287 -0.148756
0.152489 -0.148719 -0.210251 -0.148822
0.152489 -0.148719 -0.210251 -0.148822
0.152412 -0.148765 -0.210335 -0.148741
0.152401 -0.148761 -0.21035 -0.148736
0.152458 -0.1487 -0.210293 -0.148814
0.152409 -0.148684 -0.21039 -0.148725
0.152372 -0.148747 -0.21039 -0.148725
0.152425 -0.148678 -0.210341 -0.148806
0.152425 -0.148678 -0.210456 -0.148788
0.15235 -0.148738 -0.210424 -0.148715
0.152344 -0.148735 -0.210434 -0.148711
0.152409 -0.148665 -0.210444 -0.148709
0.152335 -0.148731 -0.210452 -0.148708
0.152328 -0.148727 -0.210472 -0.148705
0.152397 -0.148653 -0.210403 -0.148799
0.152328 -0.148727 -0.210476 -0.148707
0.152328 -0.148727 -0.210476 -0.148707
0.15233 -0.148727 -0.210479 -0.14871
0.152351 -0.148734 -0.210481 -0.148707
0.152403 -0.148656 -0.210482 -0.14871
0.152359 -0.14874 -0.210526 -0.148789
0.152373 -0.148759 -0.210356 -0.148755
0.152373 -0.148759 -0.210469 -0.148737
0.152384 -0.148766 -0.210462 -0.148746
0.152418 -0.148785 -0.210445 -0.148762
0.152418 -0.148785 -0.210445 -0.148762
0.152432 -0.148794 -0.210478 -0.148845
0.152446 -0.148805 -0.210468 -0.148858
0.152459 -0.148816 -0.210303 -0.14881
0.152499 -0.148841 -0.210429 -0.148893
0.152577 -0.148757 -0.210351 -0.149
0.15252 -0.148853 -0.210458 -0.148982
0.15254 -0.148866 -0.210351 -0.148845
0.152644 -0.148794 -0.210252 -0.148968
0.152584 -0.148896 -0.210361 -0.148951
0.152612 -0.148911 -0.210295 -0.148887
0.152729 -0.148836 -0.21014 -0.148935
0.152729 -0.148836 -0.21014 -0.148935
0.152694 -0.148959 -0.21023 -0.148934
0.15282 -0.148881 -0.210117 -0.149072
0.15282 -0.148881 -0.210066 -0.148985
0.152785 -0.149011 -0.210157 -0.148986
0.152921 -0.148931 -0.210103 -0.149021
0.152959 -0.149107 -0.210014 -0.149086
0.152959 -0.149107 -0.210014 -0.149086
0.152997 -0.149127 -0.209982 -0.149109
0.15311 -0.149028 -0.209835 -0.149149
0.153079 -0.149174 -0.209913 -0.149155
0.153122 -0.1492 -0.209876 -0.149178
0.15324 -0.149099 -0.209839 -0.149202
0.153284 -0.149124 -0.2098 -0.149228
0.153278 -0.149301 -0.209773 -0.14937
0.153304 -0.149305 -0.209773 -0.14937
0.153352 -0.149331 -0.209679 -0.149308
0.153481 -0.149226 -0.20969 -0.149427
0.153402 -0.14936 -0.209636 -0.149335
0.153527 -0.149444 -0.209444 -0.149535
0.153557 -0.149448 -0.209391 -0.149442
0.153611 -0.149479 -0.209455 -0.149455
0.153774 -0.149395 -0.209359 -0.149518
0.153721 -0.149545 -0.209359 -0.149518
0.153778 -0.149576 -0.20931 -0.149551
0.15395 -0.149488 -0.209208 -0.149615
0.15386 -0.149641 -0.209208 -0.149615
0.153955 -0.149678 -0.209156 -0.149651
0.154135 -0.149585 -0.208984 -0.149847
0.154135 -0.149586 -0.20905 -0.149721
0.154141 -0.149786 -0.208995 -0.149759
0.154263 -0.149653 -0.20881 -0.149816
0.154463 -0.149765 -0.208698 -0.150044
0.154364 -0.149933 -0.208827 -0.150024
0.154364 -0.149933 -0.208827 -0.150024
0.154565 -0.150059 -0.208632 -0.150148
0.154714 -0.150147 -0.2085 -0.150236
0.154766 -0.150153 -0.20844 -0.15013
0.154842 -0.150196 -0.208371 -0.150176
0.155152 -0.149926 -0.208056 -0.150412
0.155047 -0.150107 -0.208117 -0.150288
0.155312 -0.150019 -0.208092 -0.150599
0.155207 -0.150199 -0.208092 -0.150599
0.15532 -0.150491 -0.208129 -0.150792
0.15532 -0.150491 -0.207947 -0.150467
0.155404 -0.150543 -0.207873 -0.15052
0.155574 -0.150654 -0.207784 -0.150736
0.155574 -0.150654 -0.207722 -0.150625
0.15566 -0.150707 -0.207646 -0.150681
0.155958 -0.150615 -0.207424 -0.150926
0.155958 -0.150615 -0.207424 -0.150926
0.155982 -0.150665 -0.207474 -0.150967
0.156017 -0.150934 -0.20733 -0.150913
0.156132 -0.151054 -0.207167 -0.151029
0.156132 -0.151054 -0.207167 -0.151029
0.156296 -0.151121 -0.207084 -0.151093
0.156416 -0.151245 -0.206915 -0.151218
0.156416 -0.151245 -0.206915 -0.151218
0.156585 -0.151315 -0.206828 -0.151286
0.156709 -0.151446 -0.206649 -0.15142
0.156709 -0.151446 -0.206649 -0.15142
0.156886 -0.15152 -0.206414 -0.151512
0.156989 -0.151594 -0.206462 -0.151561
0.157093 -0.151667 -0.20629 -0.151788
0.157198 -0.151739 -0.206266 -0.151709
0.157305 -0.151817 -0.206165 -0.151783
0.157636 -0.15205 -0.205847 -0.152021
0.157636 -0.15205 -0.205847 -0.152021
0.157636 -0.15205 -0.205847 -0.152021
0.157636 -0.15205 -0.205847 -0.152021
0.158099 -0.152385 -0.205523 -0.152621
0.158121 -0.152463 -0.205341 -0.152858
0.158218 -0.152471 -0.205341 -0.152858
0.15834 -0.152562 -0.205431 -0.153056
0.15834 -0.152562 -0.205431 -0.153056
0.158586 -0.152751 -0.204786 -0.152739
0.158586 -0.152751 -0.204931 -0.152719
0.158711 -0.152845 -0.204818 -0.152812
0.158859 -0.153037 -0.204507 -0.153164
0.158859 -0.153037 -0.204507 -0.153164
0.159116 -0.153232 -0.204276 -0.153365
0.159138 -0.153327 -0.20407 -0.15363
0.159357 -0.153343 -0.20407 -0.15363
0.15949 -0.153444 -0.204113 -0.153416
0.159626 -0.153556 -0.203987 -0.153518
0.160121 -0.153538 -0.20351 -0.154017
0.160041 -0.153885 -0.203597 -0.153848
0.160041 -0.153885 -0.203597 -0.153849
0.160326 -0.154114 -0.20332 -0.154076
0.160326 -0.154114 -0.20332 -0.154076
0.160617 -0.154347 -0.203111 -0.154465
0.160617 -0.154346 -0.203034 -0.154312
0.160765 -0.154466 -0.202887 -0.154432
0.161067 -0.154713 -0.202665 -0.154833
0.161067 -0.154712 -0.202587 -0.154677
0.161976 -0.154324 -0.202032 -0.155237
0.161976 -0.154324 -0.202032 -0.155237
0.162706 -0.153531 -0.201295 -0.156158
0.162237 -0.155094 -0.201621 -0.155461
0.162237 -0.155094 -0.201621 -0.155461
0.162237 -0.155094 -0.201621 -0.155461
0.164182 -0.156967 -0.199161 -0.157412
0.164369 -0.156793 -0.198974 -0.15765
0.164356 -0.15749 -0.198872 -0.157506
0.164685 -0.157419 -0.198535 -0.157821
0.164685 -0.157419 -0.198535 -0.157821
0.16502 -0.157899 -0.198235 -0.157906
0.165196 -0.15771 -0.198059 -0.158114
0.165193 -0.157995 -0.19808 -0.157992
0.165365 -0.158084 -0.197924 -0.15809
0.165722 -0.157983 -0.197584 -0.158395
0.165722 -0.157981 -0.197584 -0.158395
0.16587 -0.15836 -0.19747 -0.158346
0.166239 -0.158224 -0.197118 -0.158664
0.166239 -0.158224 -0.197118 -0.158664
0.166362 -0.158617 -0.197031 -0.158594
0.166524 -0.158705 -0.196887 -0.158674
0.166844 -0.158868 -0.196602 -0.158842
0.166844 -0.158868 -0.196602 -0.158842
0.167005 -0.158954 -0.196461 -0.158927
0.167326 -0.15913 -0.196179 -0.1591
0.167326 -0.15913 -0.196179 -0.1591
0.167487 -0.159219 -0.196037 -0.15919
0.167648 -0.159319 -0.195896 -0.15928
0.168837 -0.158546 -0.19532 -0.159692
0.168837 -0.158546 -0.19532 -0.159692
0.169165 -0.160271 -0.194566 -0.160266
0.169165 -0.160271 -0.194566 -0.160266
0.169591 -0.160109 -0.194317 -0.160668
0.169591 -0.160109 -0.194317 -0.160666
0.1697 -0.160645 -0.194096 -0.160645
0.170134 -0.1605 -0.193841 -0.161053
0.170134 -0.1605 -0.193841 -0.161053
0.170243 -0.161058 -0.193619 -0.161043
0.170426 -0.161207 -0.193459 -0.161181
0.171351 -0.161943 -0.191997 -0.161997
0.171615 -0.161646 -0.191732 -0.162298
0.171357 -0.162102 -0.191732 -0.162298
0.172108 -0.162574 -0.191985 -0.162588
0.172561 -0.162284 -0.191731 -0.162874
0.172492 -0.162906 -0.191648 -0.162915
0.172943 -0.162788 -0.191312 -0.16324
0.172943 -0.162788 -0.191312 -0.16324
0.173333 -0.163119 -0.190976 -0.163571
0.173601 -0.16282 -0.190707 -0.163872
0.173601 -0.16282 -0.190707 -0.163872
0.173643 -0.163921 -0.190642 -0.163911
0.173923 -0.163609 -0.190531 -0.164212
0.174217 -0.164465 -0.190202 -0.164566
0.174217 -0.164465 -0.190202 -0.164566
0.174226 -0.164644 -0.189841 -0.164758
0.174226 -0.164644 -0.189841 -0.164758
0.175108 -0.164654 -0.189331 -0.165319
0.175108 -0.164654 -0.189331 -0.165319
0.175423 -0.164303 -0.189014 -0.165666
0.17651 -0.165969 -0.188115 -0.166683
0.17658 -0.166734 -0.1881 -0.166729
0.17658 -0.166734 -0.1881 -0.166729
0.177125 -0.166561 -0.187582 -0.167298
0.176995 -0.167155 -0.187742 -0.167137
0.177204 -0.16736 -0.187562 -0.167347
0.177407 -0.16781 -0.187028 -0.167934
0.177625 -0.167799 -0.187199 -0.167768
0.178265 -0.168457 -0.186648 -0.168428
0.178265 -0.168457 -0.186648 -0.168428
0.178265 -0.168457 -0.186648 -0.168428
0.178701 -0.168918 -0.186273 -0.16888
0.178701 -0.168918 -0.186273 -0.16888
0.178921 -0.169146 -0.186084 -0.16911
0.179368 -0.169634 -0.185701 -0.169582
0.179368 -0.169634 -0.185701 -0.169582
0.179594 -0.16987 -0.185506 -0.169826
0.180054 -0.170372 -0.185112 -0.170324
0.180054 -0.170372 -0.185112 -0.170324
0.180288 -0.170628 -0.18491 -0.170581
0.181224 -0.17039 -0.184562 -0.171284
0.180766 -0.17117 -0.184498 -0.171107
0.181009 -0.171434 -0.184284 -0.171379
0.181257 -0.171719 -0.184067 -0.171655
0.181983 -0.171482 -0.183368 -0.17243
0.181983 -0.171482 -0.183368 -0.17243
0.182019 -0.172576 -0.183376 -0.172524
0.183591 -0.173251 -0.181763 -0.174082
0.183591 -0.173251 -0.181763 -0.174082
0.18414 -0.173867 -0.181168 -0.174714
0.184458 -0.173834 -0.181167 -0.174717
0.185007 -0.174825 -0.180255 -0.175837
0.185007 -0.174825 -0.180255 -0.175837
0.185007 -0.174825 -0.180255 -0.175837
0.185582 -0.175455 -0.179621 -0.176464
0.185582 -0.175455 -0.179621 -0.176464
0.186234 -0.175709 -0.17922 -0.176616
0.185978 -0.176957 -0.179163 -0.176921
0.186812 -0.176715 -0.178341 -0.17776
0.187506 -0.178552 -0.177747 -0.178535
0.187506 -0.178552 -0.177747 -0.178535
0.188132 -0.179169 -0.177142 -0.179185
0.188132 -0.179169 -0.177142 -0.179185
0.189091 -0.180146 -0.176204 -0.18014
0.189413 -0.180454 -0.17567 -0.180641
0.19058 -0.180503 -0.174723 -0.181571
0.189999 -0.181421 -0.174922 -0.18139
0.190386 -0.181377 -0.174922 -0.18139
0.191035 -0.182002 -0.174294 -0.181989
0.191035 -0.182002 -0.174294 -0.181989
0.191365 -0.182301 -0.173999 -0.18229
0.192361 -0.183198 -0.173132 -0.183194
0.192361 -0.183198 -0.173132 -0.183194
0.192361 -0.183198 -0.173132 -0.183194
0.193364 -0.184058 -0.171949 -0.184089
0.193364 -0.184058 -0.171949 -0.184089
0.193893 -0.183484 -0.171418 -0.184566
0.193654 -0.184338 -0.171365 -0.184384
0.194557 -0.184054 -0.171405 -0.185151
0.194346 -0.185004 -0.171405 -0.185151
0.195295 -0.184646 -0.170829 -0.185764
0.195391 -0.185927 -0.170431 -0.185849
0.195391 -0.185927 -0.170431 -0.185849
0.196736 -0.187519 -0.169111 -0.188415
0.197178 -0.187453 -0.168839 -0.187472
0.198198 -0.187085 -0.167851 -0.188363
0.197431 -0.188227 -0.167851 -0.188363
0.198299 -0.188472 -0.16785 -0.188461
0.198964 -0.187745 -0.167183 -0.189034
0.199061 -0.189164 -0.167188 -0.189141
0.20015 -0.188766 -0.166149 -0.190084
0.20015 -0.188766 -0.166516 -0.189841
0.20023 -0.190246 -0.166173 -0.19021
0.201028 -0.190995 -0.165479 -0.190957
0.201028 -0.190995 -0.165479 -0.190957
0.202189 -0.190547 -0.164769 -0.191724
0.201253 -0.191891 -0.164769 -0.191724
0.203041 -0.191311 -0.163624 -0.19277
0.202061 -0.192704 -0.164043 -0.192525
0.203107 -0.192985 -0.163672 -0.192941
0.203913 -0.192102 -0.163364 -0.193597
0.203975 -0.193835 -0.162918 -0.193789
0.204869 -0.194738 -0.161618 -0.194673
0.204869 -0.194738 -0.162142 -0.194668
0.205044 -0.195796 -0.160871 -0.195822
0.205044 -0.195796 -0.160871 -0.195822
0.205942 -0.196747 -0.15998 -0.196532
0.206725 -0.196585 -0.159979 -0.196533
0.208531 -0.194603 -0.159187 -0.19773
0.207042 -0.198848 -0.158809 -0.1985
0.207042 -0.198848 -0.158809 -0.1985
0.209682 -0.199511 -0.15788 -0.199495
0.209682 -0.199511 -0.15788 -0.199495
0.209682 -0.199511 -0.15788 -0.199495
0.210708 -0.20054 -0.156424 -0.200507
0.210708 -0.20054 -0.156966 -0.200502
0.212202 -0.19997 -0.155534 -0.20174
0.211746 -0.201568 -0.156064 -0.201515
0.213284 -0.200957 -0.154589 -0.202788
0.213281 -0.200954 -0.154589 -0.202788
0.214917 -0.202507 -0.153163 -0.204377
0.2144 -0.204162 -0.153754 -0.204147
0.2144 -0.204162 -0.153754 -0.204147
0.214938 -0.204654 -0.153271 -0.204683
0.215492 -0.205232 -0.152793 -0.205211
0.216042 -0.205749 -0.152312 -0.20575
0.217166 -0.206852 -0.151335 -0.206834
0.217166 -0.206852 -0.151335 -0.206834
0.218299 -0.208803 -0.149301 -0.209167
0.219022 -0.208612 -0.149301 -0.209167
0.219393 -0.208919 -0.148702 -0.209503
0.219393 -0.208919 -0.148702 -0.209503
0.219971 -0.209547 -0.147614 -0.210528
0.221845 -0.208641 -0.146006 -0.211531
0.221845 -0.208641 -0.146006 -0.211531
0.222373 -0.209603 -0.144087 -0.214036
0.222373 -0.209603 -0.144087 -0.214036
0.223023 -0.209516 -0.141214 -0.215826
0.222893 -0.210218 -0.141908 -0.2157
0.224084 -0.209071 -0.1405 -0.216677
0.223622 -0.209789 -0.140879 -0.216667
0.224838 -0.209142 -0.138952 -0.217774
0.224838 -0.209142 -0.138933 -0.217792
0.224838 -0.209142 -0.139334 -0.217782
0.226095 -0.207903 -0.137916 -0.218485
0.226095 -0.207903 -0.1379 -0.2185
0.226181 -0.208067 -0.137879 -0.218749
0.227118 -0.207322 -0.137017 -0.219198
0.227118 -0.207322 -0.137014 -0.219202
0.227602 -0.206882 -0.136606 -0.219455
0.228927 -0.205472 -0.135882 -0.220225
0.228605 -0.205929 -0.135838 -0.220014
0.229126 -0.205409 -0.135461 -0.220327
0.23048 -0.203947 -0.134782 -0.221124
0.2302 -0.204377 -0.134736 -0.220957
0.230756 -0.203818 -0.134376 -0.22129
0.231578 -0.202849 -0.134066 -0.221782
0.231895 -0.202707 -0.133676 -0.22195
0.23248 -0.202132 -0.133335 -0.222282
0.23248 -0.202132 -0.133335 -0.222282
0.233714 -0.200971 -0.1327 -0.223097
0.234012 -0.200407 -0.132214 -0.222925
0.235975 -0.198355 -0.130444 -0.223518
0.235975 -0.198355 -0.130444 -0.223518
0.235975 -0.198355 -0.130444 -0.223518
0.236776 -0.197585 -0.130489 -0.223923
0.23773 -0.196462 -0.129303 -0.224701
0.237975 -0.196347 -0.129604 -0.224684
0.238562 -0.195764 -0.129177 -0.225066
0.239957 -0.19421 -0.128347 -0.225862
0.239653 -0.194545 -0.128348 -0.225865
0.241469 -0.192373 -0.126706 -0.227147
0.241266 -0.192655 -0.12671 -0.227144
0.241266 -0.192655 -0.127176 -0.227117
0.242527 -0.191026 -0.125928 -0.228004
0.242536 -0.191031 -0.125918 -0.228011
0.242848 -0.190607 -0.126085 -0.228421
0.243935 -0.189132 -0.124816 -0.229352
0.243922 -0.189138 -0.124797 -0.229367
0.245837 -0.186512 -0.123171 -0.230754
0.245665 -0.1866 -0.123785 -0.230722
0.245665 -0.1866 -0.123785 -0.230722
0.247026 -0.184608 -0.123812 -0.231549
0.247026 -0.184608 -0.123812 -0.231549
0.248502 -0.18254 -0.12253 -0.232475
0.248508 -0.182533 -0.123197 -0.232412
0.249283 -0.181459 -0.122895 -0.232844
0.250842 -0.179268 -0.121606 -0.23377
0.250842 -0.179268 -0.121606 -0.23377
0.252606 -0.176939 -0.121712 -0.234566
0.252606 -0.176939 -0.121712 -0.234566
0.255298 -0.173431 -0.120851 -0.235763
0.255298 -0.173431 -0.120851 -0.235763
0.255298 -0.173431 -0.120851 -0.235763
0.256201 -0.172242 -0.12056 -0.236145
0.257965 -0.169835 -0.119983 -0.2369
0.257965 -0.169835 -0.119983 -0.2369
0.261019 -0.165339 -0.117519 -0.238535
0.261019 -0.165339 -0.118788 -0.238347
0.262259 -0.163907 -0.11856 -0.238786
0.263875 -0.161632 -0.117411 -0.239638
0.264649 -0.160512 -0.117717 -0.239922
0.264649 -0.160512 -0.117717 -0.239922
0.265982 -0.158394 -0.116554 -0.240705
0.265982 -0.158394 -0.117154 -0.240697
0.266809 -0.157182 -0.116887 -0.241084
0.268038 -0.155097 -0.115738 -0.241867
0.268112 -0.155017 -0.116346 -0.24185
0.268727 -0.153959 -0.116081 -0.24224
0.26986 -0.151905 -0.11495 -0.243018
0.269929 -0.151797 -0.115515 -0.242911
0.270428 -0.150795 -0.115305 -0.243411
0.271478 -0.148768 -0.114193 -0.244186
0.271478 -0.148768 -0.114193 -0.244186
0.271954 -0.147685 -0.11456 -0.244599
0.272935 -0.145685 -0.113469 -0.24537
0.272935 -0.145685 -0.113469 -0.24537
0.273342 -0.144615 -0.113845 -0.245803
0.273836 -0.14365 -0.113001 -0.246171
0.275897 -0.138692 -0.111931 -0.248204
0.275865 -0.138641 -0.112497 -0.248298
0.276195 -0.137814 -0.112296 -0.248719
0.277041 -0.135729 -0.111881 -0.249573
0.277443 -0.134876 -0.111137 -0.249887
0.277443 -0.134876 -0.111137 -0.249887
0.277795 -0.133832 -0.111473 -0.250443
0.278382 -0.132141 -0.110535 -0.251179
0.278506 -0.13191 -0.110526 -0.251184
0.278852 -0.130963 -0.110876 -0.251741
0.279402 -0.12927 -0.10994 -0.252481
0.279517 -0.12905 -0.110489 -0.252613
0.280468 -0.126153 -0.109936 -0.253922
0.280833 -0.125306 -0.109193 -0.254224
0.280833 -0.125306 -0.109193 -0.254224
0.280882 -0.124686 -0.109604 -0.254795
0.280882 -0.124686 -0.109604 -0.254795
0.281198 -0.123288 -0.109284 -0.255662
0.281198 -0.123288 -0.109284 -0.255662
0.281812 -0.121519 -0.108968 -0.256538
0.282848 -0.118257 -0.108632 -0.257434
0.282848 -0.118257 -0.108632 -0.257434
0.283018 -0.117527 -0.107867 -0.257737
0.283144 -0.117258 -0.108486 -0.257878
0.283953 -0.115013 -0.107591 -0.258621
0.283953 -0.115013 -0.10804 -0.258487
0.284003 -0.114134 -0.108076 -0.259211
0.284387 -0.112374 -0.107349 -0.260246
0.284562 -0.11198 -0.107349 -0.260246
0.284848 -0.110916 -0.107698 -0.260551
0.285501 -0.109174 -0.106624 -0.261001
0.285454 -0.108957 -0.106619 -0.261003
0.288145 -0.0996255 -0.105621 -0.265587
0.288084 -0.0996338 -0.106353 -0.265336
0.28848 -0.09847 -0.106504 -0.266177
0.289014 -0.0967906 -0.106028 -0.267264
0.28901 -0.0967893 -0.106028 -0.267264
0.289339 -0.0955519 -0.106259 -0.267647
0.289608 -0.0945959 -0.106179 -0.268138
0.290202 -0.0926164 -0.105739 -0.269225
0.290207 -0.0926182 -0.105739 -0.269225
0.290358 -0.0917769 -0.105951 -0.269617
0.290986 -0.0889338 -0.105459 -0.2712
0.290986 -0.0889338 -0.105745 -0.271095
0.290986 -0.0889338 -0.105745 -0.271095
0.291399 -0.0873638 -0.105062 -0.271814
0.291399 -0.0873638 -0.105062 -0.271814
0.291548 -0.0861618 -0.105563 -0.272576
0.291856 -0.084277 -0.105182 -0.273184
0.291856 -0.084277 -0.105462 -0.273561
0.292002 -0.0833408 -0.105416 -0.274053
0.292267 -0.0814387 -0.105049 -0.274657
0.292267 -0.0814387 -0.105339 -0.27504
0.292584 -0.0797977 -0.104664 -0.275763
0.292584 -0.0797977 -0.104961 -0.276153
0.292626 -0.07855 -0.105252 -0.276527
0.29291 -0.0768584 -0.104585 -0.277254
0.29291 -0.0768584 -0.104894 -0.277651
0.292804 -0.0760568 -0.105203 -0.278025
0.293441 -0.0723916 -0.104547 -0.279259
0.293249 -0.0725822 -0.10519 -0.279541
0.293249 -0.0725822 -0.10519 -0.279541
0.293524 -0.0709151 -0.105201 -0.280567
0.293452 -0.0705708 -0.105201 -0.280567
0.293751 -0.0693267 -0.104566 -0.280789
0.293948 -0.0654881 -0.105297 -0.283185
0.293948 -0.0654881 -0.105297 -0.283185
0.294321 -0.063337 -0.1051 -0.284368
0.294159 -0.0634998 -0.105359 -0.284259
0.294252 -0.0624932 -0.105395 -0.284799
0.294333 -0.0614713 -0.105436 -0.285347
0.294408 -0.0604449 -0.10548 -0.285899
0.294615 -0.0588348 -0.104948 -0.286649
0.294729 -0.0582734 -0.104948 -0.286649
0.294949 -0.0571302 -0.105629 -0.287573
0.294714 -0.0564247 -0.105687 -0.288148
0.294871 -0.054804 -0.105817 -0.289303
0.294871 -0.054804 -0.105817 -0.289303
0.29489 -0.053428 -0.105887 -0.289888
0.294932 -0.0524213 -0.105963 -0.290481
0.29496 -0.0514011 -0.106044 -0.29108
0.29586 -0.0404446 -0.106738 -0.29867
0.29586 -0.0404446 -0.106738 -0.29867
0.296042 -0.0390188 -0.10697 -0.299916
0.296056 -0.0387784 -0.107541 -0.300385
0.296109 -0.038046 -0.10766 -0.301005
0.29618 -0.0368331 -0.107335 -0.301777
0.296188 -0.0368346 -0.107335 -0.301777
0.296147 -0.0357531 -0.108007 -0.302866
0.296148 -0.0349946 -0.108125 -0.303485
0.296195 -0.0345709 -0.107704 -0.303624
0.296129 -0.033475 -0.108366 -0.304711
0.296122 -0.0327331 -0.108488 -0.305322
0.296033 -0.0324963 -0.108084 -0.305456
0.296058 -0.031197 -0.108744 -0.306546
0.296009 -0.0304148 -0.10887 -0.307162
0.295989 -0.029247 -0.108622 -0.307901
0.29584 -0.0294371 -0.108627 -0.307898
0.29585 -0.0280687 -0.109274 -0.308994
0.295793 -0.0272871 -0.109413 -0.309603
0.295754 -0.0261352 -0.109192 -0.310341
0.295666 -0.0257169 -0.1097 -0.310833
0.295433 -0.0239947 -0.10965 -0.312187
0.295465 -0.0233777 -0.110151 -0.312691
0.295465 -0.0233777 -0.110151 -0.312691
0.295351 -0.0218693 -0.110465 -0.313941
0.295351 -0.0218693 -0.110465 -0.313941
0.295269 -0.0210924 -0.110629 -0.314577
0.295182 -0.0199683 -0.110471 -0.31533
0.295062 -0.0194944 -0.110973 -0.315861
0.294994 -0.018416 -0.11083 -0.316612
0.294867 -0.0179252 -0.111332 -0.317171
0.294769 -0.0171435 -0.111518 -0.317829
0.294669 -0.0160573 -0.111407 -0.318605
0.294555 -0.015564 -0.111904 -0.31918
0.294476 -0.0145237 -0.111815 -0.319958
0.294344 -0.0140004 -0.112308 -0.320568
0.294237 -0.013221 -0.112516 -0.321268
0.29413 -0.0121781 -0.112461 -0.322075
0.29413 -0.0121781 -0.112461 -0.322075
0.293998 -0.0113812 -0.11317 -0.323436
0.293727 -0.0100213 -0.112941 -0.324347
0.293727 -0.0100213 -0.112941 -0.324347
0.293407 -0.00782074 -0.113869 -0.326529
0.293392 -0.00713266 -0.113868 -0.326529
0.293392 -0.00713266 -0.113868 -0.326529
0.293208 -0.00570912 -0.11485 -0.328816
0.29321 -0.00550238 -0.114621 -0.32889
0.293151 -0.00558894 -0.114622 -0.32889
0.293004 -0.00428939 -0.11537 -0.33045
0.292832 -0.00333989 -0.115463 -0.331362
0.292837 -0.00334059 -0.115462 -0.331362
0.292465 -0.00105818 -0.116493 -0.333903
0.292469 -0.000924901 -0.116342 -0.333952
0.292469 -0.000924901 -0.116342 -0.333952
0.291502 0.00590724 -0.11989 -0.343893
0.291502 0.00590724 -0.11989 -0.343893
0.291483 0.00644702 -0.120218 -0.344818
0.291356 0.00758267 -0.120888 -0.34668
0.291356 0.00758267 -0.120888 -0.34668
0.291279 0.00815106 -0.121227 -0.347609
0.291164 0.00891565 -0.121376 -0.348623
0.291037 0.00936212 -0.121922 -0.349508
0.290923 0.00995463 -0.122274 -0.350444
0.290793 0.0105601 -0.12263 -0.351408
0.290587 0.0112009 -0.122845 -0.352421
0.290524 0.011771 -0.123353 -0.353329
0.290402 0.0123552 -0.123718 -0.354298
0.290252 0.0130395 -0.123995 -0.355322
0.290088 0.0135847 -0.123995 -0.355322
0.289943 0.0141808 -0.124839 -0.357265
0.289785 0.0148061 -0.125188 -0.358297
0.289785 0.0148061 -0.125188 -0.358297
0.28947 0.0159549 -0.12599 -0.360332
0.289314 0.0164956 -0.12642 -0.361372
0.289314 0.0164956 -0.127506 -0.362096
0.288552 0.0191527 -0.130836 -0.36557
0.288552 0.0191527 -0.130836 -0.36557
0.288368 0.0199766 -0.129203 -0.368932
0.288368 0.0199766 -0.129203 -0.368932
0.288012 0.0213222 -0.130189 -0.37111
0.288015 0.0213217 -0.130189 -0.37111
0.287842 0.0216029 -0.130872 -0.373404
0.287851 0.0214611 -0.131054 -0.373343
0.287612 0.0224519 -0.131497 -0.374488
0.287616 0.0224512 -0.130507 -0.374948
0.287398 0.0227277 -0.132158 -0.376873
0.287093 0.023643 -0.132878 -0.37797
0.287097 0.0236423 -0.131788 -0.378473
0.286843 0.0238468 -0.133483 -0.380428
0.286664 0.024188 -0.133931 -0.381652
0.286524 0.0242125 -0.134761 -0.382732
0.286455 0.0240991 -0.134839 -0.384113
0.286154 0.0250986 -0.135299 -0.38535
0.28597 0.0253811 -0.135763 -0.386633
0.28603 0.0246552 -0.138119 -0.387119
0.285611 0.0258865 -0.136703 -0.389206
0.285494 0.0256866 -0.139198 -0.391147
0.285425 0.02558 -0.137654 -0.391844
0.284996 0.026173 -0.139247 -0.394343
0.284991 0.026174 -0.137617 -0.395062
0.284991 0.026174 -0.137617 -0.395062
0.284664 0.0268596 -0.139606 -0.397269
0.284534 0.0264479 -0.139004 -0.39926
0.284534 0.0264479 -0.139004 -0.39926
0.284288 0.0270843 -0.140607 -0.400155
0.28396 0.0266496 -0.142451 -0.402805
0.28396 0.0266496 -0.142451 -0.402805
0.283559 0.0272969 -0.142664 -0.406034
0.283252 0.0272364 -0.144091 -0.407263
0.283252 0.0272364 -0.145837 -0.408179
0.283111 0.0271675 -0.144246 -0.410628
0.282852 0.0262992 -0.145863 -0.415399
0.282701 0.0269848 -0.145863 -0.415399
0.282642 0.0268868 -0.145863 -0.415399
0.282524 0.026727 -0.146409 -0.416985
0.282435 0.0258188 -0.14751 -0.420306
0.282278 0.0265344 -0.14751 -0.420306
0.282062 0.0262416 -0.148065 -0.421968
0.281907 0.0251265 -0.149187 -0.425364
0.281907 0.0251265 -0.149187 -0.425364
0.281612 0.0255998 -0.149751 -0.427072
0.281461 0.0243392 -0.151652 -0.428391
0.281461 0.0243392 -0.150891 -0.430615
0.281151 0.0248069 -0.151467 -0.432359
0.280845 0.0241747 -0.153506 -0.433682
0.280845 0.0241747 -0.152626 -0.436002
0.280714 0.0238099 -0.153211 -0.437799
0.280799 0.0203931 -0.158437 -0.438084
0.280799 0.0203931 -0.158437 -0.438084
0.280326 0.0205847 -0.157642 -0.44643
0.280176 0.0210562 -0.160261 -0.447531
0.279958 0.020147 -0.155661 -0.451302
0.279958 0.020147 -0.15822 -0.452384
0.279831 0.0197262 -0.158996 -0.454092
0.279667 0.0182865 -0.161246 -0.455328
0.279513 0.0189954 -0.160591 -0.457399
0.279371 0.0186414 -0.161324 -0.458855
0.27921 0.0172854 -0.163509 -0.45982
0.27921 0.0172854 -0.160456 -0.460879
0.278907 0.016684 -0.166939 -0.463335
0.278907 0.016684 -0.166939 -0.463335
0.278371 0.0165893 -0.16541 -0.467592
0.278371 0.0165893 -0.16541 -0.467592
0.278318 0.0165122 -0.16541 -0.467592
0.278187 0.0162048 -0.165807 -0.468538
0.277824 0.0157145 -0.165883 -0.470012
0.277824 0.0157145 -0.165883 -0.470012
0.277489 0.0151709 -0.167262 -0.470125
0.277489 0.0151709 -0.165384 -0.471252
0.277403 0.0138312 -0.166721 -0.471358
0.277358 0.0137676 -0.166722 -0.471358
0.277009 0.0141858 -0.164285 -0.473498
0.276811 0.0138601 -0.163807 -0.474266
0.276856 0.0128289 -0.165534 -0.473688
0.27668 0.011475 -0.163618 -0.474804
0.276676 0.0114762 -0.163618 -0.474804
0.275709 0.0105252 -0.16174 -0.477354
0.275709 0.0105252 -0.16174 -0.477354
0.275709 0.0105252 -0.16174 -0.477354
0.275177 0.00914673 -0.160026 -0.478569
0.275177 0.00914673 -0.160026 -0.478569
0.274731 0.00870845 -0.156579 -0.479989
0.274731 0.00870845 -0.156579 -0.479989
0.27438 0.00810463 -0.157009 -0.480737
0.274139 0.00677507 -0.155624 -0.48132
0.273985 0.0075135 -0.155624 -0.48132
0.273607 0.00691954 -0.155852 -0.481915
0.273358 0.0065333 -0.155435 -0.482266
0.272867 0.00577762 -0.154568 -0.482931
0.272867 0.00577762 -0.154568 -0.482931
0.272641 0.00538788 -0.154123 -0.483204
0.272163 0.00374869 -0.154793 -0.483246
0.272057 0.00361518 -0.154789 -0.483248
0.271916 0.00429699 -0.152734 -0.483942
0.271702 0.00390824 -0.152267 -0.484097
0.271461 0.00265131 -0.153387 -0.483809
0.27118 0.00325035 -0.153731 -0.483952
0.270922 0.00292542 -0.150834 -0.484613
0.27066 0.00169431 -0.151936 -0.484288
0.27066 0.00169431 -0.152256 -0.484424
0.270138 0.0019862 -0.149243 -0.485023
0.269883 0.000754073 -0.150277 -0.484627
0.269883 0.000754073 -0.150459 -0.484706
0.269368 0.00104755 -0.147443 -0.485186
0.269109 0.00073637 -0.146809 -0.485196
0.26859 0.000110239 -0.145453 -0.485134
0.26859 0.000110239 -0.145502 -0.485156
0.267848 -0.00178735 -0.145128 -0.484475
0.267747 -0.0019065 -0.142979 -0.484801
0.267412 -0.00166291 -0.14241 -0.484667
0.267065 -0.00302525 -0.141366 -0.484409
0.267068 -0.00302687 -0.141322 -0.484387
0.26671 -0.00275736 -0.140799 -0.484216
0.266322 -0.0040863 -0.139847 -0.483881
0.266326 -0.00408854 -0.139847 -0.483881
0.265816 -0.00473414 -0.138657 -0.483361
0.265688 -0.00407156 -0.138657 -0.483361
0.265438 -0.00439841 -0.138118 -0.483109
0.265042 -0.00566692 -0.137004 -0.482571
0.264917 -0.00501512 -0.137004 -0.482571
0.264788 -0.00597171 -0.136447 -0.482281
0.263869 -0.0062153 -0.134738 -0.481299
0.263869 -0.0062153 -0.134738 -0.481299
0.263869 -0.0062153 -0.134738 -0.481299
0.263392 -0.00770462 -0.135065 -0.480191
0.263393 -0.00770494 -0.133447 -0.480359
0.263167 -0.00722122 -0.133164 -0.480201
0.262883 -0.00834112 -0.134128 -0.479429
0.262883 -0.00834112 -0.134128 -0.479429
0.262314 -0.00801242 -0.131538 -0.478955
0.262005 -0.00823276 -0.130892 -0.478489
0.261975 -0.00907238 -0.13239 -0.478095
0.258936 -0.0144299 -0.125075 -0.471084
0.258936 -0.0144299 -0.125075 -0.471084
0.258678 -0.0155099 -0.125498 -0.470258
0.258641 -0.0160879 -0.126525 -0.469995
0.258629 -0.0159628 -0.125919 -0.469932
0.258404 -0.0164941 -0.126353 -0.469584
0.258169 -0.017423 -0.127799 -0.468899
0.258103 -0.0169449 -0.127025 -0.46873
0.257755 -0.0173012 -0.127277 -0.468279
0.257523 -0.0175081 -0.127442 -0.467789
0.257242 -0.0183599 -0.128694 -0.466949
0.257242 -0.0183599 -0.128694 -0.466949
0.25686 -0.0181145 -0.128308 -0.466118
0.256578 -0.019004 -0.128588 -0.465208
0.256569 -0.0189983 -0.127103 -0.464881
0.25615 -0.0186573 -0.126826 -0.464214
0.255845 -0.0195752 -0.127767 -0.463173
0.255845 -0.0195752 -0.126625 -0.463217
0.255399 -0.0192191 -0.125537 -0.46205
0.254874 -0.0196223 -0.124374 -0.46045
0.254874 -0.0196223 -0.124374 -0.46045
0.254455 -0.0207053 -0.124405 -0.458778
0.254362 -0.0201089 -0.124408 -0.458777
0.254107 -0.0203753 -0.122397 -0.457957
0.253637 -0.0215174 -0.123034 -0.456701
0.253534 -0.0208522 -0.123032 -0.456703
0.25325 -0.0211105 -0.12012 -0.455172
0.252887 -0.0221474 -0.120691 -0.453862
0.252786 -0.0214857 -0.1193 -0.453866
0.252365 -0.0218831 -0.117663 -0.452232
0.251191 -0.0230069 -0.117204 -0.448288
0.251191 -0.0230069 -0.117204 -0.448288
0.250869 -0.0241129 -0.114979 -0.446954
0.250794 -0.0236083 -0.114974 -0.446958
0.250419 -0.0240586 -0.112332 -0.445265
0.249929 -0.02523 -0.112206 -0.443261
0.249847 -0.024657 -0.112202 -0.443264
0.249564 -0.0249505 -0.1105 -0.442214
0.249053 -0.0260615 -0.111155 -0.440862
0.249053 -0.0260615 -0.111149 -0.440866
0.248689 -0.0257315 -0.108742 -0.438985
0.248397 -0.0259734 -0.108156 -0.43787
0.248184 -0.0268053 -0.109389 -0.43758
0.247524 -0.026659 -0.106392 -0.434428
0.247243 -0.0268923 -0.107612 -0.434144
0.247089 -0.0270675 -0.106007 -0.432923
0.247089 -0.0270675 -0.106007 -0.432923
0.246577 -0.0276165 -0.105966 -0.430811
0.246577 -0.0276165 -0.105965 -0.430812
0.245623 -0.0283583 -0.102665 -0.426283
0.245541 -0.0290481 -0.103835 -0.426015
0.245425 -0.0291412 -0.102924 -0.425933
0.245351 -0.0285871 -0.102165 -0.425094
0.245098 -0.0288439 -0.101705 -0.423959
0.244575 -0.029835 -0.101584 -0.422335
0.244488 -0.0291702 -0.101577 -0.42234
0.24297 -0.0307475 -0.0990589 -0.414392
0.24297 -0.0307475 -0.0990589 -0.414392
0.242189 -0.0313492 -0.0965804 -0.410275
0.242189 -0.0313492 -0.0965804 -0.410275
0.242189 -0.0313492 -0.0965804 -0.410275
0.240817 -0.0330089 -0.0963181 -0.404728
0.240817 -0.0330089 -0.0963181 -0.404728
0.240632 -0.0333325 -0.0972597 -0.404521
0.240228 -0.0339104 -0.0971283 -0.402629
0.240228 -0.0339104 -0.0966242 -0.401942
0.240012 -0.0341585 -0.0966928 -0.400952
0.239694 -0.034952 -0.0973506 -0.399595
0.239593 -0.0350257 -0.0973506 -0.399595
0.239306 -0.0347389 -0.0966456 -0.397531
0.238971 -0.0355191 -0.0970641 -0.396017
0.23882 -0.0350794 -0.0970641 -0.396017
0.238582 -0.0352623 -0.0962764 -0.393866
0.238239 -0.0360504 -0.0965897 -0.392237
0.238082 -0.0355947 -0.0965897 -0.392237
0.237836 -0.0357774 -0.0956156 -0.389782
0.237485 -0.0365786 -0.0963446 -0.388125
0.237379 -0.0366527 -0.0957765 -0.388031
0.237069 -0.0363039 -0.0947265 -0.385447
0.23639 -0.0367809 -0.0950509 -0.382184
0.23639 -0.0367809 -0.0950542 -0.382181
0.236388 -0.0367794 -0.0937044 -0.38091
0.236042 -0.0370845 -0.0933823 -0.379481
0.235633 -0.0374174 -0.0940338 -0.377728
0.235635 -0.0374192 -0.0934281 -0.377613
0.234985 -0.0378819 -0.092705 -0.373454
0.234833 -0.0379906 -0.0936721 -0.373227
0.23484 -0.037998 -0.0924827 -0.372992
0.234198 -0.0384864 -0.0919353 -0.36996
0.2342 -0.0384892 -0.0912514 -0.368697
0.233779 -0.0387572 -0.091916 -0.366878
0.233653 -0.0388406 -0.0913961 -0.366771
0.233388 -0.039021 -0.0904271 -0.363813
0.233011 -0.0397968 -0.0910821 -0.361932
0.232836 -0.0393381 -0.0905602 -0.361819
0.232572 -0.0395134 -0.0896253 -0.358816
0.232303 -0.0396771 -0.0893722 -0.357142
0.23177 -0.0400069 -0.0900332 -0.355226
0.23177 -0.0400069 -0.0888956 -0.35379
0.231409 -0.0407889 -0.0895737 -0.351959
0.231249 -0.0403565 -0.0895744 -0.351958
0.230991 -0.0405327 -0.0883057 -0.348854
0.230508 -0.041361 -0.0879859 -0.345526
0.230508 -0.041361 -0.0879859 -0.345526
0.229735 -0.0414383 -0.0876952 -0.341025
0.229632 -0.0420114 -0.0885253 -0.340824
0.229632 -0.0420114 -0.0880652 -0.339665
0.229548 -0.0420631 -0.0876627 -0.339554
0.229283 -0.041895 -0.0876536 -0.33805
0.228762 -0.0421819 -0.0876344 -0.334691
0.228762 -0.0421819 -0.0876344 -0.334691
0.228253 -0.042463 -0.0882731 -0.331633
0.228253 -0.042463 -0.0882731 -0.331633
0.226433 -0.044799 -0.0891864 -0.320935
0.226433 -0.044799 -0.0891864 -0.320935
0.226187 -0.0448991 -0.0886009 -0.318101
0.225908 -0.0457419 -0.0895895 -0.316924
0.225908 -0.0457419 -0.0895895 -0.316924
0.225473 -0.0463834 -0.0902081 -0.314881
0.225473 -0.0463834 -0.0901071 -0.314851
0.225259 -0.046346 -0.0901791 -0.312892
0.224852 -0.0467885 -0.0908294 -0.310689
0.224852 -0.0467885 -0.0908294 -0.310689
0.22465 -0.0470053 -0.0911437 -0.309508
0.22431 -0.0473356 -0.0917233 -0.306877
0.22431 -0.0473356 -0.0917233 -0.306877
0.224019 -0.0475717 -0.0919829 -0.305545
0.223694 -0.0482751 -0.0927604 -0.303915
0.223694 -0.0482751 -0.0927604 -0.303915
0.223382 -0.0481111 -0.0926579 -0.301342
0.223168 -0.0482922 -0.0928588 -0.2999
0.222756 -0.0490414 -0.0932358 -0.296983
0.222756 -0.0490414 -0.0932358 -0.296983
0.222525 -0.0488458 -0.0934239 -0.295555
0.222311 -0.0490388 -0.0936136 -0.294082
0.221884 -0.0494318 -0.094 -0.291101
0.221884 -0.0494318 -0.094 -0.291101
0.221559 -0.0501698 -0.0948656 -0.289451
0.221462 -0.0498469 -0.0944015 -0.288171
0.221251 -0.0500551 -0.0946106 -0.286708
0.220504 -0.0512168 -0.0959234 -0.28217
0.220426 -0.0509413 -0.0959323 -0.282158
0.220235 -0.0512054 -0.0957645 -0.279849
0.220117 -0.0517182 -0.0963998 -0.279644
0.219729 -0.0522291 -0.0967923 -0.276131
0.219729 -0.0522291 -0.0967923 -0.276131
0.219346 -0.052758 -0.0974224 -0.274624
0.219346 -0.052758 -0.0972843 -0.273782
0.219097 -0.0528099 -0.0976256 -0.272612
0.218776 -0.0535382 -0.0985124 -0.271112
0.218776 -0.0535382 -0.0985124 -0.271112
0.218488 -0.0534683 -0.0986768 -0.268714
0.218163 -0.0541816 -0.099614 -0.267189
0.218163 -0.0541816 -0.099614 -0.267189
0.217952 -0.0540883 -0.0998191 -0.265817
0.216958 -0.055386 -0.101348 -0.258775
0.216781 -0.0556815 -0.101705 -0.257732
0.216481 -0.0564765 -0.102647 -0.256533
0.216481 -0.0564765 -0.102647 -0.256533
0.216091 -0.0571198 -0.10327 -0.253859
0.215917 -0.0576294 -0.103737 -0.252888
0.215914 -0.0572203 -0.103737 -0.252888
0.215741 -0.0575287 -0.104101 -0.251924
0.215562 -0.0578178 -0.10452 -0.250931
0.215381 -0.0583272 -0.104984 -0.249905
0.214661 -0.0592091 -0.107039 -0.248244
0.214661 -0.0592091 -0.107039 -0.248244
0.213504 -0.0615719 -0.10948 -0.240542
0.213504 -0.0615719 -0.10948 -0.240542
0.213047 -0.0627717 -0.110914 -0.239119
0.213049 -0.0627746 -0.110914 -0.239119
0.213051 -0.0626481 -0.110875 -0.238658
0.212857 -0.0630218 -0.111346 -0.237963
0.212551 -0.0638327 -0.112326 -0.236974
0.212554 -0.0636771 -0.112278 -0.2364
0.212347 -0.0640236 -0.112728 -0.235597
0.212174 -0.0643452 -0.113169 -0.234764
0.21186 -0.0649702 -0.114026 -0.233058
0.211826 -0.0649834 -0.114026 -0.233058
0.211654 -0.0653089 -0.114444 -0.232214
0.211334 -0.0661014 -0.115363 -0.231106
0.211334 -0.0661014 -0.115313 -0.230477
0.21113 -0.0662744 -0.11568 -0.229601
0.210955 -0.066601 -0.116086 -0.228737
0.210632 -0.0674008 -0.116992 -0.227628
0.210632 -0.0674008 -0.116992 -0.227628
0.210431 -0.0675966 -0.117298 -0.226224
0.210107 -0.0684045 -0.118191 -0.225198
0.210114 -0.0682607 -0.118107 -0.224645
0.209908 -0.0686155 -0.118519 -0.223849
0.209734 -0.0689591 -0.118932 -0.223052
0.209406 -0.0697718 -0.119827 -0.222018
0.209413 -0.0696458 -0.119755 -0.221501
0.209213 -0.0700137 -0.120165 -0.220766
0.208886 -0.0708404 -0.121026 -0.219361
0.208886 -0.0708404 -0.121026 -0.219361
0.208541 -0.0715736 -0.121878 -0.218422
0.20852 -0.0715812 -0.121878 -0.218422
0.208354 -0.0718582 -0.12224 -0.217371
0.20801 -0.0726148 -0.123086 -0.216121
0.20801 -0.0726148 -0.123086 -0.216121
0.207683 -0.0733876 -0.123953 -0.215267
0.207668 -0.0733923 -0.123934 -0.21497
0.207328 -0.0741946 -0.124803 -0.214172
0.207328 -0.0741946 -0.124803 -0.214172
0.206989 -0.0750168 -0.125664 -0.213179
0.206989 -0.0750168 -0.125651 -0.212981
0.20682 -0.0754338 -0.126087 -0.212538
0.20665 -0.075854 -0.126525 -0.212112
0.206309 -0.0767024 -0.127412 -0.211307
0.206309 -0.0767024 -0.127412 -0.211307
0.2058 -0.078018 -0.128748 -0.21031
0.20563 -0.0784713 -0.129201 -0.210044
0.205629 -0.0784667 -0.129195 -0.209964
0.205629 -0.0784667 -0.129191 -0.209962
0.205286 -0.0793691 -0.130094 -0.209409
0.205286 -0.0793682 -0.130089 -0.209408
0.205119 -0.0798449 -0.130548 -0.209234
0.204949 -0.0803207 -0.131007 -0.209058
0.203154 -0.0850241 -0.13565 -0.206646
0.203154 -0.0850241 -0.13565 -0.206646
0.202815 -0.0859427 -0.136684 -0.206934
0.202815 -0.0859427 -0.136684 -0.206934
0.20264 -0.0863718 -0.137135 -0.20671
0.20228 -0.0872344 -0.138039 -0.206253
0.202279 -0.0872326 -0.138039 -0.206253
0.202154 -0.0876099 -0.138469 -0.206018
0.202024 -0.0878792 -0.138831 -0.205758
0.201889 -0.0882177 -0.139232 -0.205503
0.201558 -0.089014 -0.140099 -0.204994
0.201558 -0.089014 -0.140099 -0.204994
0.201413 -0.0894768 -0.140776 -0.204416
0.201413 -0.0894768 -0.140776 -0.204416
0.201394 -0.0897524 -0.141149 -0.204129
0.201186 -0.0902257 -0.141615 -0.203822
0.201109 -0.0903548 -0.141882 -0.203538
0.201016 -0.0906392 -0.142244 -0.203234
0.200926 -0.0909204 -0.142602 -0.202927
0.200839 -0.091199 -0.142958 -0.202614
0.200541 -0.0919509 -0.143778 -0.201978
0.200565 -0.0917758 -0.143662 -0.201974
0.200594 -0.0920223 -0.144009 -0.201654
0.200516 -0.0922937 -0.144354 -0.201328
0.20044 -0.092564 -0.144698 -0.200998
0.200149 -0.0933092 -0.145506 -0.200341
0.200149 -0.0933092 -0.145506 -0.200341
0.200075 -0.0935779 -0.145844 -0.200008
0.199791 -0.0946483 -0.14719 -0.198639
0.199915 -0.0946196 -0.147189 -0.198641
0.199668 -0.095512 -0.14839 -0.197217
0.199668 -0.095512 -0.14839 -0.197217
0.199358 -0.0963954 -0.149043 -0.196839
0.199358 -0.0963954 -0.149043 -0.196839
0.199477 -0.0972204 -0.149371 -0.197108
0.199413 -0.0983399 -0.149708 -0.197637
0.199108 -0.10014 -0.150739 -0.199377
0.198959 -0.101253 -0.150739 -0.199377
0.199151 -0.102856 -0.150814 -0.200395
0.199029 -0.10465 -0.151225 -0.201599
0.198419 -0.108605 -0.152438 -0.204352
0.198419 -0.108605 -0.152438 -0.204352
0.198292 -0.111053 -0.152641 -0.203777
0.198292 -0.111053 -0.152641 -0.203777
0.197827 -0.117175 -0.154219 -0.210452
0.197827 -0.117175 -0.154219 -0.210452
0.196857 -0.121563 -0.155255 -0.211777
0.196857 -0.121563 -0.155255 -0.211777
0.196902 -0.124127 -0.156051 -0.215459
0.196547 -0.126511 -0.156706 -0.217165
0.196072 -0.128637 -0.157381 -0.21888
0.195806 -0.129048 -0.157833 -0.218562
0.195068 -0.1342 -0.159243 -0.222005
0.195168 -0.134493 -0.159243 -0.222005
0.194145 -0.139127 -0.160723 -0.225444
0.194145 -0.139127 -0.160723 -0.225444
0.193425 -0.143716 -0.161804 -0.229172
0.192893 -0.14623 -0.162592 -0.230862
0.192044 -0.149139 -0.163854 -0.232221
0.192044 -0.149139 -0.163854 -0.232221
0.191177 -0.153806 -0.165022 -0.23584
0.190567 -0.156341 -0.165849 -0.237461
0.189939 -0.158878 -0.166683 -0.239063
0.189482 -0.162036 -0.168367 -0.242194
0.188633 -0.163954 -0.168367 -0.242194
0.187956 -0.166486 -0.169215 -0.243722
0.187263 -0.169022 -0.170063 -0.245223
0.186557 -0.171553 -0.170912 -0.246696
0.186317 -0.172185 -0.170924 -0.246586
0.185106 -0.1766 -0.172694 -0.249328
0.184362 -0.179114 -0.173457 -0.250946
0.183607 -0.181623 -0.174301 -0.252307
0.182843 -0.184124 -0.175142 -0.253637
0.181709 -0.186976 -0.17647 -0.254599
0.181709 -0.186976 -0.17647 -0.254599
0.180502 -0.19157 -0.177632 -0.257443
0.17971 -0.194036 -0.178448 -0.258651
0.178518 -0.199484 -0.179998 -0.260811
0.178518 -0.199484 -0.179998 -0.260811
0.177301 -0.201371 -0.180853 -0.262098
0.176108 -0.20411 -0.182135 -0.262832
0.176108 -0.20411 -0.182135 -0.262832
0.175371 -0.206722 -0.184868 -0.26389
0.174105 -0.210984 -0.18393 -0.258627
0.173316 -0.213418 -0.184664 -0.256067
0.17306 -0.216598 -0.184916 -0.251285
0.171741 -0.218362 -0.186087 -0.251266
0.170143 -0.22151 -0.187691 -0.248247
0.170158 -0.223374 -0.18747 -0.24657
0.168423 -0.226624 -0.189159 -0.243481
0.168423 -0.226624 -0.189159 -0.243481
0.166142 -0.236065 -0.190779 -0.235059
0.166142 -0.236065 -0.190779 -0.235059
0.166142 -0.236065 -0.190779 -0.235059
0.164008 -0.228665 -0.192617 -0.228424
0.164008 -0.228665 -0.192617 -0.228424
0.162885 -0.229512 -0.193735 -0.227517
0.162885 -0.229512 -0.193735 -0.227517
0.162694 -0.224429 -0.193758 -0.22425
0.162065 -0.222412 -0.194303 -0.222236
