21.2296 48.4938 6.95138 54.6053
20.9865 48.4784 6.15516 55.7822
20.7552 48.4964 5.36633 56.9911
20.5199 48.5164 4.57761 58.1999
20.2882 48.529 3.78638 59.4042
20.0533 48.54 2.99567 60.6066
19.8219 48.5581 2.20696 61.8155
22.8899 42.0686 5.16968 55.5341
23.4957 40.5086 6.77441 52.0401
23.2644 40.5267 5.98643 53.2491
25.4391 35.658 6.60508 51.4971
27.8024 29.7647 8.68847 46.2059
27.422 29.835 7.5395 47.9256
28.3548 26.753 7.77004 46.3339
29.1004 21.0409 8.16611 44.3503
30.1577 20.4143 8.29399 42.7263
30.9549 17.2175 8.41343 40.971
31.9613 16.6164 8.6761 38.9364
32.3672 11.0718 8.81404 37.0808
32.0073 11.0874 8.79913 35.3032
31.9149 7.62673 8.4572 33.8773
31.2697 4.67939 7.77075 29.8906
30.7286 4.8208 7.18009 31.6333
30.0668 3.36637 6.26311 30.8671
29.4346 1.8449 4.56696 30.2318
28.7219 0.324493 3.83599 29.44
28.1098 -1.31751 3.7197 27.88
27.6574 -1.25263 2.82007 26.9953
27.2393 -3.05693 3.32275 24.9427
26.6415 -6.67933 1.64092 24.3211
26.2046 -8.54631 2.41664 22.3022
25.8414 -12.2598 1.30085 18.2486
25.1291 -12.0282 -0.492374 20.8771
24.4174 -11.7978 -1.1351 22.9208
23.7044 -14.849 -2.46366 19.6477
23.4128 -17.8204 -1.50747 14.3695
22.7025 -17.5879 -3.29133 17.0002
21.9919 -17.357 -5.07496 19.6313
21.7189 -20.0495 -4.21033 14.8701
21.2239 -22.324 -4.48597 13.6822
20.5154 -22.0906 -6.26234 16.3148
20.2671 -24.1315 -4.05862 14.0932
19.3745 -23.7911 -6.14108 17.1236
18.493 -26.7721 -3.82706 2.01874
17.6024 -26.4304 -5.89092 5.05442
16.802 -26.8268 -6.97322 5.25639
15.8532 -27.0978 -7.51858 4.68959
14.9955 -27.2715 -8.40576 4.86921
14.3043 -27.4709 -8.77579 4.25571
13.6622 -27.5673 -9.1358 3.83566
13.1021 -27.7853 -6.59166 -2.61456
12.0941 -27.3644 -8.8111 0.654368
11.0128 -26.8967 -11.1386 4.06163
9.50906 -26.2157 -12.5 1.23932
8.42905 -25.6905 -12.4988 3.42209
7.34265 -25.2233 -14.8164 6.83521
6.26058 -24.7556 -17.1341 10.2455
5.59583 -24.317 -15.6502 6.41682
5.82331 -23.9341 -13.1127 4.55939
4.74429 -23.464 -15.5799 5.88151
4.98607 -23.2176 -15.6705 2.65498
5.06012 -22.0543 -12.6828 -1.55316
3.83496 -20.7724 -12.4113 0.687596
2.54696 -20.1611 -14.9719 4.44221
1.26597 -19.549 -17.6924 6.08016
1.16377 -18.3204 -15.3465 4.77941
0.647829 -18.1042 -18.1468 5.39092
0.171739 -16.0046 -14.3726 3.45984
-0.0692241 -13.9635 -10.7504 -1.36005
-0.542288 -13.7663 -13.2932 2.39481
-0.133113 -12.9926 -13.0609 -0.501125
-1.43579 -11.4182 -12.4984 1.66513
-0.97 -9.67642 -12.3116 1.58911
-2.46097 -8.9066 -15.3161 2.85355
-3.01602 -7.59428 -11.6704 1.23861
-4.42874 -5.92023 -10.8178 3.33883
-3.84022 -5.22076 -10.9503 0.83971
-3.07116 -4.70999 -10.4642 -1.993
-4.48748 -3.06784 -10.1511 0.401587
-4.92767 -1.90249 -9.92366 0.388298
-5.18071 -1.77386 -12.9107 1.6599
-5.48124 0.886521 -5.60815 -1.81746
-5.88416 1.14972 -8.81997 -0.215879
-5.0549 1.5958 -9.17353 -2.25177
-6.71093 3.16802 -8.60609 0.158145
-7.11781 4.74665 -5.11392 -1.11554
-8.82789 5.68901 -8.08795 3.22337
-7.67207 6.31876 -5.86529 -2.18188
-9.38242 7.26219 -8.82737 2.16034
-11.0664 8.54268 -9.37774 5.17748
-7.72868 7.48232 -6.57225 -0.666254
-6.35522 7.68895 -3.56968 -4.20442
-6.8316 8.05714 -6.88252 -1.45548
-7.42166 8.95542 -1.69544 -3.2253
-7.63031 9.18411 -5.06139 -1.12054
-8.09767 9.69886 -5.75071 0.268826
-6.62932 9.16541 -3.21111 -2.78126
-8.5656 10.2918 -6.35845 1.80738
-8.79925 10.5069 -6.76588 2.72749
-8.96998 10.6313 -7.10432 3.54202
-9.07539 10.7042 -7.22638 6.46628
-3.51923 6.95524 2.86436 -6.63708
-5.68237 8.27863 -0.46251 -1.83172
-2.97588 6.63884 0.401669 -4.98045
-5.13991 7.96084 -2.91802 -0.174702
-5.76965 7.50393 -4.28189 2.13702
-5.94389 7.79499 -4.89042 3.13452
-8.1813 8.2382 -6.01033 5.21128
3.51419 -1.52486 5.67623 -2.35292
1.34995 -0.205822 2.35414 2.44484
2.23165 -2.9413 0.8144 -2.43063
0.0293652 -1.5882 -2.51645 2.40459
-2.36236 -0.0601924 -5.9909 7.39963
-0.835776 -3.71597 -6.49947 8.35106
-3.22716 -2.18996 -9.97065 13.3456
-5.61815 -0.663732 -13.5802 16.5032
-8.07496 0.0641961 -17.0504 21.4963
-4.45316 -1.97052 -12.865 18.1797
-6.84434 -0.446151 -16.3356 23.1715
-6.90272 -0.541208 -16.8427 24.8975
-6.45711 -0.619247 -16.3732 24.9719
-3.36509 -1.79328 -12.4488 21.2204
-5.98487 -0.073602 -16.07 26.3769
-5.72938 0.197074 -15.724 26.636
-5.69644 0.608165 -15.825 27.6858
-8.3317 2.13824 -19.4447 32.8406
-4.50127 0.770424 -14.069 26.7809
-0.209981 -1.01034 -7.91956 19.8175
-2.83039 0.730699 -11.5359 24.9693
-2.24623 1.19552 -10.8334 25.0879
-1.62645 1.27953 -9.98196 24.7101
2.19628 -0.382822 -9.35052 21.4313
2.37795 -0.101302 -13.2484 24.3807
-0.471898 1.87157 -16.983 29.6777
-0.475119 2.31453 -8.29357 25.276
0.197963 2.08301 -12.0373 30.5645
0.490015 2.45835 -6.78035 24.3671
1.15972 2.38519 -5.73888 23.4982
-1.70062 4.23733 -4.61727 26.0812
2.12041 2.76297 -4.49095 23.3601
2.80003 2.55302 -3.4594 22.3652
-0.0530636 4.51989 -2.42347 24.9983
3.46607 2.94568 -2.53824 22.4136
6.93745 1.04079 -1.94881 19.1097
3.85607 3.25098 -1.80002 22.2882
7.29231 0.987577 -1.96526 19.1117
4.2098 3.19541 -5.80191 24.5106
10.5654 -0.894125 6.69038 12.1833
7.48131 1.31013 2.85183 17.5749
4.39852 3.51271 2.33419 21.1297
1.31592 5.71801 -1.50885 26.5182
10.1235 -1.06999 -6.00824 20.8246
12.0052 -2.63558 7.64738 12.154
8.69791 -0.176471 3.72158 17.6326
10.4111 -2.501 2.0365 17.0422
7.10348 -0.0443055 1.37156 20.7144
6.25573 0.41568 0.393695 22.073
2.94819 2.87218 -3.70341 24.5639
5.26357 0.811865 -0.954418 24.2048
8.20707 -1.60152 -1.26224 21.473
4.89893 0.849143 -5.1714 26.9506
7.70056 -1.32747 -2.13638 22.6886
4.22265 1.33845 -6.10289 28.2185
11.2146 -4.53266 6.104 14.9849
7.69138 -1.81392 2.12146 20.5217
8.80134 -3.48001 2.96781 19.3089
5.27823 -0.763724 -1.01183 24.8444
7.02784 -2.91439 -2.10809 23.3273
3.50467 -0.200551 -2.97934 27.1341
2.6898 0.270638 -3.72772 30.8723
-0.832081 2.98349 -7.69913 36.4055
7.47205 -3.59873 -1.57045 27.9299
3.80245 -0.684186 -5.58531 33.4917
0.0738266 2.31308 -9.61626 39.0662
-3.69552 4.60917 -6.80851 32.5598
-1.00696 3.20027 -6.32052 31.457
-1.16891 3.69256 -6.01271 31.1366
-4.89722 6.68585 -10.0327 36.7097
-8.61977 9.68427 -14.0276 42.2909
-9.09068 11.0686 -18.0439 47.8667
0.558409 3.2073 -2.24977 25.9074
0.326036 3.55211 -2.12049 25.7038
0.0753126 4.96952 -6.30749 27.8392
-3.85077 8.25681 -10.3433 33.4333
-4.63415 8.28822 -6.33637 31.5969
-8.55743 11.5759 -10.3749 37.187
-12.585 12.8196 -5.09475 29.5695
-12.3137 12.9114 0.764066 21.2511
-16.231 16.2015 -3.26789 26.8372
-4.47978 10.0593 -2.99582 26.633
-4.15786 9.92538 2.8206 18.1516
-8.08125 13.2036 -1.20482 23.7357
-4.26207 10.7438 -1.05238 23.6093
-0.510579 7.54665 3.55658 16.7569
-4.61942 11.1364 -0.476045 22.3363
-5.11076 11.8037 -0.34986 21.8959
-1.01538 8.23914 0.289954 20.5771
-5.12382 11.8234 0.622623 19.9011
-5.58593 12.3615 0.433321 20.1776
-5.47227 12.0493 0.994087 18.9337
-5.58458 12.05 -3.02579 24.5111
-6.05619 12.4551 0.933573 18.6973
-6.02577 12.1697 5.66671 11.3326
-10.3022 16.0823 1.66173 16.8791
-6.80487 12.9549 1.17175 13.3377
-11.0809 16.8635 -2.82197 18.8881
4.47718 -1.03112 11.2048 1.59003
0.203416 2.86441 7.21343 7.12965
-1.34582 5.45235 5.70099 8.4025
-2.86587 3.61986 3.93568 10.3678
-3.72692 3.37725 2.87213 11.305
-1.61962 0.440371 4.40635 8.93734
-5.95269 4.47227 0.43325 14.4538
-7.1103 5.07838 -0.647183 15.6489
-4.5768 2.00827 1.75846 11.8065
-8.99755 6.24257 -2.1928 17.2904
-9.83606 6.82638 -2.82823 17.9748
-10.3078 6.88122 -6.87384 20.4561
-6.88476 3.60544 0.459344 12.7552
-11.3022 7.83175 -3.48777 18.2357
-11.9438 8.68156 -3.87898 18.9318
-12.0322 8.62402 -3.77257 18.6056
-5.04289 4.23174 -0.57473 14.2243
-9.66431 6.73778 -0.71293 13.9592
-14.214 11.3266 -4.59989 19.3592
-14.8987 11.9599 -5.2133 20.3222
-10.5594 9.69894 -4.56657 15.8911
-15.1507 12.7589 -4.51923 19.0956
-15.4889 11.1155 0.313159 12.1494
-20.0312 15.6977 -3.56963 17.5446
6.05081 -8.9317 14.203 -7.13541
1.50611 -4.37118 10.324 -1.74771
-0.337506 -3.14093 8.24558 1.17284
-4.99784 1.81146 4.44772 6.45788
-0.97979 -4.99183 4.19743 5.14026
-5.63865 -0.0463586 0.404005 10.4252
4.26171 -12.0465 6.87617 1.70119
-0.394398 -7.11211 3.08079 6.9798
0.0875387 -8.34265 4.35913 7.41403
-4.5676 -3.41263 0.558276 12.687
-6.06754 -4.81101 -0.949398 14.6337
-4.0398 -4.43802 0.454204 13.1991
-5.29074 -1.02873 -3.32919 18.4443
-10.073 2.50999 -7.05152 21.6152
-11.7404 4.88984 -10.7604 25.2254
-8.36229 3.81665 -11.773 23.2524
-13.1291 7.78435 -5.81952 23.042
-13.899 9.51807 -6.00744 23.6775
-9.68538 8.46459 -5.54047 20.5844
-14.4559 11.9432 -5.49753 23.6547
-15.1535 13.9045 -5.31731 23.7053
-10.4267 12.4605 -4.58191 19.9551
-15.2039 15.7656 -4.31171 22.8911
-15.7692 17.8707 -3.84327 22.521
-11.1482 14.8247 1.0494 16.2491
-15.9749 20.5759 -2.51606 21.2166
-16.183 21.8605 -2.05141 20.8026
-21.0179 24.7349 -1.07268 23.2798
-16.2199 23.9521 -0.826599 19.5206
-15.8791 21.6181 4.37105 15.9133
-15.7123 25.0469 0.778384 17.4228
-16.0467 26.3713 0.957897 17.5143
-15.643 29.7018 -2.60429 22.468
-15.9899 27.8435 1.98597 16.2456
-20.8734 34.0438 -1.41528 21.0163
-15.9929 29.4029 2.94249 15.0332
-20.877 35.598 -0.459317 19.8013
-15.4755 29.8386 4.13142 10.5356
-20.3622 36.0274 0.732782 15.3038
-25.2489 42.216 4.13408 16.3752
-16.0741 31.3583 4.09834 13.2698
-6.20533 19.0695 8.05416 4.80431
-11.0942 25.2411 7.74226 7.9005
-16.0108 31.8955 4.52688 12.4482
-16.6406 32.9102 4.04405 13.1799
-21.5621 39.5815 0.834473 17.7169
-20.8762 34.805 4.48021 14.6508
-15.9319 32.1923 4.84936 11.3306
-15.7389 32.1334 5.07787 10.9086
-6.78544 19.7043 4.82302 11.3203
-7.58325 20.2059 9.43343 4.4699
-12.4272 21.9594 8.45474 7.80499
-4.18188 13.0999 9.96007 4.76565
-9.10601 20.2228 6.94609 9.06179
-1.69079 7.31975 7.76051 4.37918
-6.53254 10.146 4.77618 8.6449
-3.98767 9.76191 7.14964 6.405
-4.33038 9.53718 6.36983 7.27093
-4.93301 10.0437 5.55184 8.39678
6.04166 -7.48988 10.2245 3.62964
1.12061 -0.324446 7.22151 7.87932
3.71807 -5.31241 7.49213 5.82613
-1.20214 1.8496 4.48835 10.0742
-2.18842 3.18273 3.48365 11.5806
1.04606 -1.43994 4.89134 9.86899
-3.8629 6.30193 2.16053 13.8238
-4.71114 7.94134 1.53656 14.9133
-0.633493 2.27513 3.58463 12.3489
-5.54293 10.0125 0.848284 16.2991
-6.54112 12.2327 0.459508 17.0519
-2.13302 10.7693 0.516504 16.9918
-2.76804 8.15829 2.92065 14.1133
-7.67883 15.8896 0.176861 18.0573
-8.06647 17.4741 0.242649 18.2011
-7.82215 18.2772 0.973906 17.2019
-8.4213 20.6781 1.12393 17.4494
-8.15968 21.4091 1.77087 16.6511
-13.0476 29.7663 -0.658001 20.2601
-8.89023 29.2209 2.40964 18.4379
-8.3296 25.1681 5.55394 14.1359
-8.81485 27.0356 3.20074 15.5109
-8.99157 28.0731 3.3652 15.3644
-8.63092 28.0497 6.21189 11.267
-9.12358 30.157 4.01652 14.6234
-9.26476 31.6156 4.41282 14.216
-8.84249 31.9978 5.11749 13.1903
-9.31172 34.0416 5.32518 13.1482
-13.8229 36.3729 3.24603 16.3744
-4.48175 27.6444 8.33772 8.66935
-4.65008 28.2889 8.11642 9.0091
-9.5084 37.3244 6.03759 12.2292
-10.1399 38.7753 5.8192 12.4066
-5.02911 29.6364 6.18876 9.63488
-9.85837 39.1078 6.05976 11.7479
-9.99095 40.282 6.26865 11.4725
-9.53655 40.2177 6.75395 10.6098
-9.49722 40.9118 6.8288 10.5381
-9.98196 42.502 6.92537 10.2941
-9.3989 41.8884 7.21487 9.60659
-9.78992 43.1026 7.08344 9.72518
-4.38776 32.4583 8.65871 6.52185
-8.75418 35.1561 8.44718 6.50096
-13.5624 44.9563 6.77527 9.28853
-18.3382 55.1735 5.35003 11.8375
-10.0674 45.0418 7.54622 8.75459
-14.8377 55.6628 6.35732 11.066
-4.89712 35.233 8.04679 6.00832
-9.66612 45.8636 6.85581 8.31919
-9.69068 46.3107 6.825 8.20784
-8.56195 37.6523 7.86362 5.55085
-9.53325 46.6003 6.66752 7.85957
-5.30679 44.7365 6.36077 8.04379
-10.1064 55.3663 5.16097 10.3507
-4.67487 36.3636 6.93558 8.99103
-9.39793 47.9271 6.2897 10.7651
-14.121 59.4907 5.89312 8.86378
-7.69676 45.9265 7.38279 5.22135
-7.32548 38.6282 8.09221 3.01636
-8.33701 48.545 7.44154 4.7899
-8.07458 48.305 7.45241 4.48465
-11.8686 48.8313 7.51709 3.93336
-7.48158 47.5048 7.31074 3.91907
-12.2366 59.0919 6.80176 3.70531
-6.8842 46.7515 7.13663 3.35793
-0.955838 33.325 7.78704 2.35121
-5.66184 45.9541 7.76221 3.52825
-5.86778 47.2679 8.07871 1.33001
-9.53662 47.965 8.04996 2.51614
-9.71152 58.5183 8.29199 1.83147
-1.82674 55.8868 8.2809 1.57482
-6.60708 68.511 8.03457 2.85477
1.50116 31.2463 8.00093 -1.82452
-2.28212 33.5222 8.0756 -1.90767
-3.51858 44.9404 8.24164 -0.913949
-3.80981 46.9109 8.18624 -1.1841
-1.36838 34.1617 8.16432 -1.95875
-2.63866 46.4367 8.95445 -2.62422
-2.47646 46.9173 9.19468 -3.0543
-7.22528 60.7624 9.15842 -2.20283
-1.86288 47.0082 9.25897 -3.63473
-1.0948 45.5003 8.16399 -3.37072
-1.37399 46.641 8.93997 -3.85979
-1.19656 46.4108 8.72885 -3.86579
-5.97523 60.5597 8.44787 -2.97862
-0.625947 46.9421 8.97284 -4.58892
3.83697 44.5199 9.431 -6.09539
-0.985624 59.7135 10.9352 -6.31325
18.9992 -5.02779 6.96937 -7.30952
14.1722 10.2525 7.78777 -8.00621
23.9625 -15.427 6.1748 -7.8764
19.1119 -0.108792 7.67808 -8.08176
14.2613 15.2094 9.18136 -8.28712
18.9308 2.93742 8.18197 -8.30184
14.0576 18.4632 9.80306 -8.60843
13.2247 23.0548 10.7665 -9.13841
17.3164 12.644 9.80191 -8.80805
12.3655 29.4737 12.2458 -9.82874
11.9655 32.5919 12.9778 -10.1286
16.1043 20.9861 11.1549 -8.92526
11.1234 37.8603 13.6011 -9.9384
7.6548 41.9352 13.8584 -9.97278
13.1463 39.861 8.73083 -6.49657
8.07267 56.7442 11.1807 -7.49953
2.99296 73.7098 13.6843 -8.54881
18.4237 21.7664 10.7509 -7.05282
13.2488 40.3929 14.2741 -8.96345
10.2884 57.9141 17.8151 -10.8451
6.64775 64.877 21.3182 -12.5742
5.83941 69.0003 19.6864 -11.753
8.39717 67.2082 15.5911 -9.1484
4.94768 72.8941 19.0189 -10.2485
7.10281 73.9556 18.5956 -9.50367
1.81419 92.6624 22.1325 -11.3894
8.45141 58.7891 12.1 -4.40186
2.98396 79.3965 16.8248 -7.27577
-0.581408 98.9796 17.2541 -8.3417
2.88321 70.1577 14.3543 -6.54477
-2.79175 90.8865 19.1381 -9.39171
-8.32739 111.61 23.909 -12.2669
-9.41834 100.053 28.7397 -15.0279
-14.9426 120.84 33.5221 -17.8838
1.21883 82.3864 16.9958 -8.7958
-4.34892 103.257 21.7784 -11.6548
4.39126 84.1803 17.8619 -8.67762
1.53717 86.847 18.8659 -10.5213
-0.97963 108.175 24.8809 -13.3417
-7.20544 131.261 31.0952 -17.2447
-1.39348 111.359 25.3985 -13.7
-1.98863 112.425 24.4531 -13.0466
-4.87365 114.282 23.1623 -12.1684
-3.74889 115.592 22.4378 -11.9747
3.48411 87.4296 12.878 -5.58289
-2.58553 110.795 19.0923 -9.50413
2.34355 89.9346 18.1318 -9.22137
-4.12552 115.432 19.2186 -10.6806
-3.20631 113.714 19.8534 -11.3285
-1.79978 111.342 19.4802 -11.2959
-2.85667 114.496 19.8781 -12.3526
-1.8666 111.185 19.1048 -11.8503
-5.67005 135.685 26.9443 -16.946
-2.04436 111.854 17.9716 -12.4585
-0.292575 107.035 16.7069 -11.7439
0.0436959 104.581 15.4089 -11.2982
-0.0925081 105.484 14.9705 -12.0091
0.456849 105.33 15.8873 -13.3724
-3.19038 132.354 25.6015 -19.7306
1.28073 105.481 26.007 -20.4065
-2.43845 132.624 27.4585 -22.5472
25.2511 20.2631 -4.88433 -6.35834
17.64 50.1908 4.83666 -12.7156
16.6452 52.627 8.2306 -15.7879
8.91152 82.6105 17.9804 -22.1037
36.7148 -22.3862 -7.21739 -10.9698
28.9135 8.0315 2.55761 -17.2606
20.4311 40.8403 13.7688 -24.5188
4.96755 65.7804 14.3521 -27.1164
8.0472 39.0277 19.4879 -30.9844
7.84824 57.3422 25.1561 -34.7373
2.98831 70.2801 31.1011 -40.4456
1.37315 76.1561 36.3294 -44.1434
-0.666895 106.351 39.2076 -45.9235
5.30263 80.3516 42.999 -49.0743
18.2063 49.1604 34.6836 -43.4926
9.29478 84.0204 46.5936 -51.1514
4.74282 93.2489 49.8211 -56.2488
3.08622 96.5383 38.9022 -48.2354
1.37444 130.187 52.4109 -53.4605
18.7358 32.8313 29.7622 -33.6375
8.39715 72.6733 33.8865 -39.4919
-0.185927 88.9653 37.9903 -41.5471
-3.77454 94.0418 52.3457 -50.6678
-3.03343 103.91 43.5429 -44.0037
-7.45591 139.688 44.3952 -43.273
11.8177 73.0614 32.4003 -38.571
0.44241 116.33 48.1476 -48.5922
-11.6282 162.012 65.1369 -59.4629
-6.74208 124.496 45.9455 -42.1114
-19.7158 170.549 63.2274 -52.6406
-32.2811 216.619 80.3695 -63.3229
-44.8403 262.693 97.5115 -74.0053
-18.1514 173.48 66.7475 -53.2324
-30.6533 220.308 83.9034 -63.9505
-24.7703 212.765 83.8862 -61.6419
-22.5874 208 79.4803 -57.0375
-28.5434 223.932 78.9555 -56.7727
-32.0358 233.588 79.1325 -56.0314
-33.0466 232.527 76.4499 -52.1278
-45.2032 284.081 96.7018 -64.568
-39.033 248.354 71.6136 -48.4011
-37.9572 240.851 67.4605 -43.6454
-49.5739 292.464 87.8105 -56.0079
-21.5715 180.467 35.4965 -22.6795
-38.0894 235.997 56.0533 -34.8027
-39.2901 241.535 55.3153 -41.1259
-42.6431 252.235 56.3176 -36.4459
-38.921 239.019 54.9542 -33.6436
-38.6237 240.258 54.4772 -41.1183
-43.2075 252.567 53.5682 -34.207
-40.5362 241.222 51.1625 -31.6241
-59.6541 306.857 75.1109 -45.7809
-41.8393 246.953 48.5329 -31.9053
-2.59718 77.081 -25.4229 5.81446
-22.5714 146.242 -1.27652 -8.30575
-41.6434 195.181 11.6921 -16.9766
-27.4928 148.68 35.5475 -30.4357
-20.6289 105.338 16.3016 -24.4747
-30.5892 143.481 38.9766 -36.9137
-22.599 114.085 55.4154 -41.2141
-32.7941 152.485 58.1294 -48.3607
7.32172 12.2282 63.8366 -52.783
7.40291 1.72983 66.6013 -48.5962
-2.98121 41.1496 89.4738 -60.834
-12.2034 49.12 77.7449 -60.7084
1.88977 -19.3198 81.1244 -60.8449
-7.8833 19.1251 104.278 -73.1215
-14.0546 31.3675 90.19 -65.5256
-11.4548 16.3145 93.347 -65.1332
-6.18904 -19.6967 77.5279 -55.2431
-13.8181 11.4933 101.616 -67.7545
-26.5427 37.3423 93.1691 -66.5371
-38.818 72.8404 104.146 -75.6027
-35.5286 69.4509 114.881 -73.5629
-43.3631 101.393 139.09 -86.0102
-19.2275 20.7124 120.203 -72.3286
-26.8176 51.6823 144.65 -84.7922
-31.917 63.3966 133.699 -78.0638
-37.4277 86.2687 159.274 -90.6961
-28.1115 41.3681 -2.01832 -5.71857
-34.1788 65.1824 23.8421 -18.4063
-31.7238 74.8002 39.6925 -27.2492
-30.3319 67.9035 51.6253 -32.2007
-23.3209 66.0606 65.338 -39.8306
-17.6311 54.4656 74.5035 -42.6884
-12.7754 44.8611 100.517 -55.2419
-17.6821 61.7993 91.2593 -50.8611
-9.13846 33.9944 77.4225 -41.619
-13.3012 49.6261 104.877 -54.5891
-3.99435 15.0856 110.172 -46.7523
-8.28808 30.858 108.558 -52.9763
-7.09605 29.6528 110.651 -53.264
-7.03943 25.8626 105.627 -48.3011
-5.98757 22.3305 99.0224 -44.2776
-11.5804 36.0948 101.799 -44.8599
-16.6044 52.2567 129.663 -57.3474
-13.5741 39.0602 102.94 -42.4141
-1.81101 0.499523 69.6982 -22.8198
-6.19804 11.2324 76.7581 -30.6635
-8.75351 20.0812 105.975 -43.9774
-14.0272 31.8419 121.406 -43.9931
-6.52827 9.00051 136.904 -40.8129
-9.16815 17.9211 166.38 -53.9267
-4.18196 -1.61578 69.8056 -18.1442
-5.37224 2.4684 97.8985 -23.3041
-10.1924 13.5671 127.418 -36.6405
-16.3582 28.321 136.258 -39.5328
-11.7041 13.7025 129.398 -32.8678
-9.23768 4.88811 88.2549 -10.2647
-10.2551 8.10125 119.518 -23.8501
-7.21753 -5.80937 119.657 -14.8915
-7.51312 -4.80224 125.085 -22.7771
-9.7427 -0.444587 130.348 -23.002
-11.6749 3.60213 160.453 -25.9181
-10.7601 -0.203847 128.254 -18.1582
-10.4187 -1.98163 123.729 -13.0435
-11.9944 1.71298 154.066 -17.4049
-10.251 -3.50904 124.59 -16.6753
-9.02877 -7.94993 100.397 -1.41251
-39.8283 59.6398 133.046 -9.62933
-47.1717 78.3049 166.51 -22.9654
-48.0336 81.9334 140.933 3.60698
-47.7514 80.8359 174.694 -10.1115
-47.4692 79.7384 208.455 -23.83
-44.2009 75.1603 161.96 -14.5297
-38.6414 68.0713 169.78 -6.67695
-38.3455 66.9775 203.577 -20.7839
-35.6434 60.8367 168.878 -10.9162
-34.4488 56.8681 203.387 -15.5235
-32.1868 51.2879 160.121 -4.16964
-30.5371 46.108 112.558 20.2919
-29.2902 42.1559 148.137 5.66515
13.6066 4.63787 9.57947 41.0592
19.5402 1.19068 27.8577 22.5908
21.0105 -2.68097 63.7155 7.25202
22.4808 -6.55262 91.124 -6.0337
24.5163 -11.8668 115.702 -16.5712
26.4321 -17.0547 152.613 -31.8507
24.0004 -17.6658 146.072 -35.4292
19.8973 -16.6808 183.537 -50.3377
18.4894 -19.965 165.575 -45.3403
15.2427 -20.5261 120.387 -31.4367
11.033 -19.7472 157.263 -42.3427
9.89241 -22.7884 159.352 -44.9327
5.988 -21.1697 154.018 -42.0642
8.23963 -26.8941 191.298 -57.9326
1.83665 -22.2248 149.024 -42.7211
0.1103 -20.6682 166.051 -51.2401
3.31578 -28.6857 204.481 -66.9052
-0.212818 -28.3393 165.889 -51.5809
-4.10978 -24.8052 118.89 -32.1656
-0.831269 -32.7806 157.178 -48.5286
-0.403953 -35.1512 159.496 -50.206
-4.56514 -29.6917 197.908 -60.9935
-6.08178 -29.4277 153.686 -48.7844
-7.67962 -27.1845 100.789 -29.5753
-10.4354 -24.509 138.868 -42.8066
-6.33072 -30.562 141.986 -45.5161
-6.35239 -30.89 139.468 -42.8621
-7.47604 -29.7545 134.883 -41.1459
-3.03909 -35.597 140.568 -44.8037
-4.47581 -33.3162 138.969 -43.5131
-9.76574 -27.1596 178.078 -58.7589
-5.55891 -20.7216 85.6507 -21.5287
-1.01316 -30.3323 124.182 -39.4728
3.53259 -39.943 162.714 -57.417
8.42344 -45.0464 175.027 -64.868
17.3629 -55.0433 158.41 -61.0658
5.77226 -40.4703 197.19 -74.654
1.87883 -35.719 130.229 -44.9351
8.93365 -47.671 168.677 -62.3725
4.08034 -39.1814 158.933 -53.6338
-9.94089 -19.159 104.488 -27.1978
-1.24502 -31.699 142.801 -45.271
4.35947 -37.2904 181.574 -61.4631
1.56401 -27.7086 102.825 -26.0999
-0.953004 -26.9255 141.11 -44.2732
10.8809 -40.9896 179.209 -62.4998
8.83882 -28.0931 96.1487 -21.7086
15.5595 -40.0388 133.514 -39.201
22.2801 -51.9845 170.879 -56.6933
25.8517 -55.2125 154.615 -49.215
34.2888 -63.7601 192.166 -66.845
41.166 -75.5586 229.478 -84.5587
30.9757 -59.7036 207.485 -75.4468
9.10023 -37.2903 195.318 -65.3371
-3.22157 -25.1203 232.829 -82.7299
51.1594 -13.6974 -61.8347 0.986567
59.7307 -25.2863 -27.5085 -17.2167
60.0746 -28.6376 3.74672 -42.5127
57.104 -27.8105 33.2232 -65.324
44.274 -20.0945 54.1646 -79.0061
52.9124 -31.66 72.9501 -88.1425
41.015 -24.9204 90.8474 -108.842
49.7072 -36.3911 123.692 -130.654
38.9413 -31.7019 118.993 -130.955
30.4734 -29.7607 123.417 -135.633
30.6923 -34.5677 126.731 -140.712
23.56 -33.4023 120.131 -136.403
25.2798 -38.9689 116.451 -135.813
27.7877 -44.366 114.335 -134.74
34.8121 -55.7466 144.21 -155.909
17.751 -42.4827 101.151 -128.907
10.8978 -39.2184 93.5831 -124.605
4.71347 -36.035 84.9353 -120.764
12.3856 -42.6479 83.6504 -121.909
22.0224 -54.3553 114.321 -138.63
14.3281 -45.0995 78.4768 -122.071
9.49155 -41.6627 72.8358 -116.811
23.4638 -54.5413 98.9603 -136.39
13.1813 -43.8619 63.8044 -110.268
16.4952 -42.8067 29.7383 -83.1362
26.8919 -54.762 55.2232 -103.647
15.6071 -42.7618 29.9216 -82.8234
31.9104 -55.5081 57.2848 -97.0357
19.2559 -42.5254 58.7457 -104.951
-4.56818 -26.4566 85.9734 -119.183
19.6896 -39.9586 61.2531 -107.385
36.709 -49.8683 67.5371 -108.53
27.1638 -42.5018 65.0669 -102.811
24.791 -40.1336 65.7893 -92.7536
27.7557 -40.9792 62.8379 -95.0906
27.7929 -36.0269 56.9825 -95.347
20.3679 -28.5063 37.2841 -73.7282
31.6431 -39.9189 61.1941 -84.6273
23.1724 -28.5669 85.5909 -95.0699
34.5076 -39.8027 68.5712 -76.1403
36.6266 -38.6587 67.2278 -81.4198
48.5131 -50.1024 85.528 -94.3913
35.0754 -43.4836 60.045 -64.124
50.6501 -45.3251 56.0306 -55.1488
62.6397 -56.5287 77.1738 -61.4507
11.1272 -9.03195 25.6662 -26.9589
23.1892 -19.7829 46.6938 -33.8179
41.4557 -27.3611 56.8169 -39.9253
36.677 -27.3011 77.8139 -46.7931
40.295 -29.8051 75.5108 -33.7886
30.7282 -26.7232 96.8243 -40.6343
29.3619 -7.7853 1.99359 11.5373
35.236 -12.4389 12.2333 19.1441
48.0191 -22.4286 29.7199 17.5249
65.7022 -29.3603 22.5159 9.57129
78.5558 -39.2176 40.0732 7.8495
42.1158 -20.0888 16.7841 4.47817
55.0034 -29.7191 34.3809 2.53551
67.8909 -39.3495 51.9778 0.592851
55.8978 -33.9342 49.2315 -3.62251
68.8105 -43.4361 66.8013 -5.63768
49.9483 -37.7213 71.2074 -2.28032
33.9894 -32.9422 74.713 2.68637
47.328 -42.4021 90.3413 6.62658
30.8258 -34.0523 80.8174 12.8027
1.87264 -20.3718 76.1938 27.2981
10.4112 -23.9341 73.9663 21.9261
23.7479 -33.0706 89.4714 25.7518
11.6352 -25.5971 85.9392 38.8732
24.9796 -34.5926 101.418 42.6621
25.5583 -35.574 97.1101 35.3778
-1.14335 -23.3143 83.7162 43.1874
12.5811 -32.1289 97.4631 53.1676
22.2647 -35.5328 97.5231 62.8446
1.68622 -24.687 90.2596 57.8477
15.4183 -33.2723 104.026 67.8155
22.3006 -35.2284 98.3813 84.5733
1.62399 -24.0089 90.9448 76.2358
15.3635 -32.3589 104.768 86.1473
22.48 -34.0164 100.477 99.7409
19.2981 -32.4843 101.389 102.228
16.2625 -30.9397 105.688 102.299
24.5496 -32.513 100.882 119.452
30.7855 -15.9333 50.133 89.8844
44.92 -23.5234 62.9326 106.164
51.9085 -25.7891 63.5642 109.971
66.0503 -33.3035 76.4193 126.24
34.5907 -22.5584 64.5058 116.651
48.7504 -29.8946 77.4745 132.899
42.6176 -23.2513 56.6581 101.194
56.7868 -30.4217 69.7833 117.427
39.8311 -24.9054 70.5338 121.459
27.9489 -22.3323 59.2025 109.202
42.4608 -29.1877 71.5199 132.291
27.7057 -21.7619 71.9862 137.293
26.3886 -21.175 73.1557 136.719
40.8815 -27.8103 85.6404 159.81
24.0244 -16.1519 61.9183 125.441
38.4969 -22.5735 76.0095 145.825
52.9693 -28.995 88.7537 168.921
50.9277 -25.2885 75.6172 150.533
13.8875 -16.8021 62.6724 127.57
28.6728 -22.8 75.1361 157.928
21.8875 -16.7508 61.9022 142.211
36.6653 -22.5772 74.5847 172.594
51.443 -28.4036 87.2672 202.977
57.4792 -25.3905 74.1455 181.778
72.2392 -31.0864 87.0872 212.173
29.0029 -21.173 74.1459 182.85
18.6674 -19.4072 73.984 180.694
13.869 -18.2086 74.1477 180.201
28.7358 -23.539 87.4791 214.354
8.78756 -0.814724 17.5398 66.0139
31.1795 -3.34601 14.8056 80.6408
46.1389 -8.11155 31.3325 112.529
66.3589 -10.7598 30.9125 120.848
17.6096 -4.88995 31.7191 108.225
32.5322 -9.49316 46.2849 146.652
31.9711 -9.99803 29.0632 125.792
9.76543 -5.39413 31.377 113.279
24.6377 -9.84259 46.4257 151.813
33.9622 -10.4766 29.3745 132.85
31.9368 -10.1133 29.0523 137.208
18.9018 -5.72351 32.4047 132.979
34.0621 -9.65921 30.8718 154.969
41.6937 -9.86176 31.4355 161.645
9.6072 -4.70147 14.3817 115.965
27.5604 -6.76546 12.808 137.26
30.662 -8.44277 33.3045 171.339
49.5352 -9.05779 35.0855 179.813
14.9987 -3.82667 35.6927 181.396
30.1251 -7.34976 57.4894 214.792
32.9466 -6.60954 39.9665 201.381
29.4161 -5.62059 41.1113 207.883
23.4592 2.29638 69.9024 217.755
38.708 -0.776677 88.5496 275.351
53.9568 -3.84973 107.197 332.947
68.4434 -0.522415 32.337 215.245
83.636 -3.51559 53.3304 273.109
100.857 -5.06876 76.5841 314.009
82.1055 -5.45255 57.6205 265.65
38.6265 -7.29583 68.8371 281.631
54.1097 -9.82738 91.6657 351.105
17.3477 -3.2605 84.9159 318.413
19.4329 -2.14744 83.9457 352.213
31.1808 -1.11973 90.3518 369.425
31.0239 1.08185 95.4888 348.276
33.7832 0.438171 99.1055 387.161
38.1767 0.935103 103.558 395.96
29.1638 1.21145 105.021 393.807
32.1921 10.1732 25.9207 160.527
48.1446 8.53242 53.2141 234.782
59.3956 7.18767 63.7504 235.614
46.6032 6.57231 37.6922 240.293
21.6016 6.97404 5.59508 119.267
31.9576 5.95904 39.7843 180.127
32.2144 5.57267 1.05992 98.6964
47.4265 3.62907 33.8857 187.256
50.5456 2.33541 41.2301 218.981
65.7325 0.344535 74.6011 307.83
43.9313 0.578877 27.1889 223.346
59.0736 -1.45092 62.6094 314.288
26.2778 2.01962 48.9605 241.089
41.3382 -0.137208 88.4162 343.428
56.3986 -2.29404 127.872 445.767
49.1458 2.11727 78.9208 278.983
64.12 -0.116641 119.928 383.922
64.1681 -1.08495 99.0682 328.751
79.1035 -3.36497 140.729 434.758
59.9454 -4.56556 113.035 374.432
70.4791 -10.144 146.506 463.333
31.94 -5.7482 154.394 487.469
25.435 -4.5658 137.011 448.538
23.8953 -1.76329 97.8704 375.062
41.3177 -2.77343 122.134 442.343
45.2107 0.215476 105.443 376.805
41.0794 1.64616 51.9396 279.609
56.723 -0.702838 77.1626 348.214
40.3579 4.51702 63.9363 281.4
38.6494 5.67178 44.7102 237.665
36.0076 6.92152 -7.16957 146.45
44.7897 7.3042 19.3791 217.098
55.7502 8.31851 -5.76267 130.332
49.0628 7.1721 -34.2805 69.7162
67.204 6.46654 -14.9282 128.316
53.1103 11.3222 -31.0463 59.7453
28.8505 12.9372 -40.0869 -1.87877
46.8691 12.1398 -20.2156 58.5792
54.6345 11.3567 -0.587807 88.9329
72.6189 10.4289 19.6634 149.703
66.8908 9.39209 57.1465 192.488
55.7057 8.68901 42.1744 153.742
74.3758 8.13695 56.5531 204.144
51.751 8.45065 24.8121 109.558
50.4277 8.0199 17.9305 90.6609
47.2689 7.65944 10.9854 71.6112
26.0553 5.17899 25.137 54.4266
44.6327 4.38179 38.1441 104.995
63.2129 3.58304 52.6065 156.935
69.679 -3.99908 64.116 183.27
88.2266 -4.9693 77.6786 234.082
77.3606 -4.21044 29.5129 141.716
49.1798 1.02032 12.5432 75.3696
37.3836 -2.06437 3.50016 55.3766
56.5676 -2.73904 10.0591 94.6967
40.6787 -7.11628 38.9645 64.4524
59.7931 -8.1398 57.0106 98.9259
44.4687 -0.175677 37.2349 72.3425
63.4706 -1.16103 31.6385 89.5502
62.7824 -5.47142 29.7182 94.2471
55.1465 -5.06855 18.3481 74.6919
12.6232 -2.96245 25.2391 63.784
31.9368 -4.06528 28.6394 95.068
50.3519 -8.4605 31.5491 98.8792
69.7599 -9.76989 33.6392 126.849
89.2012 -10.8838 35.3455 154.939
38.6084 -4.84466 -12.6223 42.485
57.985 -6.07031 -11.9564 43.1544
50.5683 -8.81428 -7.75257 59.0752
50.2342 -3.0963 -7.58722 84.6967
54.7848 -3.15547 -3.54377 76.8583
74.0779 -4.63073 -2.04567 105.23
51.536 -3.99842 8.40673 76.2467
71.2454 -5.46497 4.41655 69.8341
75.9095 -5.58727 -5.93952 74.0418
95.6192 -6.83943 -9.51996 91.0761
102.67 -7.95648 -26.4571 33.9938
88.2172 -4.39487 -30.0764 51.0368
72.293 -1.20665 -35.72 12.6012
81.6929 -8.64805 -33.264 41.3372
51.9943 3.29532 -28.6659 50.4852
71.5655 1.67321 -32.7882 37.4521
54.6612 3.80702 -29.3745 40.8729
29.6111 6.96886 -33.8408 23.9881
49.5046 5.59892 -41.7796 30.6324
34.5591 5.88838 -36.6601 -19.1338
45.9241 8.17493 -44.2415 -36.3576
65.7425 6.65438 -52.2836 -29.8329
74.1008 -0.492546 -32.0331 12.7422
93.8834 -2.52276 -39.6141 -6.04771
64.0549 0.152369 -31.1315 9.60216
44.4943 -4.13788 -20.64 27.5867
46.7549 2.52722 -29.7786 3.51801
52.2976 0.611873 -31.549 -3.34655
63.7742 -5.60072 -34.6614 11.4678
57.2702 -1.29956 -36.1217 -22.1047
21.7636 -2.4137 -10.6966 6.78669
34.0257 -0.475978 -20.9237 -17.056
53.8957 -2.45675 -32.407 -20.1025
69.5092 -7.02508 -36.4891 -28.7425
74.2505 -1.42638 -46.6022 -50.583
62.1831 -6.57292 -32.6154 -18.2594
42.4726 -10.1179 -19.7077 9.85655
62.4695 -12.1999 -31.8933 -22.4951
50.4383 -4.35519 -36.0294 -36.232
49.3 -4.2649 -36.4869 -40.4744
49.4086 -16.3044 -29.4382 -52.2547
69.3176 -18.7581 -43.1949 -63.5123
39.7002 0.224291 -22.6418 -10.9386
50.4135 -6.48437 -34.657 -35.5971
41.9923 -0.347165 -21.605 -2.28456
51.8843 -7.48164 -32.9213 -30.7399
55.0265 -8.75148 -36.4501 -42.0965
61.1471 -2.60751 -38.7092 -27.3499
54.4051 -8.04452 -39.3723 -55.8448
42.7287 -10.4916 -35.5163 -70.8775
54.378 -7.86925 -40.9878 -64.1605
45.3349 -0.693986 -9.49206 -20.1139
65.129 -3.56028 -24.2839 -38.053
75.5437 -0.0806815 -39.0753 -55.9922
67.5871 -12.4948 -50.7229 -91.352
50.0348 -2.94231 -59.5435 -108.474
69.7698 -5.95465 -74.6822 -127.912
30.6169 -7.33 -31.2666 -82.617
50.3294 -10.4048 -46.8802 -106.17
69.988 -13.7568 -63.0036 -129.476
51.9969 -10.8699 -45.3878 -87.332
71.6688 -14.0999 -60.739 -110.696
66.3659 -12.3542 -55.257 -81.9927
54.6484 -7.66532 -46.2585 -46.9856
53.3362 -6.96857 -46.7152 -53.9527
10.3969 -14.1579 -0.0662113 -79.0223
29.8369 -18.1814 -14.6436 -102.619
54.1621 -26.0398 -28.2686 -135.48
26.5461 -18.9127 -32.5871 -123.771
45.7858 -23.3206 -48.0584 -150.615
65.0897 -27.6387 -63.111 -177.569
60.8049 -22.492 -53.4826 -122.925
80.0519 -27.0111 -68.3018 -149.632
99.2989 -31.5303 -83.121 -176.34
100.5 -28.3339 -84.2949 -151.252
52.3314 -4.94188 -55.2866 -17.6417
71.5197 -9.5887 -70.0862 -44.4806
43.5399 3.49845 -73.0472 -60.6947
62.6157 -0.979701 -71.4423 -62.4568
65.3457 -0.924311 -72.7619 -79.9079
62.8921 0.507327 -69.0915 -70.0525
59.2273 2.34509 -67.719 -45.2224
63.8437 -0.30323 -64.2583 -72.6076
62.1262 -0.670857 -60.922 -66.6227
81.1001 -5.51311 -75.7155 -95.9365
62.076 -3.00668 -60.0782 -94.8468
59.4714 -3.65855 -50.723 -82.7937
78.2021 -8.39768 -65.2964 -114.773
58.0708 -5.61879 -48.8971 -75.3718
32.179 -0.27611 -28.2608 -37.3623
35.6223 -3.5152 -34.8107 -40.5858
54.2716 -8.56409 -42.4076 -86.9623
36.1492 -6.79248 -28.1621 -46.7184
54.7544 -12.0065 -41.8771 -77.7932
55.5284 -13.7762 -37.6009 -87.9634
26.58 -5.46495 -18.0153 -32.6686
45.1173 -10.929 -31.2108 -63.4197
47.9646 -13.6452 -31.9364 -84.03
56.0434 -21.021 -45.0389 -116.781
29.0101 -17.363 -24.6726 -104.685
38.0353 -24.6583 -37.4942 -137.051
42.2425 -22.5878 -17.9403 -98.978
35.2574 -12.5814 -7.71231 -44.8843
40.9552 -20.4783 -19.713 -76.7743
44.9206 -21.7337 -22.2568 -90.1295
35.2188 -9.46262 -13.5871 -37.681
53.2261 -15.5399 -23.4179 -72.4271
25.9265 -11.7637 -14.1078 -51.2665
43.4406 -17.8649 -25.6482 -83.9417
61.0002 -23.8684 -36.9963 -116.67
63.8079 -24.0848 -31.9677 -138.223
41.8059 -23.9305 -21.0293 -61.3775
59.2817 -30.2135 -31.9534 -93.6572
13.337 -7.90241 -1.91661 -74.6578
20.3381 -15.5856 -12.5334 -106.501
40.0879 -25.8741 -9.52042 -98.7678
43.927 -28.1685 -14.6463 -98.7088
60.8446 -34.7466 -24.7165 -130.865
31.3423 -34.3545 -5.70052 -117.855
47.9515 -41.5012 -15.3819 -149.458
31.9326 -23.0257 -36.1539 -132.375
48.4746 -30.3542 -46.0001 -163.831
65.0166 -37.6827 -45.4748 -137.064
60.2199 -19.0598 -56.8558 -119.04
76.7467 -26.4656 -66.7633 -150.328
62.5841 -22.1168 -58.1742 -83.5244
58.6825 -16.3116 -58.5815 -71.5228
42.858 -6.20279 -46.3566 -48.9749
58.7593 -13.4013 -55.6698 -80.1096
63.423 -16.5408 -53.935 -96.6041
45.4165 -8.45193 -40.8603 -56.3759
61.2643 -15.8187 -50.0784 -87.2218
62.6097 -17.7289 -48.0931 -93.34
41.7784 -8.95622 -34.5934 -51.7707
57.5678 -16.5058 -43.6611 -82.3237
58.6535 -18.8606 -41.3296 -90.7408
40.7509 -16.8324 -33.9456 -44.6803
53.2166 -18.0885 -36.523 -82.0436
53.6289 -20.1565 -33.7408 -89.9666
64.2654 -18.0623 -39.0419 -123.726
47.389 -18.6802 -28.8307 -80.7872
42.698 -17.5048 -27.6665 -70.8035
38.3176 -14.9809 -36.1483 -100.384
29.4279 -25.5033 6.09903 -94.6606
44.1405 -33.5453 -2.04924 -123.954
35.0226 -24.7827 1.01361 -70.0291
49.6696 -33.0135 -6.8974 -99.0928
42.0461 -31.8336 -14.2101 -127.769
42.5405 -30.6103 -17.8591 -126.46
37.861 -25.0132 -17.2687 -77.5265
17.0087 -9.00723 -12.7944 -41.8906
30.8413 -16.8924 -11.9943 -55.2806
44.6784 -24.7752 -18.7481 -83.2687
43.6862 -27.4811 -17.7736 -107.014
30.2042 -32.6997 -14.3616 -42.5894
43.8931 -40.8554 -21.046 -70.3529
46.6438 -48.3693 -22.6403 -69.3695
35.6089 -19.783 -22.2483 -62.6919
48.3604 -27.4991 -24.1408 -53.0369
24.2318 -14.7233 -10.3002 -74.4978
35.7094 -18.043 -15.114 -93.068
48.4876 -25.782 -21.0646 -119.378
32.7035 -22.9791 -9.09895 -103.822
45.3806 -30.9154 -14.9613 -129.955
58.0621 -38.8496 -20.8158 -156.086
45.0539 -30.6092 -21.1638 -101.651
39.2344 -25.2459 -24.9457 -73.4009
51.4065 -33.0257 -30.4418 -98.6854
31.8466 -18.4945 -22.3958 -53.8716
14.6692 -7.07923 -11.5756 -23.0655
26.2264 -14.6072 -16.5011 -47.2679
26.4245 -11.7563 -2.64131 -56.4736
37.191 -16.2185 -1.5058 -61.2422
28.1298 -19.9159 -6.33919 -85.2796
33.2383 -26.4267 -5.69225 -93.2912
28.4529 -15.1336 -7.53319 -29.1306
25.9337 -20.0145 -12.2826 -53.0019
25.7223 -20.0883 -13.6475 -78.7141
22.9611 -17.6002 -12.7399 -77.0809
19.4278 -11.8159 -1.33725 -28.7213
13.7724 -15.3817 -5.532 -50.4713
23.4802 -19.8969 -2.55282 -59.6629
24.9703 -21.9447 -1.23638 -64.946
12.5371 -12.5494 0.945233 -33.9915
22.6527 -19.9291 -2.99767 -55.5815
23.7856 -21.4698 -2.8334 -59.3806
21.9117 -19.2417 -4.24085 -52.0363
22.3727 -19.905 -3.8785 -54.01
19.5978 -17.2763 -4.60696 -46.1771
19.8161 -17.7884 -3.14149 -48.5673
20.6221 -19.0362 -1.7676 -52.6638
29.3776 -25.683 -4.99947 -71.716
26.5557 -19.4438 -3.68113 -66.0129
16.9104 -15.4609 -2.95764 -41.2987
15.1738 -13.7981 -3.73172 -35.9479
23.8199 -20.6383 -7.01025 -54.8493
19.1289 -18.8658 -0.400562 -50.5643
17.9053 -17.4934 -1.59233 -45.9194
25.0815 -23.3629 -4.36642 -62.0223
15.1085 -17.8746 -1.61391 -38.2098
15.7458 -18.5641 -2.86065 -32.7279
15.9562 -16.6086 -0.639292 -36.0418
13.9826 -14.2859 -1.0679 -32.6371
11.8877 -11.936 1.65967 -30.7296
12.8656 -13.3211 -0.0690867 -34.4043
14.6345 -15.7372 1.34544 -41.3483
13.9012 -14.9268 1.51874 -39.0216
14.6151 -15.7545 0.0154131 -39.8982
14.3741 -15.8473 0.513144 -40.0779
11.7628 -12.83 0.207292 -32.413
5.37376 -9.95565 1.92 -17.9837
10.8997 -14.8558 -0.0500399 -30.674
1.71378 -6.5997 11.5895 -29.0393
7.18215 -11.5929 9.56809 -41.6668
8.95619 -9.80119 7.21074 -45.3283
8.99157 -12.6071 3.46924 -43.0256
4.46359 -11.0665 -2.22958 -18.8802
9.79169 -12.2514 -4.27355 -31.2406
9.49217 -14.1396 -4.93821 -27.3205
-3.37611 1.44334 1.30504 -3.29078
0.394408 -2.21036 -0.152419 -12.291
3.10942 -5.36929 3.92631 -20.4853
4.24894 -7.8632 3.18261 -20.6389
5.63923 -9.44315 2.35944 -22.5767
5.86512 -6.05963 0.446394 -20.2147
5.60369 -7.91597 -0.118515 -17.957
6.69292 -8.89833 -1.32842 -20.0051
7.0841 -6.18647 -2.19072 -19.3583
5.35999 -6.42955 -2.05616 -14.0656
4.88713 -3.72219 -0.199852 -3.40595
6.96286 -4.43123 -0.368265 -1.31462
8.95109 -6.4901 -1.19097 -6.2779
2.73815 -4.23855 1.56841 -9.79723
2.20888 -3.75947 1.92454 -8.59731
4.28466 -4.39408 1.76357 -6.49387
1.66418 -3.3914 2.35395 -7.60816
1.48857 -3.2341 2.31451 -7.18821
1.297 -3.01304 2.08112 -6.57048
1.62568 -3.35091 1.99397 -7.49197
-1.42959 -0.592449 4.14466 -2.52249
-4.61491 3.24737 4.7556 7.16053
-5.35271 3.59412 5.41085 6.27649
-5.18976 3.43477 5.40276 5.76448
-5.33764 3.51155 6.8228 7.04174
-5.30703 3.19377 7.64846 5.90524
-5.15963 3.04405 8.01725 5.17866
-4.94578 2.45016 8.07028 4.36614
-4.48856 2.05683 6.80108 4.07521
-5.87415 3.73076 7.65432 7.6541
-7.57183 5.77591 8.68348 12.0592
-7.0326 6.74043 6.69769 13.7621
-8.69249 8.83251 7.79157 18.1463
-9.647 10.159 8.53493 20.9616
-7.47398 8.42875 9.51199 14.7261
-9.11521 10.5218 10.6488 19.0975
-9.4233 8.85768 11.0654 18.8135
-9.01822 8.23389 11.4737 16.3368
-8.2527 8.85608 12.6757 20.6822
-7.2 6.26937 9.85608 11.0478
-12.0451 -5.42646 -13.2056 2.28743
-12.1104 -5.63008 -13.423 1.05399
-11.2692 -6.16381 -14.1066 0.72845
-9.99604 -4.22156 -12.5109 0.266778
-9.99604 -4.22156 -12.5109 0.266778
-9.99604 -4.22156 -12.5109 0.266778
-9.56613 -4.49068 -11.4829 0.140791
-8.58591 -2.15961 -10.4955 0.088426
-7.23728 -0.857192 -8.75165 -0.0393726
-7.23728 -0.857192 -8.75165 -0.0393726
-6.01648 -0.143871 -7.31225 -0.146482
-5.46161 0.081357 -6.69236 -0.172819
-3.58888 0.464962 -4.74665 -0.209888
-3.20218 0.477966 -4.42327 -0.432266
-2.5118 0.46003 -3.71739 -0.223348
-2.5118 0.46003 -3.71739 -0.223348
-2.5118 0.46003 -3.71739 -0.223348
-1.9241 0.398116 -3.1808 -0.235034
-1.66019 0.369249 -2.95017 -0.220561
-1.44682 0.210536 -2.73848 -0.226993
-1.1956 0.283496 -2.54815 -0.222004
-0.98678 0.245296 -2.37606 -0.208092
-0.98678 0.245296 -2.37606 -0.208092
-0.619193 0.155061 -2.07555 -0.206488
-0.45451 0.113636 -1.94619 -0.192539
-0.303692 0.0677425 -1.92463 -0.115655
-0.163739 0.0258896 -1.72069 -0.18732
-0.0336471 -0.0147904 -1.62376 -0.175976
-0.0336471 -0.0147904 -1.62376 -0.175976
0.197631 -0.0944154 -1.45465 -0.167411
0.300542 -0.132957 -1.31549 -0.155376
0.39632 -0.169757 -1.31565 -0.155494
-89.2717 229.605 2.47329 -3.18953
-126.505 296.791 6.28189 -16.3254
-126.505 296.791 6.28189 -16.3254
-153.846 304.469 12.1188 -45.3621
-160.056 297.978 11.3255 -62.6712
-160.056 297.978 14.7601 -65.3612
-154.986 301.324 15.4 -72.4272
-162.016 301.493 17.2157 -78.5945
-169.929 298.317 15.9826 -81.1623
-173.207 299.172 16.0089 -84.1073
-172.273 299.7 15.7465 -84.1563
-188.423 306.575 15.0172 -89.3117
-188.423 306.575 15.0172 -89.3117
-186.26 312.006 14.5415 -89.3427
-193.574 310.489 14.5415 -89.3427
-195.717 312.256 14.3148 -88.7752
-190.461 315.523 14.1064 -87.9206
-199.202 315.619 13.9082 -87.0765
-200.003 317.502 13.5761 -86.2189
-200.011 317.476 13.5549 -85.3253
-202.313 319.772 13.3876 -84.5556
-208.782 320.461 13.1188 -83.5041
-203.06 322.003 13.0678 -82.4263
-196.722 323.339 12.9164 -81.5586
-201.651 323.638 12.5695 -79.4994
-201.651 323.638 12.5695 -79.4994
-201.651 323.638 12.5695 -79.4994
-195.633 319.573 12.058 -76.7675
-195.633 319.573 12.058 -76.7675
-195.633 319.573 12.058 -76.7675
-193.777 318.61 11.8059 -75.5486
-187.706 318.066 11.7604 -74.8447
-189.23 317.665 -35.6042 110.992
-157.636 234.319 -50.7246 154.553
-157.636 234.319 -50.7246 154.553
-148.53 205.906 -55.2629 127.518
-148.53 205.906 -55.2629 127.518
-148.284 213.023 -56.8626 120.258
-148.284 213.023 -56.8626 120.258
-143.761 212.337 -57.2574 117.162
-143.761 212.337 -56.701 113.851
-140.17 210.032 -55.8666 109.798
-136.414 206.65 -54.8263 105.294
-136.249 206.748 -54.8263 105.294
-126.797 198.538 -51.2842 95.359
-117.212 188.901 -50.6366 87.677
-117.212 188.901 -47.183 84.7533
-112.405 183.658 -47.2933 84.6718
-107.95 178.411 -42.9662 74.1459
-103.467 173.485 -42.9709 74.1329
-99.3254 168.199 -38.8151 64.2092
-94.8579 159.94 -35.2914 55.4514
-94.8579 159.94 -35.2914 55.4514
-86.4998 145.851 -33.7103 51.4537
-79.9357 134.966 -32.3565 47.8287
-79.9357 134.966 -33.0013 46.3719
-77.0034 130.088 -29.8413 41.2688
-74.467 125.265 -28.7451 38.3567
-74.467 125.265 -28.7451 38.3567
-69.3594 117.312 -26.6562 32.9419
-67.128 113.548 -25.7169 30.5237
-57.3173 96.2917 -21.644 19.9472
-57.3173 96.2917 -21.644 19.9472
-55.6222 93.0451 -20.9624 18.1796
-55.6244 93.0528 -20.9624 18.1796
-52.8113 88.2496 -19.4601 15.6729
-50.0798 83.2147 -18.5719 12.1878
-50.0989 83.1987 -18.5769 12.1764
-48.7633 80.68 -18.0437 10.8687
