0.169313 -0.149214 -0.192269 -0.14924
0.169312 -0.149217 -0.19227 -0.149242
0.169312 -0.149217 -0.19227 -0.149242
0.169312 -0.149217 -0.19227 -0.149242
0.169311 -0.149217 -0.19227 -0.149243
0.169311 -0.149218 -0.192271 -0.149242
0.169311 -0.149218 -0.192271 -0.149242
0.169311 -0.14928 -0.19227 -0.149309
0.169308 -0.149316 -0.192271 -0.149381
0.169308 -0.149316 -0.192271 -0.149381
0.169308 -0.149399 -0.192272 -0.149429
0.169304 -0.149517 -0.192276 -0.149549
0.169304 -0.149517 -0.192276 -0.149549
0.169301 -0.149588 -0.192279 -0.149619
0.169257 -0.149745 -0.192285 -0.149695
0.169292 -0.149749 -0.192288 -0.149782
0.169285 -0.149839 -0.192294 -0.149872
0.169321 -0.149847 -0.192301 -0.149969
0.169268 -0.150037 -0.19231 -0.150072
0.169267 -0.150053 -0.19232 -0.150178
0.169245 -0.150259 -0.192331 -0.15029
0.169215 -0.150499 -0.192402 -0.150524
0.169215 -0.150499 -0.192359 -0.150527
0.169199 -0.150633 -0.192373 -0.150658
0.169178 -0.150752 -0.192434 -0.150776
0.16916 -0.150893 -0.192449 -0.150915
0.169135 -0.151017 -0.192433 -0.151043
0.169156 -0.151063 -0.192455 -0.151182
0.169133 -0.151246 -0.192436 -0.151328
0.169059 -0.151431 -0.192503 -0.151455
0.169033 -0.151618 -0.192485 -0.151599
0.168972 -0.151856 -0.192585 -0.15188
0.168972 -0.151856 -0.192585 -0.15188
0.168972 -0.151863 -0.192543 -0.151881
0.168907 -0.15214 -0.192646 -0.152162
0.168839 -0.152422 -0.192709 -0.152445
0.168839 -0.152422 -0.192709 -0.152445
0.168835 -0.152434 -0.192714 -0.152434
0.168769 -0.1527 -0.192775 -0.152723
0.168681 -0.15297 -0.192819 -0.152839
0.168681 -0.15297 -0.192819 -0.152839
0.168619 -0.1532 -0.192762 -0.152956
0.168619 -0.1532 -0.192762 -0.152956
0.168458 -0.153726 -0.193062 -0.153745
0.168458 -0.153726 -0.193062 -0.153745
0.168403 -0.153868 -0.193122 -0.153823
0.168373 -0.153952 -0.19314 -0.153971
0.16833 -0.15406 -0.19318 -0.154079
0.168287 -0.154165 -0.19322 -0.154184
0.168243 -0.154267 -0.19326 -0.154286
0.168111 -0.15455 -0.19338 -0.154567
0.168111 -0.15455 -0.19338 -0.154567
0.168111 -0.15455 -0.19338 -0.154567
0.167991 -0.15477 -0.193623 -0.154801
0.167976 -0.154799 -0.193503 -0.15481
0.16794 -0.154841 -0.19354 -0.154754
0.16794 -0.154848 -0.19354 -0.154754
0.167886 -0.154946 -0.193586 -0.154962
0.167797 -0.155082 -0.193598 -0.15497
0.167797 -0.155082 -0.193665 -0.155099
0.167715 -0.155198 -0.193825 -0.155218
0.167627 -0.155321 -0.193904 -0.155331
0.167627 -0.155322 -0.193815 -0.155338
0.16757 -0.15538 -0.193873 -0.155252
0.16757 -0.155377 -0.193941 -0.155381
0.167545 -0.155429 -0.193887 -0.155441
0.167501 -0.155492 -0.19402 -0.155485
0.167467 -0.15553 -0.193953 -0.155541
0.167372 -0.155623 -0.194014 -0.155633
0.167393 -0.155625 -0.194014 -0.155634
0.167311 -0.155739 -0.194184 -0.155712
0.167324 -0.155714 -0.194071 -0.155722
0.167259 -0.155803 -0.19417 -0.155662
0.167259 -0.1558 -0.194243 -0.155797
0.167153 -0.155916 -0.194222 -0.155742
0.16717 -0.155883 -0.194097 -0.155753
0.16717 -0.155923 -0.194191 -0.155926
0.167098 -0.15604 -0.194358 -0.155993
0.167117 -0.156004 -0.19423 -0.156004
0.167015 -0.15612 -0.194325 -0.155937
0.167049 -0.156123 -0.194397 -0.156071
0.166989 -0.15616 -0.19422 -0.156027
0.167026 -0.156163 -0.194292 -0.15616
0.166968 -0.156279 -0.194454 -0.156226
0.166988 -0.156241 -0.194316 -0.156238
0.166914 -0.15632 -0.194262 -0.156186
0.166914 -0.15632 -0.194262 -0.156186
0.166814 -0.156473 -0.194419 -0.1563
0.166814 -0.156473 -0.194419 -0.1563
0.166831 -0.156438 -0.194286 -0.156312
0.166897 -0.156529 -0.194359 -0.15652
0.166814 -0.156686 -0.194428 -0.15652
0.166863 -0.15669 -0.194494 -0.156641
0.16682 -0.15675 -0.194285 -0.156622
0.166871 -0.156754 -0.194351 -0.156743
0.16687 -0.156801 -0.194346 -0.156789
0.166873 -0.1569 -0.194331 -0.156887
0.166873 -0.1569 -0.194331 -0.156887
0.166817 -0.157012 -0.194382 -0.156862
0.166882 -0.157002 -0.19431 -0.15699
0.166889 -0.157055 -0.194234 -0.156927
0.166882 -0.15733 -0.194153 -0.157212
0.166882 -0.15733 -0.194153 -0.157212
0.166976 -0.15745 -0.194174 -0.157441
0.166976 -0.15745 -0.194174 -0.157441
0.166946 -0.15756 -0.194198 -0.157445
0.167013 -0.157566 -0.19413 -0.157563
0.166962 -0.157627 -0.194106 -0.157623
0.167163 -0.158103 -0.19368 -0.15755
0.167163 -0.158103 -0.19368 -0.15755
0.167248 -0.158271 -0.193849 -0.15822
0.167248 -0.158271 -0.193849 -0.15822
0.167248 -0.158271 -0.193849 -0.15822
0.167371 -0.158469 -0.193719 -0.158465
0.167356 -0.158488 -0.193734 -0.158453
0.167356 -0.158488 -0.193771 -0.15852
0.16734 -0.158519 -0.193771 -0.158519
0.167471 -0.158609 -0.193627 -0.158647
0.167471 -0.158609 -0.193627 -0.158647
0.167488 -0.158696 -0.193593 -0.158705
0.167481 -0.158813 -0.193585 -0.158739
0.167559 -0.158923 -0.193512 -0.158858
0.16755 -0.158941 -0.193512 -0.158858
0.167631 -0.158949 -0.193436 -0.15896
0.167631 -0.159061 -0.193432 -0.158982
0.167622 -0.159077 -0.193432 -0.158981
0.167755 -0.159155 -0.193299 -0.159166
0.167851 -0.159292 -0.193198 -0.159316
0.167851 -0.159292 -0.193198 -0.159316
0.167893 -0.159379 -0.193145 -0.159389
0.167941 -0.159456 -0.193091 -0.159465
0.167985 -0.159677 -0.193216 -0.159547
0.168091 -0.159694 -0.193285 -0.159673
0.168091 -0.159694 -0.193285 -0.159673
0.168085 -0.159839 -0.192922 -0.159716
0.168194 -0.159857 -0.192922 -0.159715
0.168247 -0.15994 -0.192747 -0.159948
0.16824 -0.160094 -0.192747 -0.159966
0.168236 -0.160102 -0.192547 -0.159981
0.16841 -0.160199 -0.192563 -0.160206
0.168403 -0.160359 -0.192563 -0.160226
0.168403 -0.160359 -0.192356 -0.16024
0.168579 -0.160468 -0.192373 -0.160475
0.168692 -0.160652 -0.192452 -0.160644
0.168692 -0.160652 -0.192245 -0.160659
0.168806 -0.16084 -0.192327 -0.160833
0.168806 -0.16084 -0.192327 -0.160833
0.168978 -0.161126 -0.191924 -0.161132
0.168978 -0.161126 -0.191924 -0.161132
0.168919 -0.161191 -0.191781 -0.16108
0.168919 -0.161192 -0.191781 -0.16108
0.169203 -0.161511 -0.19228 -0.161481
0.169313 -0.161705 -0.191548 -0.16171
0.169313 -0.161705 -0.191548 -0.16171
0.169421 -0.161897 -0.191614 -0.161889
0.169421 -0.161897 -0.191428 -0.161901
0.169427 -0.162044 -0.191417 -0.161944
0.169427 -0.162044 -0.191495 -0.162086
0.169581 -0.162184 -0.191251 -0.162191
0.169688 -0.162379 -0.191318 -0.162378
0.169688 -0.162379 -0.191318 -0.162378
0.169795 -0.162576 -0.191201 -0.162575
0.169795 -0.162576 -0.191201 -0.162575
0.170008 -0.162966 -0.190777 -0.162973
0.170008 -0.162966 -0.190777 -0.162973
0.17011 -0.163156 -0.190664 -0.163164
0.17011 -0.163156 -0.190664 -0.163164
0.170211 -0.163348 -0.190722 -0.163348
0.170211 -0.163348 -0.190553 -0.163358
0.170262 -0.163443 -0.190425 -0.163321
0.17022 -0.163487 -0.190466 -0.163273
0.170465 -0.163833 -0.190298 -0.163562
0.170465 -0.163833 -0.190298 -0.163562
0.170465 -0.163833 -0.190298 -0.163562
0.1704 -0.163923 -0.190216 -0.163941
0.170568 -0.164031 -0.190158 -0.164045
0.170621 -0.164133 -0.190099 -0.164147
0.170621 -0.164133 -0.190099 -0.164147
0.170524 -0.164234 -0.190197 -0.164033
0.170647 -0.164241 -0.190197 -0.164033
0.17089 -0.164654 -0.189799 -0.164665
0.170946 -0.164761 -0.189737 -0.164771
0.171025 -0.164822 -0.189878 -0.164869
0.171025 -0.164822 -0.189878 -0.164869
0.171002 -0.165034 -0.189667 -0.164921
0.171002 -0.165034 -0.189667 -0.164921
0.170898 -0.165188 -0.189482 -0.165212
0.170894 -0.165364 -0.189348 -0.165445
0.170894 -0.165364 -0.189348 -0.165445
0.171353 -0.165554 -0.189279 -0.16556
0.171354 -0.165737 -0.189138 -0.165802
0.171354 -0.165737 -0.189138 -0.165802
0.171542 -0.165919 -0.189067 -0.165922
0.171672 -0.166168 -0.188922 -0.166169
0.171672 -0.166168 -0.188922 -0.166169
0.171737 -0.166293 -0.188848 -0.166294
0.171871 -0.166551 -0.188832 -0.166353
0.171871 -0.16655 -0.188699 -0.166552
0.171939 -0.166678 -0.188623 -0.166678
0.171952 -0.166867 -0.188603 -0.166744
0.172078 -0.166943 -0.188603 -0.166744
0.172148 -0.167074 -0.188392 -0.167072
0.172165 -0.167263 -0.188234 -0.167344
0.172165 -0.167263 -0.188234 -0.167344
0.172313 -0.167529 -0.18831 -0.167605
0.172313 -0.167529 -0.18831 -0.167605
0.172802 -0.168288 -0.187679 -0.168278
0.172771 -0.168318 -0.187709 -0.16824
0.172918 -0.168324 -0.187602 -0.168412
0.172945 -0.168546 -0.187526 -0.168543
0.173017 -0.168677 -0.187449 -0.168676
0.173162 -0.168935 -0.187296 -0.168936
0.173162 -0.168935 -0.187296 -0.168936
0.173235 -0.169064 -0.187218 -0.169065
0.173384 -0.169321 -0.187061 -0.169323
0.173384 -0.169321 -0.187061 -0.169323
0.173437 -0.169472 -0.187005 -0.169425
0.173537 -0.169582 -0.187089 -0.169576
0.173694 -0.169844 -0.186735 -0.169847
0.173694 -0.169844 -0.186735 -0.169847
0.173775 -0.169974 -0.18665 -0.169977
0.173857 -0.17011 -0.186563 -0.17011
0.174158 -0.170401 -0.186412 -0.170343
0.174109 -0.170505 -0.186298 -0.170508
0.174109 -0.170505 -0.186298 -0.170508
0.174194 -0.170638 -0.186208 -0.17064
0.17442 -0.170808 -0.186231 -0.170907
0.174371 -0.170912 -0.186022 -0.170913
0.174381 -0.171185 -0.185829 -0.17119
0.174381 -0.171185 -0.185829 -0.17119
0.17522 -0.172143 -0.185132 -0.172142
0.17522 -0.172143 -0.185132 -0.172142
0.175307 -0.17228 -0.185042 -0.172262
0.175307 -0.17228 -0.185042 -0.172262
0.175595 -0.172652 -0.184913 -0.172644
0.175595 -0.172652 -0.184913 -0.172644
0.176066 -0.173243 -0.184419 -0.173245
0.176066 -0.173243 -0.184419 -0.173245
0.176254 -0.173462 -0.184078 -0.173469
0.176254 -0.173462 -0.184078 -0.173469
0.1763 -0.173684 -0.183976 -0.173589
0.176539 -0.173795 -0.183791 -0.173804
0.176687 -0.173792 -0.183785 -0.17381
0.176635 -0.173904 -0.18384 -0.173911
0.176732 -0.17401 -0.183889 -0.174015
0.17698 -0.174126 -0.183857 -0.174237
0.17693 -0.174234 -0.183394 -0.174244
0.177031 -0.174346 -0.183291 -0.174356
0.177289 -0.17447 -0.183255 -0.174582
0.177239 -0.174579 -0.183079 -0.174585
0.177345 -0.174694 -0.18297 -0.174701
0.177615 -0.174829 -0.182938 -0.174939
0.177564 -0.174938 -0.182746 -0.174941
0.177676 -0.17506 -0.182631 -0.175063
0.177905 -0.175314 -0.182395 -0.175316
0.177905 -0.175314 -0.182395 -0.175316
0.178021 -0.175443 -0.182275 -0.175444
0.177953 -0.175577 -0.182073 -0.175432
0.17826 -0.175711 -0.182029 -0.17571
0.178312 -0.175991 -0.181692 -0.175836
0.178507 -0.175992 -0.181775 -0.175988
0.17862 -0.176146 -0.181658 -0.176115
0.17882 -0.176147 -0.181658 -0.176115
0.178878 -0.176435 -0.181393 -0.176408
0.178878 -0.176435 -0.181393 -0.176408
0.17915 -0.176725 -0.181114 -0.176717
0.179144 -0.176733 -0.181121 -0.176711
0.179417 -0.177043 -0.180927 -0.177184
0.179417 -0.177044 -0.180927 -0.177186
0.179417 -0.177044 -0.180475 -0.177186
0.179833 -0.177516 -0.180419 -0.177506
0.18026 -0.178019 -0.180207 -0.178008
0.18026 -0.178019 -0.179988 -0.178007
0.18026 -0.178019 -0.179988 -0.178007
0.180404 -0.178185 -0.179843 -0.178174
0.180418 -0.178172 -0.179828 -0.178191
0.180482 -0.178535 -0.179465 -0.178369
0.180847 -0.178714 -0.179399 -0.178702
0.180998 -0.178894 -0.179248 -0.178882
0.181492 -0.179398 -0.179004 -0.179158
0.181612 -0.179612 -0.178638 -0.179604
0.181552 -0.179795 -0.178408 -0.179641
0.182078 -0.180159 -0.178105 -0.180014
0.182078 -0.180159 -0.178105 -0.180014
0.182604 -0.180644 -0.177828 -0.180755
0.182499 -0.180881 -0.177828 -0.180755
0.182861 -0.181053 -0.177416 -0.181054
0.183018 -0.181234 -0.177263 -0.181235
0.183177 -0.181413 -0.17711 -0.181415
0.183813 -0.182112 -0.176439 -0.182009
0.183813 -0.182112 -0.176439 -0.182009
0.18413 -0.182452 -0.176191 -0.182462
0.18413 -0.182452 -0.176191 -0.182462
0.184289 -0.182621 -0.176039 -0.182632
0.184608 -0.18296 -0.175733 -0.182971
0.184608 -0.18296 -0.175733 -0.182971
0.184768 -0.183126 -0.17558 -0.183138
0.18509 -0.183467 -0.17527 -0.183475
0.18509 -0.183467 -0.17527 -0.183475
0.185252 -0.183632 -0.175114 -0.183642
0.18569 -0.183726 -0.174886 -0.183881
0.185746 -0.184142 -0.17464 -0.184151
0.185746 -0.184142 -0.17464 -0.184151
0.185983 -0.184242 -0.17441 -0.184388
0.18608 -0.184488 -0.174318 -0.184495
0.186249 -0.184659 -0.174156 -0.184667
0.186489 -0.184767 -0.173922 -0.18491
0.186489 -0.184767 -0.173922 -0.18491
0.186874 -0.184936 -0.173602 -0.185081
0.187009 -0.185302 -0.173264 -0.185439
0.187112 -0.185553 -0.173325 -0.185557
0.187288 -0.185735 -0.173156 -0.185738
0.187541 -0.185849 -0.172814 -0.186109
0.187644 -0.186108 -0.172814 -0.186109
0.187823 -0.186296 -0.172642 -0.186296
0.188004 -0.18649 -0.172468 -0.186488
0.188185 -0.186679 -0.172294 -0.186678
0.18814 -0.186888 -0.172212 -0.186754
0.18883 -0.187179 -0.171674 -0.18735
0.188926 -0.18747 -0.171587 -0.187464
0.188926 -0.18747 -0.171587 -0.187464
0.189113 -0.187666 -0.171409 -0.187664
0.189492 -0.18808 -0.171191 -0.188081
0.189492 -0.18808 -0.171049 -0.188074
0.189683 -0.188286 -0.170868 -0.188281
0.189985 -0.18839 -0.170577 -0.18859
0.190071 -0.188714 -0.170503 -0.188704
0.190381 -0.188809 -0.170204 -0.189021
0.190463 -0.189146 -0.170133 -0.189136
0.190662 -0.189362 -0.169947 -0.189354
0.191063 -0.189814 -0.169571 -0.189801
0.191033 -0.190051 -0.169382 -0.190027
0.191033 -0.190051 -0.169382 -0.190027
0.191033 -0.190051 -0.169382 -0.190027
0.191814 -0.190347 -0.168757 -0.190601
0.191814 -0.190347 -0.168757 -0.190601
0.192293 -0.191187 -0.168428 -0.191182
0.192293 -0.191187 -0.168428 -0.191182
0.192656 -0.191268 -0.168081 -0.191551
0.19269 -0.191921 -0.167845 -0.191897
0.192925 -0.191905 -0.167845 -0.191897
0.193539 -0.191963 -0.167486 -0.19228
0.193539 -0.191963 -0.167486 -0.19228
0.193785 -0.192882 -0.166952 -0.192662
0.193785 -0.192882 -0.166952 -0.192662
0.193785 -0.192882 -0.167056 -0.192877
0.194224 -0.193395 -0.166656 -0.19338
0.194431 -0.19392 -0.16625 -0.193893
0.19467 -0.193902 -0.16625 -0.193893
0.195086 -0.193966 -0.165854 -0.194315
0.194875 -0.194447 -0.16584 -0.194415
0.195549 -0.194486 -0.165434 -0.194848
0.195549 -0.194486 -0.165483 -0.194952
0.19581 -0.195223 -0.165217 -0.195215
0.196277 -0.195774 -0.164748 -0.195661
0.196277 -0.195774 -0.164748 -0.195661
0.196513 -0.196044 -0.164584 -0.196037
0.1965 -0.196348 -0.164364 -0.196219
0.196974 -0.1961 -0.164147 -0.196501
0.197944 -0.196091 -0.163664 -0.196971
0.197944 -0.196091 -0.163636 -0.196969
0.197959 -0.197739 -0.163291 -0.197729
0.197957 -0.198045 -0.163088 -0.198018
0.198204 -0.198022 -0.163088 -0.198018
0.19845 -0.198303 -0.162854 -0.198303
0.1987 -0.198911 -0.162374 -0.1988
0.198947 -0.198887 -0.162413 -0.198884
0.19946 -0.198913 -0.161929 -0.199388
0.19946 -0.198913 -0.161932 -0.199388
0.199701 -0.199767 -0.161747 -0.199763
0.20023 -0.199791 -0.161265 -0.200281
0.200209 -0.20036 -0.1613 -0.200356
0.200749 -0.200371 -0.160791 -0.20088
0.200749 -0.200371 -0.160817 -0.200883
0.20098 -0.201258 -0.160624 -0.201255
0.201787 -0.20124 -0.16013 -0.201858
0.201787 -0.20124 -0.16013 -0.201858
0.202812 -0.203353 -0.158951 -0.20331
0.202812 -0.203353 -0.159025 -0.203375
0.203598 -0.204234 -0.158319 -0.204204
0.203598 -0.204234 -0.158319 -0.204204
0.203598 -0.204234 -0.158319 -0.204204
0.204116 -0.204812 -0.157887 -0.204826
0.204116 -0.204812 -0.157887 -0.204826
0.204377 -0.205094 -0.157661 -0.20511
0.204899 -0.20566 -0.157209 -0.205674
0.204899 -0.20566 -0.157209 -0.205674
0.205159 -0.205939 -0.156983 -0.205953
0.205682 -0.206501 -0.156533 -0.20651
0.205682 -0.206501 -0.156533 -0.20651
0.20571 -0.206806 -0.156299 -0.206766
0.207102 -0.206361 -0.155635 -0.207619
0.207102 -0.206361 -0.155635 -0.207619
0.207102 -0.206361 -0.155635 -0.207619
0.207513 -0.208432 -0.154964 -0.20844
0.207513 -0.208432 -0.154964 -0.20844
0.208081 -0.208056 -0.15462 -0.208692
0.207775 -0.208701 -0.154622 -0.208697
0.208036 -0.208973 -0.154517 -0.208985
0.208884 -0.208872 -0.154076 -0.209543
0.208563 -0.20954 -0.154072 -0.209535
0.209432 -0.209409 -0.153468 -0.210091
0.209432 -0.209409 -0.153468 -0.210091
0.209624 -0.21069 -0.153182 -0.210673
0.209624 -0.21069 -0.153182 -0.210673
0.210244 -0.210256 -0.152969 -0.210993
0.210206 -0.211599 -0.152519 -0.211588
0.210626 -0.211178 -0.152099 -0.211887
0.210626 -0.211178 -0.152099 -0.211887
0.210734 -0.211834 -0.151244 -0.212494
0.210734 -0.211834 -0.151244 -0.212494
0.21157 -0.213126 -0.151388 -0.213126
0.21157 -0.213126 -0.151388 -0.213126
0.212812 -0.213266 -0.150462 -0.214038
0.212399 -0.214087 -0.150701 -0.214073
0.212638 -0.214052 -0.150687 -0.214039
0.213099 -0.21359 -0.150225 -0.214359
0.213204 -0.214715 -0.150225 -0.214687
0.21349 -0.215056 -0.149993 -0.215021
0.213545 -0.215433 -0.149761 -0.215362
0.214066 -0.215736 -0.149527 -0.21571
0.214654 -0.216458 -0.149056 -0.216423
0.214654 -0.216458 -0.149056 -0.216423
0.215249 -0.217168 -0.14826 -0.217171
0.215249 -0.217169 -0.148579 -0.217162
0.21613 -0.216971 -0.147758 -0.21793
0.215855 -0.217939 -0.148097 -0.217915
0.21616 -0.218315 -0.147854 -0.218302
0.217082 -0.218105 -0.146996 -0.219104
0.217339 -0.218064 -0.146996 -0.219104
0.217092 -0.219507 -0.147119 -0.219494
0.217407 -0.219923 -0.146871 -0.219901
0.218377 -0.219693 -0.14597 -0.220748
0.218044 -0.220746 -0.146372 -0.220737
0.218365 -0.221164 -0.14612 -0.22116
0.21932 -0.220453 -0.14545 -0.221601
0.219016 -0.222023 -0.145191 -0.222029
0.219995 -0.221294 -0.144925 -0.222468
0.220675 -0.224197 -0.144313 -0.224238
0.220675 -0.224197 -0.144313 -0.224236
0.221676 -0.223957 -0.143359 -0.225119
0.221676 -0.223957 -0.143359 -0.225119
0.222562 -0.226832 -0.142715 -0.226877
0.222562 -0.226832 -0.142715 -0.226877
0.223232 -0.226173 -0.142044 -0.227297
0.223584 -0.226602 -0.142175 -0.227738
0.223078 -0.228195 -0.141904 -0.228161
0.224145 -0.227903 -0.140955 -0.228923
0.223504 -0.228975 -0.14136 -0.228998
0.224363 -0.22874 -0.140425 -0.229817
0.224628 -0.228691 -0.140816 -0.229817
0.224197 -0.230212 -0.140545 -0.230225
0.224798 -0.231023 -0.140008 -0.231032
0.224798 -0.231023 -0.140008 -0.231032
0.224779 -0.231476 -0.13978 -0.23154
0.225783 -0.231191 -0.139266 -0.232355
0.226475 -0.231062 -0.139221 -0.232221
0.226928 -0.233733 -0.137658 -0.233661
0.226928 -0.233733 -0.138203 -0.23377
0.227869 -0.233382 -0.137204 -0.234584
0.227104 -0.234545 -0.137204 -0.234584
0.22758 -0.234862 -0.137454 -0.234883
0.228642 -0.23406 -0.137207 -0.235247
0.228504 -0.235973 -0.136783 -0.23619
0.228504 -0.235973 -0.136783 -0.23619
0.228504 -0.235973 -0.136783 -0.23619
0.230158 -0.236267 -0.135199 -0.237525
0.230943 -0.2355 -0.134408 -0.237973
0.230942 -0.235496 -0.134408 -0.237973
0.230942 -0.235496 -0.134408 -0.237973
0.230496 -0.23846 -0.135011 -0.238493
0.230496 -0.23846 -0.135011 -0.238493
0.230822 -0.238852 -0.13477 -0.238836
0.232386 -0.238322 -0.133662 -0.239677
0.231472 -0.239606 -0.1343 -0.239556
0.231797 -0.239975 -0.134063 -0.239927
0.233097 -0.239428 -0.132853 -0.240838
0.233488 -0.239346 -0.132853 -0.240838
0.232788 -0.241136 -0.133353 -0.241085
0.234183 -0.240524 -0.132054 -0.242061
0.234604 -0.240435 -0.132054 -0.242061
0.234157 -0.242804 -0.132392 -0.24274
0.235276 -0.241716 -0.13127 -0.243346
0.234507 -0.243218 -0.132261 -0.24356
0.23486 -0.243625 -0.131897 -0.243625
0.236398 -0.24296 -0.130467 -0.244694
0.235586 -0.244561 -0.131515 -0.244922
0.235949 -0.244998 -0.131142 -0.244986
0.237555 -0.244284 -0.129649 -0.246105
0.237555 -0.244284 -0.129649 -0.246105
0.237067 -0.24642 -0.130373 -0.246419
0.238751 -0.248632 -0.129028 -0.248907
0.238751 -0.248632 -0.129028 -0.248907
0.23893 -0.248934 -0.128731 -0.249397
0.23906 -0.249463 -0.127555 -0.249997
0.239201 -0.250422 -0.127853 -0.250866
0.239201 -0.250422 -0.127853 -0.250866
0.240312 -0.249891 -0.126342 -0.251628
0.240312 -0.249891 -0.127227 -0.251824
0.239087 -0.252199 -0.126927 -0.252305
0.24008 -0.25175 -0.125455 -0.253042
0.24008 -0.25175 -0.125455 -0.253042
0.238812 -0.25361 -0.126045 -0.253701
0.238352 -0.254465 -0.124658 -0.254683
0.238352 -0.254465 -0.124658 -0.254683
0.238409 -0.254773 -0.125182 -0.255032
0.238269 -0.255101 -0.124899 -0.255456
0.238011 -0.255649 -0.124344 -0.256292
0.238011 -0.255649 -0.124344 -0.256292
0.238907 -0.254852 -0.123868 -0.257406
0.239824 -0.2539 -0.123667 -0.258096
0.237834 -0.255906 -0.123222 -0.257887
0.237834 -0.255906 -0.123222 -0.257887
0.237902 -0.25601 -0.122691 -0.258619
0.237906 -0.256016 -0.122691 -0.258619
0.239057 -0.254959 -0.121431 -0.259495
0.239057 -0.254959 -0.121431 -0.259495
0.241468 -0.252389 -0.120438 -0.262706
0.241452 -0.252362 -0.120438 -0.262707
0.242111 -0.25181 -0.120174 -0.263038
0.242529 -0.251392 -0.119911 -0.263355
0.243321 -0.250803 -0.119646 -0.263683
0.244795 -0.249439 -0.118462 -0.264411
0.244556 -0.24984 -0.118462 -0.264411
0.245178 -0.249327 -0.118871 -0.264633
0.246203 -0.248377 -0.118378 -0.265251
0.246401 -0.248324 -0.118378 -0.265251
0.247407 -0.247384 -0.117091 -0.265669
0.247407 -0.247384 -0.117937 -0.265852
0.24819 -0.246801 -0.117743 -0.266154
0.249815 -0.245306 -0.116581 -0.266883
0.249342 -0.245758 -0.117465 -0.26673
0.249915 -0.245199 -0.117333 -0.267019
0.250926 -0.244222 -0.116311 -0.267464
0.251051 -0.244075 -0.1171 -0.267578
0.252176 -0.242946 -0.116914 -0.268119
0.25314 -0.241957 -0.116909 -0.268786
0.25314 -0.241957 -0.116909 -0.268786
0.253315 -0.241716 -0.116657 -0.268665
0.254472 -0.240467 -0.115332 -0.268992
0.254472 -0.240467 -0.115331 -0.268993
0.256589 -0.238151 -0.116073 -0.270384
0.256267 -0.238478 -0.115966 -0.26996
0.256222 -0.238492 -0.115966 -0.26996
0.256822 -0.23778 -0.115843 -0.270218
0.257472 -0.237058 -0.115767 -0.270461
0.258967 -0.235307 -0.115659 -0.270952
0.258967 -0.235307 -0.115659 -0.270952
0.260186 -0.233817 -0.114377 -0.27122
0.259928 -0.234076 -0.115545 -0.271443
0.260584 -0.233271 -0.115469 -0.271685
0.26148 -0.232216 -0.114217 -0.271695
0.261935 -0.231601 -0.115357 -0.272164
0.263607 -0.229625 -0.114161 -0.272881
0.263537 -0.229654 -0.114039 -0.272407
0.264139 -0.22892 -0.115358 -0.273332
0.265768 -0.226908 -0.115244 -0.273798
0.265589 -0.226967 -0.115126 -0.273348
0.26656 -0.225835 -0.113979 -0.273825
0.268965 -0.222593 -0.11244 -0.273902
0.268965 -0.222593 -0.11244 -0.273902
0.268965 -0.222593 -0.11244 -0.273902
0.269878 -0.221469 -0.114707 -0.274549
0.271757 -0.219199 -0.113359 -0.274838
0.271757 -0.219199 -0.113359 -0.274838
0.273684 -0.216854 -0.113305 -0.275752
0.273684 -0.216854 -0.113186 -0.275314
0.274662 -0.215657 -0.114413 -0.27576
0.276576 -0.213245 -0.114403 -0.276243
0.276576 -0.213245 -0.114403 -0.276243
0.287373 -0.200368 -0.11299 -0.279462
0.289501 -0.198151 -0.112864 -0.280034
0.289501 -0.198151 -0.112864 -0.280034
0.289501 -0.198151 -0.113601 -0.28012
0.291131 -0.19623 -0.112688 -0.280714
0.291131 -0.19623 -0.112688 -0.280714
0.291876 -0.195287 -0.113364 -0.28115
0.292578 -0.194348 -0.112526 -0.281489
0.293243 -0.19342 -0.113239 -0.281844
0.29449 -0.191549 -0.113297 -0.282644
0.294486 -0.191545 -0.113254 -0.28253
0.295079 -0.190603 -0.113294 -0.282877
0.296298 -0.188646 -0.112417 -0.283591
0.296298 -0.188646 -0.112417 -0.283591
0.296808 -0.187683 -0.113599 -0.283886
0.298073 -0.185618 -0.112695 -0.284617
0.298073 -0.185618 -0.112695 -0.284617
0.298557 -0.184652 -0.113916 -0.284886
0.299772 -0.182504 -0.114266 -0.285537
0.299772 -0.182504 -0.114266 -0.285537
0.300404 -0.181397 -0.114443 -0.285861
0.301141 -0.180186 -0.11335 -0.286089
0.301723 -0.179069 -0.114865 -0.286496
0.303023 -0.176764 -0.115441 -0.287295
0.303131 -0.176604 -0.115374 -0.287112
0.303872 -0.175337 -0.11562 -0.287429
0.305286 -0.172891 -0.114806 -0.288163
0.305425 -0.172685 -0.116167 -0.288034
0.306238 -0.171324 -0.116427 -0.288342
0.307072 -0.16992 -0.1167 -0.288639
0.307853 -0.168534 -0.11556 -0.288915
0.310622 -0.16404 -0.117639 -0.28984
0.310622 -0.16404 -0.117639 -0.28984
0.310622 -0.16404 -0.117639 -0.28984
0.31155 -0.162523 -0.117827 -0.290142
0.313085 -0.159846 -0.11818 -0.290871
0.313432 -0.159418 -0.118121 -0.290742
0.314988 -0.15659 -0.118664 -0.291459
0.315164 -0.15647 -0.118664 -0.291459
0.316315 -0.154469 -0.118877 -0.291611
0.318086 -0.151142 -0.119497 -0.292181
0.318293 -0.150997 -0.119497 -0.292181
0.3193 -0.149233 -0.118292 -0.292525
0.321339 -0.145609 -0.120379 -0.29303
0.322087 -0.143987 -0.119231 -0.293496
0.322372 -0.143777 -0.119186 -0.293401
0.325458 -0.138195 -0.121208 -0.294179
0.325458 -0.138195 -0.121208 -0.294179
0.325458 -0.138195 -0.121208 -0.294179
0.32701 -0.135032 -0.121556 -0.294832
0.328013 -0.133159 -0.120379 -0.295234
0.328013 -0.133159 -0.120379 -0.295234
0.329487 -0.130615 -0.121773 -0.295361
0.33046 -0.128614 -0.121937 -0.29564
0.331197 -0.12677 -0.120715 -0.296066
0.34473 -0.0988922 -0.124595 -0.300954
0.344957 -0.0980733 -0.123889 -0.301243
0.345031 -0.0978248 -0.124739 -0.301355
0.345948 -0.0961513 -0.12488 -0.301753
0.346683 -0.0940875 -0.124378 -0.302404
0.346683 -0.0940879 -0.125024 -0.302286
0.347642 -0.0915574 -0.124652 -0.303204
0.347644 -0.0915588 -0.124777 -0.303453
0.348482 -0.0891029 -0.124906 -0.304005
0.348654 -0.088679 -0.125765 -0.304109
0.349007 -0.0874864 -0.125978 -0.304494
0.349548 -0.0854146 -0.125515 -0.305172
0.349667 -0.0850495 -0.126571 -0.305236
0.350201 -0.0829302 -0.126139 -0.305917
0.350209 -0.0829388 -0.126296 -0.306168
0.350625 -0.0812446 -0.127753 -0.306291
0.351158 -0.0789748 -0.127427 -0.30696
0.351282 -0.0785053 -0.12876 -0.306948
0.351842 -0.0761641 -0.128477 -0.307612
0.351842 -0.0761641 -0.128477 -0.307612
0.352387 -0.0741557 -0.130432 -0.307885
0.352972 -0.0716612 -0.130203 -0.308529
0.353081 -0.0715376 -0.130407 -0.308799
0.353612 -0.0693999 -0.132286 -0.308748
0.354401 -0.0665757 -0.13337 -0.309014
0.354399 -0.0665743 -0.133595 -0.309287
0.355137 -0.0633277 -0.134669 -0.309531
0.355353 -0.063067 -0.134669 -0.309531
0.356244 -0.0588221 -0.133921 -0.310756
0.35642 -0.0576247 -0.133921 -0.310756
0.356924 -0.056968 -0.136835 -0.310536
0.357442 -0.0551153 -0.137431 -0.310773
0.358077 -0.0522651 -0.137242 -0.311356
0.358437 -0.0512599 -0.138415 -0.310957
0.358936 -0.0493082 -0.139282 -0.311439
0.359851 -0.0459596 -0.139364 -0.31228
0.3604 -0.0433086 -0.141129 -0.312063
0.3604 -0.0433086 -0.141129 -0.312063
0.361349 -0.039262 -0.13951 -0.312786
0.361349 -0.039262 -0.142027 -0.3122
0.362188 -0.0358549 -0.142066 -0.313038
0.362188 -0.0358549 -0.142343 -0.313311
0.362322 -0.0341844 -0.144058 -0.313059
0.363424 -0.0302679 -0.143836 -0.313625
0.363424 -0.0302679 -0.143836 -0.313625
0.365005 -0.0206183 -0.147151 -0.314219
0.365005 -0.0206183 -0.147151 -0.314219
0.365688 -0.0172096 -0.146946 -0.315013
0.365684 -0.0165817 -0.146946 -0.315013
0.365993 -0.0145832 -0.148101 -0.314832
0.366015 -0.0129775 -0.147286 -0.315211
0.367683 0.000273397 -0.14952 -0.316727
0.36787 0.00200257 -0.149549 -0.316702
0.36787 0.00200257 -0.149549 -0.316702
0.368435 0.0052392 -0.150546 -0.317452
0.368435 0.0052392 -0.150546 -0.317452
0.368681 0.0103389 -0.152619 -0.318188
0.368681 0.0103389 -0.152619 -0.318188
0.368681 0.0103389 -0.152619 -0.318188
0.368807 0.0132957 -0.153336 -0.318752
0.368807 0.0132957 -0.153336 -0.318752
0.368819 0.014785 -0.153695 -0.319043
0.368773 0.0169803 -0.153466 -0.319623
0.368773 0.0169803 -0.153466 -0.319623
0.368776 0.0192905 -0.154803 -0.31994
0.368698 0.0223737 -0.155133 -0.320241
0.368673 0.0239165 -0.155964 -0.320879
0.368673 0.0239165 -0.155964 -0.320879
0.3686 0.0270418 -0.156288 -0.321199
0.3686 0.0270418 -0.156288 -0.321199
0.36855 0.0286274 -0.15718 -0.321876
0.368398 0.0318909 -0.158045 -0.32257
0.368398 0.0318909 -0.158045 -0.32257
0.368334 0.0335316 -0.158492 -0.322923
0.368159 0.0369053 -0.158879 -0.323975
0.368159 0.0369053 -0.158879 -0.323975
0.368079 0.0386045 -0.159887 -0.324046
0.36787 0.042089 -0.160354 -0.325153
0.36787 0.042089 -0.160354 -0.325153
0.367771 0.0438388 -0.161369 -0.325261
0.367557 0.0463461 -0.161259 -0.326
0.367526 0.0474106 -0.161939 -0.326415
0.367408 0.049198 -0.162959 -0.326566
0.366843 0.0580268 -0.165783 -0.328959
0.366843 0.0580268 -0.165783 -0.328959
0.366737 0.059711 -0.166375 -0.329472
0.366737 0.059711 -0.166375 -0.329472
0.366301 0.0637521 -0.167317 -0.330628
0.366301 0.0637521 -0.167317 -0.330628
0.366082 0.0673976 -0.169465 -0.332224
0.366078 0.0673993 -0.169465 -0.332224
0.365679 0.069609 -0.170107 -0.332809
0.365329 0.0718163 -0.171409 -0.334023
0.365329 0.0718163 -0.171409 -0.334023
0.364958 0.0744303 -0.172089 -0.334637
0.364594 0.0765626 -0.172417 -0.335436
0.364594 0.0765626 -0.172417 -0.335436
0.36383 0.0811931 -0.174367 -0.337504
0.36383 0.0811931 -0.174467 -0.337435
0.36383 0.0811931 -0.174467 -0.337435
0.363446 0.0836663 -0.176283 -0.33863
0.362753 0.0863287 -0.177758 -0.340074
0.362753 0.0863287 -0.177758 -0.340074
0.362127 0.0900232 -0.178828 -0.34177
0.362127 0.0900232 -0.178828 -0.34177
0.362127 0.0900232 -0.178828 -0.34177
0.361568 0.0928073 -0.180399 -0.343276
0.361568 0.0928073 -0.180399 -0.343276
0.360984 0.0952029 -0.182385 -0.344648
0.360614 0.0966096 -0.18319 -0.345471
0.360241 0.0980064 -0.184005 -0.346302
0.360241 0.0980064 -0.184005 -0.346302
0.358266 0.105878 -0.189057 -0.351458
0.358011 0.10706 -0.1902 -0.35213
0.358011 0.10706 -0.18992 -0.352337
0.357776 0.108194 -0.190787 -0.353218
0.357127 0.110463 -0.191047 -0.354553
0.357127 0.110463 -0.191047 -0.354553
0.356794 0.111562 -0.193435 -0.355988
0.356095 0.113707 -0.193684 -0.357378
0.356095 0.113707 -0.193684 -0.357378
0.35577 0.114734 -0.196138 -0.358824
0.355427 0.115747 -0.197052 -0.359797
0.354741 0.117707 -0.197293 -0.361256
0.354741 0.117707 -0.198897 -0.361739
0.354423 0.118641 -0.199826 -0.36272
0.353713 0.12047 -0.201709 -0.364754
0.35374 0.120739 -0.203348 -0.365236
0.353379 0.121339 -0.202658 -0.36576
0.353093 0.122159 -0.20361 -0.366761
0.352384 0.123581 -0.2046 -0.367764
0.352384 0.123581 -0.203807 -0.368364
0.352092 0.124573 -0.20649 -0.369837
0.351756 0.125339 -0.207457 -0.370891
0.350857 0.127461 -0.205139 -0.372712
0.350857 0.127461 -0.205139 -0.372712
0.350857 0.127461 -0.205139 -0.372712
0.350213 0.128947 -0.214076 -0.376301
0.350213 0.128947 -0.214076 -0.376301
0.350253 0.129226 -0.213109 -0.377043
0.349994 0.129773 -0.214059 -0.37829
0.349752 0.13013 -0.214233 -0.380004
0.349752 0.13013 -0.214233 -0.380004
0.349059 0.131003 -0.216162 -0.382158
0.348617 0.131799 -0.218022 -0.382529
0.34835 0.132197 -0.219025 -0.383614
0.348275 0.132252 -0.219154 -0.385522
0.347834 0.132868 -0.221051 -0.385874
0.347612 0.133129 -0.222071 -0.387017
0.347372 0.13335 -0.2231 -0.388211
0.346972 0.132939 -0.229083 -0.393657
0.346989 0.133119 -0.229083 -0.393657
0.346982 0.132984 -0.228345 -0.396163
0.346657 0.1332 -0.23331 -0.396269
0.346586 0.13249 -0.234517 -0.401244
0.346591 0.132199 -0.233456 -0.402169
0.346645 0.131526 -0.237334 -0.40481
0.346645 0.131526 -0.237334 -0.40481
0.346964 0.13035 -0.239312 -0.405401
0.346964 0.13035 -0.239312 -0.405401
0.346965 0.12952 -0.243579 -0.40786
0.346965 0.12952 -0.243579 -0.40786
0.346659 0.128556 -0.244614 -0.411103
0.346659 0.128556 -0.244614 -0.411103
0.346659 0.128556 -0.244614 -0.411103
0.346927 0.126385 -0.248316 -0.417238
0.346927 0.126385 -0.248316 -0.417238
0.347146 0.125143 -0.249988 -0.419426
0.347146 0.125143 -0.249988 -0.419426
0.347552 0.123454 -0.252203 -0.420033
0.347537 0.12336 -0.254317 -0.420126
0.347134 0.123255 -0.252963 -0.42293
0.347103 0.122592 -0.253997 -0.4241
0.347486 0.120626 -0.258841 -0.42443
0.347486 0.120626 -0.258841 -0.42443
0.347137 0.120384 -0.257145 -0.427566
0.347623 0.118216 -0.262346 -0.427775
0.347612 0.118148 -0.262346 -0.427775
0.34721 0.117871 -0.260337 -0.431129
0.347243 0.116965 -0.261406 -0.432341
0.347747 0.114489 -0.266873 -0.432399
0.347341 0.115047 -0.266873 -0.432399
0.347431 0.114034 -0.26461 -0.43591
0.347972 0.111345 -0.267633 -0.435926
0.347972 0.111345 -0.267633 -0.435926
0.347604 0.110872 -0.267446 -0.439411
0.34769 0.108651 -0.26868 -0.441581
0.34769 0.108651 -0.26868 -0.441581
0.348228 0.105926 -0.271129 -0.441362
0.348228 0.105926 -0.271129 -0.441362
0.347885 0.105115 -0.26965 -0.444334
0.348368 0.102303 -0.271955 -0.444029
0.348368 0.102303 -0.271955 -0.444029
0.347891 0.101414 -0.270336 -0.447124
0.347879 0.100144 -0.270491 -0.448012
0.347848 0.0988622 -0.270622 -0.448888
0.347759 0.0949433 -0.269682 -0.451083
0.347759 0.0949433 -0.269665 -0.451092
0.347772 0.0949358 -0.270714 -0.451065
0.348096 0.0916868 -0.272718 -0.450475
0.348096 0.0916868 -0.272709 -0.45048
0.348032 0.0903422 -0.27397 -0.45114
0.347515 0.0896094 -0.270983 -0.45369
0.347645 0.0863322 -0.273054 -0.453126
0.347645 0.0863322 -0.273054 -0.453126
0.347846 0.0799213 -0.279407 -0.451787
0.347846 0.0799213 -0.279407 -0.451787
0.346711 0.0793115 -0.270374 -0.457423
0.346711 0.0793115 -0.271021 -0.45741
0.346501 0.0776029 -0.27108 -0.457683
0.346352 0.0762941 -0.271188 -0.457961
0.345792 0.0724523 -0.271504 -0.458554
0.346078 0.0710659 -0.273339 -0.457466
0.345475 0.0685833 -0.273901 -0.457655
0.345738 0.0672404 -0.275675 -0.456591
0.345738 0.0672404 -0.275675 -0.456591
0.344978 0.0648878 -0.274878 -0.457705
0.344978 0.0648878 -0.272843 -0.458827
0.34486 0.0619283 -0.274902 -0.457751
0.344509 0.0625171 -0.275312 -0.457743
0.344509 0.0599758 -0.275339 -0.457722
0.344509 0.0599758 -0.275339 -0.457722
0.343349 0.0565542 -0.274065 -0.45863
0.34356 0.055217 -0.273982 -0.458559
0.343136 0.0553342 -0.274194 -0.458556
0.343136 0.0553342 -0.274194 -0.458556
0.343136 0.0527638 -0.27444 -0.458421
0.342638 0.0529274 -0.274448 -0.458415
0.342504 0.0503861 -0.274364 -0.458305
0.342306 0.0498927 -0.274505 -0.458304
0.341722 0.0480384 -0.276315 -0.457108
0.34172 0.0480397 -0.274254 -0.458181
0.340755 0.047038 -0.274149 -0.458118
0.339954 0.044587 -0.275829 -0.456928
0.33995 0.04459 -0.275829 -0.456928
0.339328 0.0406417 -0.274963 -0.456788
0.338985 0.0412759 -0.272813 -0.457866
0.338976 0.0412828 -0.272813 -0.457866
0.338399 0.0394612 -0.272061 -0.457768
0.33856 0.0380418 -0.271844 -0.457679
0.33756 0.0368434 -0.271112 -0.457566
0.336971 0.0335326 -0.272177 -0.4563
0.336609 0.034229 -0.270024 -0.457333
0.336283 0.0314747 -0.27138 -0.456059
0.336006 0.0309006 -0.270997 -0.456044
0.335206 0.030209 -0.268246 -0.456903
0.33402 0.0255371 -0.268346 -0.455378
0.333708 0.0261668 -0.266275 -0.456322
0.333709 0.0261659 -0.266275 -0.456322
0.33326 0.0247834 -0.265649 -0.456099
0.333057 0.0240079 -0.265549 -0.455887
0.332249 0.0220775 -0.264328 -0.455576
0.331448 0.0187445 -0.264901 -0.454134
0.331448 0.0187445 -0.26294 -0.454985
0.330579 0.0180938 -0.26225 -0.454677
0.330012 0.0167684 -0.261539 -0.454349
0.329446 0.0127967 -0.260147 -0.453662
0.329446 0.0127967 -0.260147 -0.453662
0.32803 0.0120971 -0.260495 -0.452122
0.327683 0.0114987 -0.258704 -0.452855
0.326864 0.00947863 -0.259002 -0.45126
0.32651 0.00888295 -0.257234 -0.451969
0.325947 0.00624215 -0.258363 -0.450459
0.325665 0.00689313 -0.25751 -0.450345
0.3247 0.00501276 -0.255032 -0.450545
0.323717 0.00184296 -0.254409 -0.449642
0.323455 0.00247049 -0.25354 -0.449507
0.322578 -0.000784203 -0.251303 -0.447793
0.322578 -0.000784203 -0.251303 -0.447793
0.322319 -0.000156167 -0.251301 -0.447795
0.320974 -0.00258076 -0.251484 -0.447378
0.320058 -0.00447616 -0.252667 -0.445763
0.320058 -0.00447616 -0.252667 -0.445763
0.317755 -0.00872724 -0.247963 -0.444192
0.317755 -0.00872724 -0.247966 -0.444189
0.317718 -0.00998621 -0.24972 -0.443208
0.316463 -0.0111397 -0.245889 -0.442619
0.316463 -0.0111397 -0.245889 -0.442619
0.315729 -0.0135574 -0.246965 -0.440884
0.315054 -0.0134501 -0.244492 -0.441023
0.314335 -0.0145973 -0.243755 -0.440222
0.309598 -0.0240843 -0.239709 -0.434278
0.309598 -0.0240843 -0.239709 -0.434278
0.309307 -0.0246226 -0.240157 -0.433747
0.306683 -0.0309504 -0.240397 -0.429509
0.306575 -0.0319895 -0.24185 -0.428695
0.306575 -0.0319895 -0.24185 -0.428695
0.304607 -0.0348581 -0.240497 -0.42624
0.304607 -0.0348581 -0.240497 -0.42624
0.304607 -0.0348581 -0.240497 -0.42624
0.304159 -0.0357752 -0.240803 -0.425337
0.303034 -0.0374167 -0.240989 -0.423224
0.303034 -0.0374167 -0.240989 -0.423224
0.301801 -0.0390452 -0.242485 -0.421338
0.301801 -0.0390452 -0.240871 -0.42115
0.301165 -0.0398895 -0.240689 -0.420122
0.300342 -0.0418466 -0.241928 -0.418164
0.299801 -0.0416095 -0.240683 -0.417735
0.299111 -0.0425195 -0.239526 -0.41687
0.298222 -0.0445732 -0.240556 -0.414853
0.29822 -0.0445695 -0.240556 -0.414853
0.296904 -0.0453505 -0.237757 -0.413598
0.295953 -0.0474779 -0.23766 -0.411802
0.295953 -0.0474779 -0.23766 -0.411802
0.294554 -0.0483381 -0.235424 -0.410109
0.292912 -0.0503834 -0.233655 -0.407714
0.29209 -0.0514319 -0.233878 -0.406234
0.29209 -0.0514319 -0.232757 -0.406531
0.290429 -0.0535476 -0.231982 -0.403824
0.290429 -0.0535476 -0.231982 -0.403824
0.289587 -0.0546055 -0.229971 -0.402854
0.287834 -0.0566718 -0.227994 -0.40023
0.287834 -0.0566718 -0.227994 -0.40023
0.286734 -0.0588506 -0.228604 -0.398045
0.286205 -0.0593096 -0.228604 -0.398045
0.283388 -0.0634974 -0.227449 -0.393436
0.282876 -0.0639188 -0.227446 -0.393441
0.281913 -0.0639907 -0.222072 -0.391312
0.28077 -0.0655614 -0.220632 -0.388597
0.280265 -0.0659654 -0.220627 -0.388605
0.279452 -0.0669373 -0.219958 -0.387262
0.27829 -0.0683856 -0.219344 -0.384281
0.27829 -0.0683856 -0.2186 -0.384435
0.276113 -0.0705819 -0.217298 -0.381607
0.275846 -0.0716204 -0.218728 -0.380792
0.275846 -0.0716204 -0.218728 -0.380792
0.274955 -0.0720405 -0.217298 -0.379531
0.272881 -0.074631 -0.21554 -0.375743
0.272881 -0.074631 -0.21554 -0.375743
0.268958 -0.0794754 -0.214196 -0.368843
0.268059 -0.0800636 -0.214199 -0.368835
0.267667 -0.0798837 -0.211668 -0.366085
0.26625 -0.0819599 -0.212683 -0.363973
0.26625 -0.0819599 -0.212683 -0.363973
0.259985 -0.0895714 -0.211564 -0.352793
0.259985 -0.0895714 -0.211564 -0.352793
0.258323 -0.0918905 -0.21364 -0.35009
0.258323 -0.0918905 -0.21364 -0.35009
0.258323 -0.0918905 -0.212897 -0.34956
0.257441 -0.0930264 -0.214477 -0.347623
0.257447 -0.0930405 -0.214477 -0.347623
0.256518 -0.0938186 -0.213729 -0.345549
0.255857 -0.0944021 -0.213827 -0.344089
0.254476 -0.0955816 -0.213788 -0.34111
0.254476 -0.0955816 -0.213788 -0.34111
0.253775 -0.0962089 -0.213692 -0.339642
0.252292 -0.0974603 -0.213245 -0.336522
0.252291 -0.0974574 -0.213246 -0.336518
0.25153 -0.0981063 -0.212953 -0.334947
0.249933 -0.0993981 -0.212159 -0.331652
0.249931 -0.0993956 -0.212161 -0.331647
0.249118 -0.100066 -0.211721 -0.330005
0.247415 -0.101861 -0.211159 -0.326509
0.247428 -0.101392 -0.210684 -0.32658
0.246575 -0.102076 -0.210143 -0.32488
0.246216 -0.102498 -0.210845 -0.324188
0.244816 -0.103417 -0.208947 -0.321346
0.24235 -0.10768 -0.213006 -0.316434
0.241889 -0.106223 -0.213006 -0.316434
0.239538 -0.107656 -0.205458 -0.311027
0.239142 -0.108533 -0.206593 -0.310277
0.237527 -0.109671 -0.204363 -0.306246
0.237132 -0.110523 -0.205458 -0.305516
0.236275 -0.110532 -0.205458 -0.305516
0.235468 -0.111194 -0.20515 -0.303905
0.234649 -0.111818 -0.203481 -0.30128
0.232577 -0.113816 -0.20391 -0.297069
0.232578 -0.113818 -0.202559 -0.296093
0.232578 -0.113818 -0.202559 -0.296093
0.23131 -0.114561 -0.202304 -0.294461
0.229545 -0.116525 -0.201918 -0.290848
0.229545 -0.116525 -0.201918 -0.290848
0.228702 -0.117149 -0.201344 -0.289081
0.228023 -0.116455 -0.20099 -0.287237
0.227608 -0.117267 -0.200889 -0.28533
0.22507 -0.118913 -0.201909 -0.282142
0.225127 -0.118527 -0.200944 -0.281095
0.225127 -0.118527 -0.200944 -0.281095
0.222592 -0.120605 -0.200107 -0.276026
0.222592 -0.120605 -0.200107 -0.276026
0.222592 -0.120605 -0.200107 -0.276028
0.221376 -0.120908 -0.198601 -0.273148
0.220112 -0.122192 -0.19924 -0.270538
0.220112 -0.122192 -0.199237 -0.27055
0.218851 -0.122396 -0.197593 -0.267322
0.217146 -0.123364 -0.196838 -0.26341
0.217146 -0.123364 -0.196838 -0.26341
0.21593 -0.12425 -0.196143 -0.259673
0.215557 -0.124656 -0.195825 -0.257834
0.214604 -0.124885 -0.195825 -0.257834
0.213774 -0.125417 -0.195539 -0.256028
0.212574 -0.126296 -0.194906 -0.252145
0.212094 -0.126402 -0.194905 -0.25215
0.211259 -0.126893 -0.195558 -0.251485
0.210422 -0.127368 -0.195249 -0.249558
0.209212 -0.128226 -0.193682 -0.244422
0.207855 -0.129141 -0.19455 -0.243735
0.207937 -0.128808 -0.193416 -0.242561
0.207123 -0.129302 -0.19317 -0.240718
0.205498 -0.130252 -0.192695 -0.236964
0.205498 -0.130252 -0.192695 -0.236964
0.204234 -0.131455 -0.193318 -0.234453
0.203893 -0.131194 -0.192285 -0.233255
0.203096 -0.131661 -0.1921 -0.231416
0.201832 -0.132827 -0.192721 -0.228877
0.201509 -0.132573 -0.191749 -0.227723
0.200725 -0.133037 -0.191603 -0.225925
0.200725 -0.133037 -0.191603 -0.225925
0.199558 -0.133887 -0.192066 -0.223436
0.198384 -0.134383 -0.191196 -0.220476
0.197132 -0.135516 -0.191838 -0.217983
0.197132 -0.135516 -0.191838 -0.217983
0.196077 -0.135729 -0.190887 -0.215146
0.195316 -0.136174 -0.190806 -0.213386
0.194838 -0.136859 -0.191552 -0.212722
0.19371 -0.137325 -0.190665 -0.209872
0.192965 -0.137767 -0.190736 -0.208116
0.192309 -0.137952 -0.190566 -0.206415
0.191566 -0.13839 -0.190529 -0.204699
0.190337 -0.13949 -0.191078 -0.202324
0.190089 -0.139263 -0.190485 -0.201317
0.18936 -0.139713 -0.190492 -0.199689
0.18814 -0.140813 -0.191078 -0.197385
0.187909 -0.140598 -0.190525 -0.196426
0.187192 -0.141046 -0.190563 -0.194832
0.185979 -0.142133 -0.191179 -0.192556
0.184967 -0.142579 -0.190706 -0.190049
0.184967 -0.142579 -0.190706 -0.190049
0.182279 -0.144213 -0.191144 -0.184228
0.182279 -0.144213 -0.191144 -0.184228
0.181168 -0.145154 -0.191952 -0.182213
0.180929 -0.145157 -0.191498 -0.181517
0.179522 -0.146256 -0.191869 -0.178746
0.179596 -0.146082 -0.191869 -0.178754
0.178862 -0.146708 -0.192055 -0.177374
0.1763 -0.148358 -0.192872 -0.17198
0.1763 -0.148358 -0.192872 -0.17198
0.175187 -0.149332 -0.193626 -0.170057
0.175005 -0.149323 -0.193305 -0.169465
0.174364 -0.149809 -0.193486 -0.168233
0.173261 -0.150765 -0.194302 -0.166319
0.173088 -0.15076 -0.193986 -0.165742
0.172454 -0.151237 -0.1942 -0.164525
0.171351 -0.152186 -0.19501 -0.162629
0.171188 -0.152178 -0.194707 -0.162076
0.170081 -0.153129 -0.195193 -0.159664
0.169602 -0.153613 -0.195467 -0.158471
0.169602 -0.153613 -0.195467 -0.158473
0.168662 -0.154072 -0.195666 -0.157323
0.168033 -0.154551 -0.195922 -0.156171
0.167543 -0.15504 -0.196211 -0.155023
0.166777 -0.155511 -0.196448 -0.153905
0.16615 -0.155994 -0.19672 -0.152794
0.164976 -0.157057 -0.197525 -0.151007
0.164976 -0.157057 -0.197525 -0.151007
0.164276 -0.157453 -0.197572 -0.149559
0.162477 -0.159002 -0.198682 -0.146771
0.162377 -0.158991 -0.198659 -0.146774
0.162377 -0.158991 -0.198659 -0.146774
0.161798 -0.159424 -0.198795 -0.145455
0.160622 -0.160496 -0.199633 -0.143798
0.160546 -0.160486 -0.199609 -0.143801
0.159964 -0.160951 -0.199952 -0.14286
0.158205 -0.16251 -0.201274 -0.140546
0.158205 -0.16251 -0.201274 -0.140546
0.158205 -0.16251 -0.201274 -0.140546
0.15517 -0.165136 -0.203021 -0.135908
0.155182 -0.165116 -0.203021 -0.135908
0.154591 -0.165643 -0.203454 -0.135129
0.153418 -0.166721 -0.204363 -0.133664
0.153418 -0.166719 -0.204362 -0.133662
0.152831 -0.167268 -0.204835 -0.132959
0.152248 -0.16782 -0.205325 -0.132288
0.151679 -0.168359 -0.205786 -0.131572
0.151089 -0.168932 -0.206349 -0.131007
0.150513 -0.169492 -0.20688 -0.13039
0.1499 -0.170047 -0.207416 -0.129792
0.149382 -0.170591 -0.207976 -0.129197
0.148271 -0.171668 -0.209025 -0.127973
0.148271 -0.171668 -0.209025 -0.127973
0.148271 -0.171668 -0.209025 -0.127973
0.147716 -0.172211 -0.209524 -0.127346
0.146617 -0.173174 -0.210462 -0.125973
0.145623 -0.174096 -0.211384 -0.124668
0.145623 -0.174096 -0.211384 -0.124668
0.145301 -0.174453 -0.211804 -0.124088
0.144837 -0.174886 -0.212223 -0.123413
0.14239 -0.177097 -0.214245 -0.119876
0.141948 -0.17751 -0.214585 -0.119121
0.141073 -0.178325 -0.215341 -0.11775
0.141073 -0.178325 -0.215341 -0.11775
0.141073 -0.178325 -0.215341 -0.11775
0.14086 -0.178621 -0.215609 -0.117098
0.139773 -0.179542 -0.216377 -0.115589
0.139897 -0.179573 -0.216288 -0.115651
0.139574 -0.179831 -0.216619 -0.114923
0.138484 -0.180741 -0.217364 -0.113406
0.138484 -0.180741 -0.217364 -0.113406
0.138291 -0.181031 -0.217584 -0.112723
0.137197 -0.181936 -0.218306 -0.11119
0.137436 -0.181827 -0.218322 -0.111212
0.137007 -0.182223 -0.218509 -0.110502
0.135906 -0.183122 -0.219212 -0.10896
0.135906 -0.183122 -0.219212 -0.10896
0.135716 -0.18341 -0.219401 -0.108265
0.134609 -0.184301 -0.219977 -0.106762
0.13485 -0.184198 -0.219977 -0.106764
0.134374 -0.180918 -0.22021 -0.105986
0.132986 -0.178489 -0.220901 -0.104575
0.132986 -0.178489 -0.220901 -0.104575
0.131894 -0.17294 -0.221193 -0.104944
0.130192 -0.168339 -0.222557 -0.104891
0.130192 -0.168339 -0.222022 -0.105058
0.12775 -0.16811 -0.22243 -0.105141
0.126272 -0.16369 -0.222671 -0.105026
0.127815 -0.161858 -0.223373 -0.105963
0.127072 -0.159793 -0.223831 -0.106398
0.126573 -0.160181 -0.224161 -0.105691
0.123727 -0.150122 -0.226021 -0.109159
0.123727 -0.150122 -0.226021 -0.109159
0.121331 -0.147843 -0.226821 -0.110478
0.122558 -0.14655 -0.226821 -0.110478
0.122008 -0.144824 -0.227193 -0.11116
0.120333 -0.144308 -0.227545 -0.111854
0.120975 -0.141494 -0.227876 -0.112561
0.120252 -0.140085 -0.228381 -0.112881
0.120255 -0.140074 -0.228477 -0.114012
0.119585 -0.136798 -0.228747 -0.114758
0.119888 -0.134601 -0.229144 -0.115202
0.118758 -0.133856 -0.229218 -0.116276
0.117494 -0.133244 -0.229422 -0.117053
0.117553 -0.129803 -0.229853 -0.118444
0.117553 -0.129803 -0.229853 -0.118444
0.117553 -0.129803 -0.229853 -0.118444
0.116397 -0.124731 -0.230194 -0.121965
0.116397 -0.124731 -0.230194 -0.121965
0.116397 -0.124731 -0.230194 -0.121965
0.116105 -0.123569 -0.229697 -0.12298
0.115272 -0.122888 -0.230286 -0.12371
0.115651 -0.121295 -0.23063 -0.121789
0.115329 -0.120527 -0.230977 -0.120203
0.115329 -0.120527 -0.230977 -0.120203
0.114942 -0.118494 -0.232132 -0.117253
0.114942 -0.118494 -0.232132 -0.117253
0.113773 -0.11668 -0.232924 -0.115872
0.113773 -0.11668 -0.232924 -0.115872
0.113173 -0.115434 -0.2331 -0.115666
0.113173 -0.115434 -0.233704 -0.114739
0.112883 -0.114877 -0.234082 -0.114246
0.112792 -0.114164 -0.234259 -0.114167
0.112776 -0.114174 -0.234259 -0.114167
0.112063 -0.113445 -0.235149 -0.112992
0.111564 -0.112661 -0.234983 -0.112612
0.111564 -0.112661 -0.235795 -0.112303
0.111331 -0.112314 -0.235665 -0.112597
0.111208 -0.111883 -0.236278 -0.111941
0.110895 -0.111691 -0.23628 -0.11195
0.110688 -0.111419 -0.236926 -0.1112
0.11056 -0.11109 -0.237416 -0.110761
0.11056 -0.11109 -0.237416 -0.110761
0.110078 -0.110771 -0.237649 -0.110585
0.109698 -0.110443 -0.23781 -0.11055
0.109698 -0.110443 -0.237686 -0.110432
0.109516 -0.110308 -0.238295 -0.11014
0.109291 -0.110186 -0.238443 -0.110122
0.109291 -0.110186 -0.238443 -0.110122
0.108997 -0.11 -0.238873 -0.109846
0.108834 -0.109927 -0.239052 -0.109779
0.108071 -0.109823 -0.23985 -0.109645
0.108071 -0.109823 -0.23985 -0.109645
0.107834 -0.109866 -0.239962 -0.10971
0.107833 -0.10987 -0.239962 -0.10971
0.107677 -0.109858 -0.240223 -0.109675
0.107432 -0.109946 -0.240502 -0.109797
0.107457 -0.109913 -0.240476 -0.109843
0.107317 -0.109995 -0.240616 -0.109857
