-42.0044 58.0206 -29.1997 40.0415
-40.4138 56.0886 -27.8644 38.7591
-38.8569 54.2114 -26.5622 37.53
-37.3 52.3342 -25.26 36.3009
-35.6979 50.3955 -23.9232 35.0531
-34.1417 48.5161 -22.6213 33.8265
-31.8792 46.2665 -21.319 32.5975
-30.519 41.8773 -20.9616 31.851
-31.7183 38.6325 -22.5933 30.0883
-30.1626 36.755 -21.2915 28.8587
-29.2637 33.4893 -21.3999 27.962
-27.0654 30.7136 -20.9765 26.9377
-26.3157 25.1484 -20.4788 24.426
-24.9268 21.0263 -20.0894 22.648
-23.5153 16.7889 -21.0318 21.5014
-22.1092 12.3696 -19.3186 18.7275
-20.7033 8.00991 -18.8786 16.7824
-19.6758 4.24123 -18.8391 15.3094
-18.5836 -1.47886 -18.5671 13.3818
-17.4983 -3.70965 -18.4702 11.7037
-16.252 -7.8062 -18.1967 10.7506
-14.8845 -11.985 -17.9502 8.2376
-11.9284 -15.8404 -15.6012 5.90456
-13.1572 -21.3704 -18.203 3.79712
-10.2073 -25.2299 -15.8584 1.46156
-7.19381 -29.0976 -13.6043 -1.52186
-7.67617 -32.6287 -14.8369 -2.25376
-7.10147 -35.2493 -14.935 -3.26836
-6.77438 -37.233 -15.3535 -3.54944
-21.6242 -27.099 -26.9941 -1.09699
-18.7094 -30.9834 -24.6691 -3.45166
-27.6694 -17.7694 -29.0308 -6.87976
-24.0857 -22.7065 -26.2596 -9.76737
-21.9745 -25.1507 -25.9739 -11.6102
-19.8697 -26.9009 -22.927 -13.9939
-17.7245 -28.7361 -21.5908 -15.4531
-16.197 -29.7968 -20.9348 -15.7888
-16.694 -28.0816 -22.024 -14.3581
-13.118 -33.0343 -19.265 -17.2607
-11.9366 -33.9916 -18.1786 -18.4055
-11.3573 -33.9997 -17.6022 -18.6316
-10.3843 -35.145 -16.7189 -19.2456
-8.9911 -37.0826 -15.2257 -20.9037
-8.395 -37.4965 -14.2256 -21.5978
-3.55901 -40.3975 -15.7066 -19.2648
1.23102 -43.3027 -12.4109 -22.7076
-2.84837 -41.5907 -11.045 -24.1115
-7.25436 -42.8146 -10.3479 -24.2493
-9.79308 -32.6396 -12.2428 -20.953
-5.53746 -38.7048 -9.07866 -24.387
-4.71885 -39.1422 -7.98006 -25.376
-15.1936 -19.9274 -12.9857 -19.0915
-10.252 -27.0557 -9.42996 -23.0103
-8.54672 -22.5792 -10.084 -21.8589
-3.59626 -29.7126 -6.53164 -25.7845
-7.68772 -26.9894 -5.51951 -26.3853
-6.55491 -27.7949 -4.1674 -27.6184
-5.90694 -27.3478 -2.71378 -29.1168
-6.151 -25.8136 -3.12523 -27.2482
-6.75414 -29.8044 0.964973 -28.12
-5.37924 -26.3911 -3.36417 -24.9259
-10.3512 -17.7529 -7.16926 -18.6871
-10.0669 -22.8643 -2.91357 -21.2353
-4.44517 -31.0336 1.01197 -25.6251
-2.49055 -27.9512 -1.01268 -24.8836
-9.03984 -22.675 -0.822483 -24.0995
-2.44779 -25.9292 -1.41395 -25.942
-1.79474 -26.7161 -0.54146 -23.0176
3.92251 -34.9108 -1.58095 -24.5731
-2.23496 -24.9979 -1.45036 -20.0019
3.40918 -33.2111 2.46352 -24.4226
-11.5907 -9.71321 -8.01984 -9.59419
-5.23307 -18.9074 -3.74864 -14.4335
1.12452 -28.1017 0.522567 -19.2727
3.04201 -20.8951 0.996862 -18.5941
9.42066 -30.0965 0.402332 -16.3808
1.932 -26.589 0.551285 -15.9194
0.496411 -31.316 5.51615 -17.287
-4.63487 -16.2088 -4.71285 -3.50757
1.73143 -25.4663 -0.441913 -8.3803
-8.27685 -9.12802 -10.4969 0.262232
-0.278323 -12.2753 -6.16613 -4.78007
-5.87911 -9.55176 -4.62906 -2.71332
-12.3043 -4.92992 -3.43357 0.241993
-5.27881 -15.0889 -3.09374 -2.50824
-2.49731 -11.5651 -1.78315 -3.61578
5.97116 -15.6508 -1.43031 -2.96682
-0.746227 -12.5443 -0.414007 -3.6899
-6.69739 -2.62067 0.21457 -0.583994
0.368723 -12.8338 4.7922 -5.89794
2.68227 -7.93783 1.01911 -3.29971
-4.66206 -4.54631 -2.90994 2.60261
3.04771 -15.5397 1.9386 -3.09314
-1.69713 -7.60296 -1.18378 -1.04733
6.01948 -18.624 4.0807 -4.83006
8.74998 -13.6994 -0.932641 -1.17069
7.49129 -19.3737 3.90117 -6.89555
8.93012 -21.7571 5.39473 -4.50163
10.0534 -17.15 0.898633 1.70206
10.2928 -23.7458 5.73591 -4.04173
11.0813 -24.8428 6.08003 -4.0463
11.0282 -24.3542 6.23827 -0.554706
12.6991 -27.1824 6.36214 -3.601
13.9121 -28.8349 6.84832 -3.89414
14.1066 -28.6568 7.11489 -0.562645
22.4652 -40.4958 12.2007 -6.68247
16.3901 -32.5162 7.92026 -1.54932
16.6474 -32.1351 13.0012 -7.68484
-4.43168 -2.91025 -5.27685 12.3778
3.94936 -14.8693 -0.215556 6.20278
5.76533 -17.5434 1.35323 4.01824
16.1057 -23.2395 1.96828 3.67908
8.44749 -20.2255 3.71984 1.2276
0.0435829 -14.7985 4.47671 0.544813
9.00755 -27.4418 4.67756 -2.75551
12.6224 -25.6142 6.70096 -2.88278
13.0374 -25.6654 7.03266 -3.11843
22.023 -38.3502 12.2904 -9.68169
15.571 -30.1511 8.64931 -5.9349
18.2328 -26.3509 4.99785 -1.81517
27.2621 -39.0955 10.2421 -8.41094
18.3061 -34.3665 16.0643 -12.8946
19.707 -30.265 21.4612 -19.7657
29.2886 -43.5909 11.7907 -9.51662
15.314 -31.9496 9.13211 -9.61864
24.6398 -45.3454 14.5114 -16.5102
27.585 -49.1578 16.9459 -20.3199
29.4299 -50.4308 19.0162 -23.0145
39.4964 -63.8519 24.3987 -29.9202
29.3844 -50.1918 18.1183 -21.8896
28.971 -50.7229 17.9865 -18.1109
38.5613 -64.2398 23.353 -25.0461
-2.35227 5.44441 25.6772 -12.8921
7.89575 -8.63239 31.2159 -19.9983
0.480919 -11.0713 -2.75202 -0.635406
10.6384 -25.2144 2.68736 -7.81922
20.7959 -39.3575 8.12673 -15.003
-10.1917 -12.4258 13.7731 -21.9123
-0.179532 -26.7335 19.2122 -29.1055
-1.96229 -13.9893 16.6063 -30.4432
8.13683 -28.3496 22.0085 -37.6785
-13.7327 10.4162 7.89665 -23.3147
-3.0934 -4.3698 13.3307 -30.6946
8.53818 -16.3692 14.7209 -32.7094
5.39987 -18.13 16.9609 -36.6889
-3.91084 -11.3212 17.8269 -33.6313
8.33338 -22.484 16.1921 -36.0211
11.8241 -29.7926 17.0382 -37.3321
12.9929 -32.384 16.3345 -36.0001
14.4593 -36.0752 15.305 -34.7674
17.2164 -42.4196 15.4465 -35.9612
-0.205669 -22.7161 8.5347 -23.894
10.8587 -38.0177 8.07528 -27.1354
21.9871 -53.3435 13.5269 -34.6613
13.1291 -50.9352 14.2909 -36.9276
26.5992 -61.4201 13.8676 -36.2972
28.2584 -64.3668 13.5618 -36.2536
28.6512 -65.4078 12.2714 -34.3868
29.8178 -73.7919 11.9273 -34.5338
32.582 -74.3017 11.4108 -34.1027
33.7676 -70.8258 3.96256 -23.9961
34.1132 -78.6648 9.34965 -31.6059
35.5412 -81.4023 8.75185 -30.9419
36.9227 -76.8652 1.36302 -20.5172
37.1445 -84.4122 6.7627 -28.1611
36.2182 -91.165 12.1639 -35.8107
37.7775 -85.021 4.78556 -24.8244
26.7311 -70.2601 3.46762 -22.948
38.2222 -86.1887 8.88403 -30.6311
49.7133 -102.117 14.3004 -38.3143
42.0339 -92.7875 -0.192498 -17.8655
44.5828 -96.0446 5.20752 -25.5953
43.4596 -91.153 4.7027 -23.6011
42.2587 -87.2892 -3.84192 -15.5059
42.201 -86.814 2.78677 -19.8866
43.8161 -89.4329 3.05907 -20.4269
42.8569 -86.6742 -5.36097 -12.5427
42.1503 -84.7992 0.0106239 -20.3214
56.2648 -96.2436 0.592566 -19.8738
41.8254 -82.7573 0.747214 -15.2192
53.6226 -99.1055 6.12414 -23.0273
46.2691 -74.6743 -4.89972 -5.668
43.0884 -71.6991 -4.44991 -6.27804
55.1535 -87.9045 0.922236 -14.093
18.0234 -39.8503 -8.44049 -3.32782
19.5182 -41.0222 -7.77745 -7.4126
31.5354 -57.5127 -0.643488 -10.7555
43.5526 -74.0031 4.70666 -18.6253
29.5647 -50.3413 0.785701 -11.3651
42.3881 -66.9373 6.12449 -19.2623
25.5105 -52.2801 7.92179 -17.0212
37.6005 -69.0147 13.2638 -24.9359
5.19468 -48.8317 14.034 -20.146
16.983 -65.1894 19.4023 -28.0363
28.7713 -81.5472 24.7706 -35.9266
12.7416 -74.7457 31.8805 -39.6994
24.3878 -91.2086 37.2642 -47.5976
5.68934 -81.3136 45.1094 -50.0885
17.1906 -97.8835 50.5092 -57.9946
-43.1819 73.0277 -10.1343 -0.741092
-31.1261 55.6635 -4.91454 -8.84934
-24.4662 48.1967 -0.612201 -14.9488
-19.3767 42.3291 3.25537 -21.4096
-14.2911 36.9027 6.86268 -27.68
-10.753 34.3445 8.88437 -31.2136
2.59744 20.0343 14.2863 -38.8908
-1.14077 19.2752 13.1149 -40.066
2.22697 14.8907 13.4373 -40.8666
15.3695 -0.0495882 19.0219 -49.0246
10.2842 -0.137713 14.1579 -42.7488
12.9226 -4.36065 13.567 -41.7726
7.87645 -1.25446 7.96094 -34.2597
19.6168 -17.9791 13.1585 -42.4464
23.2674 -23.9716 13.2674 -43.753
36.5389 -37.4821 18.5812 -51.9524
27.6444 -32.3969 11.9844 -42.4897
29.1675 -35.2358 10.7835 -40.6158
40.8167 -51.4855 16.116 -48.8471
34.4709 -46.7681 9.37221 -39.9598
35.5183 -49.1097 8.00911 -38.2621
28.4482 -42.6528 0.983032 -28.7719
39.8958 -59.1135 6.17078 -37.0517
42.0866 -63.913 5.54379 -36.73
29.3519 -50.6358 -2.62961 -23.9894
40.4081 -65.7856 2.63327 -32.3312
44.1864 -68.6279 2.19113 -32.6821
44.1529 -68.7409 0.678961 -30.1781
24.8794 -45.9675 -4.65098 -18.2125
36.3791 -59.9335 -6.41646 -20.1541
47.1782 -75.2969 -1.15963 -28.5551
49.9093 -80.9461 -0.591724 -30.0875
38.5553 -63.0001 -7.4795 -18.7414
49.1858 -78.0294 -2.23332 -27.1959
49.42 -78.233 -2.27618 -27.3211
34.8876 -61.1054 -2.24329 -23.1114
46.9807 -72.1788 -3.34978 -25.7056
47.7267 -73.7918 -3.36655 -25.7829
35.7224 -54.9121 -9.55138 -15.6055
45.7038 -68.8957 -4.26176 -24.1864
46.3467 -70.1434 -4.07931 -24.5811
45.1112 -67.1378 -4.56854 -23.4103
26.5292 -40.1398 -12.294 -7.93989
36.2062 -53.9473 -6.95084 -16.6089
27.8981 -39.6432 -10.1807 -15.1258
36.819 -51.8328 -3.71619 -22.0029
28.8968 -37.0749 -6.4906 -20.7456
18.2858 -17.365 -11.2977 -16.1395
27.2891 -29.7003 -4.80545 -22.9822
28.4306 -31.2458 -3.08957 -26.458
19.0032 -15.0797 -6.91595 -20.4035
27.8009 -27.5305 -1.49944 -29.2718
28.9414 -29.1794 -0.46682 -31.2395
37.6001 -41.4061 4.96396 -40.1365
29.7506 -28.705 -6.68528 -21.9501
37.3674 -38.861 -1.10339 -31.0231
44.9842 -49.0171 4.47851 -40.0961
20.097 -8.90476 2.17704 -37.436
27.6783 -19.1785 7.74774 -46.5339
35.2596 -29.4522 13.3184 -55.6318
-15.7516 33.7431 -29.1254 4.64093
-8.26259 23.2611 -23.5951 -4.5577
-4.63997 16.9526 -21.2556 -10.1641
4.53811 -9.7846 -21.5761 -11.9956
7.79483 -18.1597 -20.3437 -16.1505
8.27351 -19.0755 -20.1912 -17.8423
8.227 -18.4254 -20.3861 -19.9085
8.90858 -18.8319 -18.8433 -24.2713
9.24051 -18.7555 -18.5986 -25.5289
9.9325 -18.9122 -22.5081 -21.7082
10.7644 -20.2668 -16.8216 -31.172
12.0175 -21.8579 -15.4373 -34.4729
2.59998 -9.71329 -24.1454 -22.1189
8.65322 -17.6156 -22.6277 -27.3076
8.99922 -17.2063 -16.7638 -36.9999
13.5893 -22.1713 -10.4513 -45.9392
14.146 -22.1468 -7.7243 -51.6042
-0.241291 -2.63827 -7.37722 -49.1344
8.50084 -4.05411 -0.126775 -56.712
11.1724 -13.4175 -4.39568 -52.3614
10.711 -14.8183 -2.97229 -47.7012
10.2955 -13.3735 -3.96722 -50.3074
9.37991 -11.4694 -3.85076 -51.0269
8.12405 -8.77113 -4.79242 -48.6556
-3.03821 0.449643 -15.7244 -32.5701
-2.59465 1.70504 -14.2596 -36.0836
-2.90174 3.29495 -13.0282 -38.3298
-10.3239 10.7126 -24.2975 -20.3832
-8.8631 11.0536 -18.2489 -30.4709
-7.85387 10.8411 -15.6924 -34.4067
-7.66419 11.005 -19.583 -29.7491
-6.64914 11.8508 -12.439 -38.0887
-5.56278 11.3017 -9.75523 -42.4619
-4.93828 11.2836 -15.1621 -36.291
-4.93727 14.8302 -7.41008 -44.6696
-6.1014 16.6255 -5.08819 -48.4449
-6.85227 19.6657 -4.03724 -48.8057
-6.51213 23.0481 4.01777 -57.0215
-7.77374 23.8121 -1.40481 -51.905
-11.339 23.6341 -11.5879 -32.3321
-9.74357 25.3687 -5.11323 -43.061
-8.14816 27.1032 1.3614 -53.7898
-9.53655 25.2409 -6.57139 -37.8208
-7.88154 26.7441 -0.0635253 -48.5798
-8.51178 29.965 0.427958 -52.8796
-8.45113 35.5522 8.83675 -62.1731
-9.09614 39.4485 11.8072 -66.9062
-8.9342 45.016 21.8656 -74.327
-7.38534 14.6728 -15.9121 -15.1129
-7.32084 20.2298 -8.87481 -26.637
-2.54702 14.7852 -4.50854 -32.43
-2.49796 20.3288 2.56573 -43.9657
0.438479 16.3334 4.10519 -43.6651
2.24842 15.7508 7.17619 -47.077
2.59446 17.6041 10.2457 -50.6075
1.17398 27.0794 17.9227 -62.9206
1.40487 25.3462 16.4032 -59.2953
1.0995 27.775 18.1489 -60.2514
-0.327082 37.2269 25.8432 -72.5943
-0.0667921 33.0131 21.4393 -63.1155
-0.218598 33.9012 21.9273 -61.8504
-0.57841 34.7751 22.1837 -59.9336
-1.55915 37.6878 29.9035 -72.326
-2.2381 39.8728 24.5011 -62.9646
-3.0242 41.7403 24.4932 -60.7623
-4.33531 45.2876 25.8499 -62.3443
-6.37785 51.1479 27.0448 -63.3117
-7.65195 54.0524 26.8701 -60.7575
-8.78557 56.2398 26.4142 -58.4079
-10.7204 60.7932 27.3827 -59.6883
-11.462 61.6777 26.8687 -57.2533
-5.94935 39.7427 12.7822 -30.8619
-5.41917 26.279 2.8109 -16.3797
-8.21985 39.3424 11.2939 -29.8429
-11.5794 54.318 20.1321 -43.7561
-5.5659 35.4626 14.7828 -36.9449
-9.2062 52.2282 23.984 -51.3473
-7.8508 52.4331 28.3433 -54.0074
-3.44486 36.1949 21.6507 -44.3094
-7.78642 52.8354 32.5671 -56.3789
-10.054 59.0796 35.7125 -61.6338
-10.8931 60.6826 36.593 -61.9396
-15.1517 77.2254 47.8862 -73.6916
-14.1446 66.7767 38.7421 -64.6084
-15.169 68.4114 38.873 -63.6392
-8.2377 49.1981 19.913 -34.2659
-13.0972 69.1338 29.964 -49.7787
-17.9568 89.0695 40.015 -65.2916
-24.4858 91.8817 43.5118 -71.1086
-29.1828 82.5705 34.517 -53.3468
-25.9067 92.4191 44.6251 -68.8937
-30.7565 112.177 54.7333 -84.4407
-19.5991 89.2302 37.3837 -56.4622
-25.2113 108.782 48.0087 -71.9881
-31.0361 102.318 58.4131 -87.9192
-33.7993 110.147 50.4241 -77.0285
-33.8092 109.032 48.9783 -73.3005
-34.8355 109.639 45.3283 -69.2706
-25.3046 57.8114 22.0253 -33.6655
-30.1194 80.2445 32.9983 -50.3622
-28.7593 71.8751 29.9259 -46.6908
-28.1558 70.4982 23.3351 -34.084
-19.9357 34.2637 19.4026 -28.4179
-25.3262 56.3367 30.4139 -45.2367
-30.9039 79.1459 41.7694 -62.2182
-36.4165 104.172 47.1087 -71.0236
-31.5877 88.2789 50.5243 -75.2215
-30.9834 86.9626 51.6214 -74.1417
-29.0988 71.1133 39.5728 -58.7544
-34.3778 95.8356 51.4161 -76.5998
-35.7122 99.801 52.5377 -79.4101
-41.9225 85.8655 38.2942 -60.7882
-47.4067 110.403 50.168 -78.6884
-37.7926 102.279 50.4139 -80.0261
-38.0182 101.098 47.9307 -76.9999
-49.7355 116.088 44.3355 -74.4697
-39.6397 109.518 44.8242 -76.8003
-39.1959 109.29 43.5581 -75.5235
-39.2138 109.679 41.355 -73.6574
-41.0775 115.128 42.7765 -76.5182
-46.5249 141.835 55.5446 -95.4659
-41.2939 117.413 43.4513 -79.0039
-41.0337 114.903 42.3813 -77.1248
-46.6379 141.389 55.1724 -96.1368
-46.5966 140.654 52.6339 -93.5019
-48.6183 102.972 29.217 -60.0666
-40.4118 117.999 42.8361 -80.1663
-49.2566 107.904 32.0761 -62.5698
-40.1721 121.978 45.7198 -82.7141
-40.9157 125.868 47.1126 -85.3061
-47.5042 106.899 29.2609 -59.8606
-39.4071 121.871 42.9401 -80.0753
-30.4296 68.9113 16.5391 -42.1443
-35.5635 97.1382 30.2564 -62.4272
-41.0709 125.312 44.2939 -82.5933
-45.5004 155.914 59.0224 -103.811
-30.5537 80.5566 43.0826 -72.9617
-30.4404 87.9527 49.9365 -84.7929
-28.5919 95.0123 59.2761 -98.8626
-14.6771 74.2785 60.3942 -95.0537
-19.4831 104.493 75.3026 -116.366
-27.6551 50.344 40.4074 -67.7305
-32.2849 80.4402 55.3206 -89.1489
-36.766 110.545 72.0463 -108.31
-28.1368 104.594 75.1561 -113.126
-32.9428 80.9056 50.3999 -83.0519
-36.7972 113.294 66.4632 -105.581
-26.1489 110.005 65.5605 -102.529
-21.6695 82.394 82.5927 -124.4
-25.7909 114.647 98.879 -146.825
-29.9122 146.901 115.165 -169.249
-40.8306 160.142 76.1174 -120.298
11.8283 -33.6492 23.2034 -37.6006
7.23287 -1.64823 39.5676 -60.3085
26.651 -0.0270377 41.7715 -64.4208
22.4966 34.3405 59.684 -87.9424
31.8882 25.6671 65.6731 -94.3251
40.6093 7.66954 71.4238 -98.3512
30.4517 34.352 74.4528 -96.1656
21.0899 20.6243 60.89 -73.9408
16.7222 55.1482 78.7899 -97.8964
12.3146 62.2777 83.0334 -102.347
14.6685 11.5979 41.218 -48.6569
10.0723 46.0829 59.2199 -72.7125
5.47602 80.5678 77.2218 -96.768
8.31089 64.3475 76.6401 -91.4916
4.34675 101.637 96.1494 -116.84
4.47116 105.595 99.881 -117.638
-4.88016 121.123 98.9069 -116.071
2.73008 121.473 97.0189 -112.865
6.97467 64.4337 38.8751 -39.3102
2.45612 101.725 58.5887 -64.7653
3.51933 84.1165 60.744 -61.9857
4.64725 84.7645 69.0872 -70.6414
3.01038 94.3425 76.2742 -79.9937
3.07417 97.781 79.4568 -80.2984
-1.19224 138.301 101.48 -107.228
1.29073 117.56 86.35 -86.147
1.59455 120.029 87.1803 -84.9259
-4.12196 160.536 109.592 -110.999
-4.3781 166.009 131.48 -137.917
1.56224 111.489 98.9733 -96.8914
-2.95993 152.252 104.385 -107.486
-2.4756 152.746 106.135 -107.669
-3.19429 151.748 73.8429 -65.8134
-3.80564 157.855 98.1655 -92.2085
-5.97162 169.774 99.1118 -93.5683
-6.67934 170.845 68.6529 -57.9095
-6.78885 175.052 92.9866 -85.6023
-8.82581 184.653 95.8984 -89.3802
-9.39552 182.772 67.5509 -55.8557
-14.6089 227.528 90.9781 -84.8774
-6.55204 143.852 97.256 -85.1379
-12.0488 188.824 120.965 -113.931
-17.5455 233.795 144.674 -142.724
-9.19289 159.048 83.2337 -79.2854
-14.6078 208.6 107.564 -110.049
-12.5722 127.903 62.2034 -53.3026
-19.0906 177.641 87.8871 -83.5422
-24.9428 227.488 113.295 -114.15
-14.2598 262.597 138.273 -145.323
-17.1225 228.19 121.185 -129.007
-16.6953 218.124 116.105 -117.53
-14.0908 260.316 142.745 -148.199
-23.535 175.474 114.845 -133.318
-29.9075 228.818 141.239 -164.85
-0.64583 71.2118 52.3303 -68.235
-7.86656 127.678 79.2226 -100.715
-12.4323 87.5505 86.5149 -108.124
-7.87911 134.231 87.7062 -110.512
-9.62697 143.623 92.4575 -119.259
-19.9054 149.27 119.97 -150.912
-10.6499 148.378 95.7132 -124.541
-10.625 143.03 94.8916 -121.318
-19.7971 151.657 121.48 -153.66
-13.1225 154.486 93.9559 -124.283
-4.36306 93.7637 67.9781 -94.6364
-13.7735 158.892 96.3246 -128.915
-17.5934 172.275 100.433 -134.403
-27.1849 179.1 128.861 -168.463
-18.4189 180.409 100.277 -136.371
-8.84709 166.162 66.1883 -93.1674
-11.3708 120.676 68.7891 -96.941
-22.3771 187.509 71.232 -101.236
-31.535 198.689 98.6107 -135.653
-24.4668 203.062 104.178 -149.516
-14.4473 185.857 67.0243 -99.6589
-27.7305 262.02 96.1441 -135.577
-29.4104 220.518 96.0118 -136.638
16.1518 -47.3839 -1.11181 -11.4167
1.84624 32.1206 26.7559 -47.4558
-13.1559 111.515 42.1563 -78.8813
-20.0325 152.112 58.3055 -102.396
-12.6518 125.973 67.4082 -112.106
30.4242 -71.6108 30.9805 -60.8077
16.1666 2.13953 56.8378 -95.505
6.51543 54.5721 81.0405 -127.385
0.0106563 25.2535 92.1092 -141.402
7.51134 61.5962 116.298 -173.039
18.2702 18.711 95.3829 -144.316
29.2122 -25.4253 65.1247 -98.9211
26.3938 -11.4521 87.0802 -132.361
19.8271 19.1283 85.7509 -131.288
23.1397 7.1245 57.431 -84.1054
18.3296 -3.53021 80.6211 -116.036
20.6152 36.7898 82.3935 -117.403
27.9793 -7.13043 105.163 -147.592
18.0401 39.2299 127.371 -178.104
27.0086 -7.54666 81.0451 -114.528
39.087 -49.2932 59.9763 -78.0537
28.5523 -1.6326 80.207 -109.14
24.3863 17.3563 83.1295 -117.319
33.7638 -18.1459 66.6874 -92.5435
22.5501 30.3539 85.7996 -123.67
25.7252 11.1719 87.2973 -121.585
14.5313 58.913 79.7134 -107.804
-3.70204 111.068 71.6086 -99.7036
-4.554 103.019 60.3594 -85.4852
-9.22957 48.2224 -26.1648 37.9271
-20.3054 89.6 -14.7751 8.19737
-34.9621 129.967 -2.85233 -20.3649
-56.553 196.82 0.844437 -56.0134
-62.9005 231.471 12.0969 -89.8244
-63.9111 223.034 16.7886 -111.173
-43.909 162.649 19.77 -117.986
-43.2826 190.025 30.7624 -145.959
-20.4306 87.8622 18.3404 -109.684
-18.3325 76.8266 20.2938 -100.084
-25.51 107.107 30.0691 -128.039
-23.5371 85.5679 20.1429 -90.5446
-23.1742 79.8844 13.8656 -48.4508
-30.3678 110.185 17.5799 -76.4841
-27.4196 87.0261 15.7157 -76.3054
-20.6803 59.0671 11.3052 -43.7519
-31.5831 93.3785 9.45093 -71.7112
-36.2308 105.067 5.91542 -73.5944
-19.0326 47.2694 3.84428 -38.102
-27.4988 73.7585 -2.93541 -64.5505
-27.9871 76.6266 -9.16561 -63.6318
-12.9605 30.3593 -14.6131 -56.2375
-21.7445 57.143 -22.0793 -53.6748
-26.7933 69.6825 -32.5095 -52.8946
-11.5666 21.3847 -8.22724 9.11122
-20.8338 48.5418 -40.8934 -17.3757
-30.101 75.699 -73.5595 -43.8626
-23.351 43.4049 -100.425 -27.5722
-30.3368 63.9496 -144.402 -51.5137
-31.2911 78.0875 -179.765 -48.2117
-29.1775 72.6228 -235.103 -47.6931
-21.6698 43.4651 -302.244 -71.2887
-5.03508 7.7766 -356.554 -25.6426
-12.1553 27.9427 -468.586 -48.727
-18.7941 43.6494 -751.906 -4.34386
-17.7832 40.0079 7099.25 -55.241
-14.5789 32.2267 11389.8 -130.592
-20.2272 45.5176 1425.82 -11.7023
-16.3757 35.3892 341.58 38.7329
-21.2632 49.0858 523.563 14.7152
-13.5205 28.3308 436.251 17.9734
-8.60101 11.7197 257.304 43.5271
-13.6633 25.5695 364.964 20.2924
-12.4494 26.0737 342.285 22.0968
-3.53255 3.68124 209.289 54.8795
-8.78952 17.6069 289.889 31.8688
-13.9521 29.2335 282.831 35.1441
-17.5431 37.9557 275.312 37.0103
-9.98991 19.2647 99.1253 104.839
-8.91111 16.776 149.453 82.24
-11.5502 23.3808 163.816 77.6842
-5.31941 12.9077 130.586 96.4999
-8.35551 21.0054 178.878 76.9831
-6.05545 15.1383 224.765 55.8495
-9.10871 23.2448 272.993 36.4448
-11.7898 24.9074 120.508 99.0696
-15.3826 32.8601 161.87 80.8488
-16.3154 38.3969 171.151 60.21
-14.696 44.0551 231.893 -26.5314
-15.5908 47.1061 264.245 -41.7139
0.160816 20.9848 243.946 -29.6243
9.78103 1.60984 273.269 -46.971
11.4897 -2.79063 265.138 -44.7015
5.54608 2.47113 200.783 -8.11985
4.59542 5.54715 226.934 -28.2417
2.10912 8.16258 212.897 -21.8153
-0.860182 12.7513 242.433 -36.0591
2.38774 4.38783 184.308 -7.8899
3.84509 0.243653 168.665 0.964997
5.80715 -4.69835 122.702 32.1356
4.71435 -3.90471 147.861 21.0708
6.2539 -7.98802 138.802 20.8809
-2.60972 -2.43022 107.051 44.278
-1.18558 -3.53071 128.032 29.6495
-26.4752 43.4308 127.4 31.4019
-29.2416 47.1754 98.5748 54.3597
-29.0639 47.0557 122.044 43.3884
-29.0777 47.3349 119.091 40.9545
-28.4481 45.3139 112.487 43.1475
-24.9946 40.8811 131.908 35.9104
-22.2373 36.414 114.105 53.8758
-19.4803 32.2213 118.708 54.9794
-16.9053 28.2251 120.088 57.818
-18.6759 26.8835 98.376 75.2232
-16.006 22.9737 80.5308 90.3728
-12.4666 18.6164 98.7357 83.174
-9.72261 14.6556 105.161 81.7205
-7.75287 11.4003 123.359 74.58
-4.91019 6.83801 113.652 75.8796
-1.53105 1.15311 111.455 82.0927
1.70064 -4.37454 127.129 78.5482
5.18497 -10.0472 111.699 95.9182
8.95987 -15.8214 108.635 93.2024
12.1705 -21.2234 123.706 89.6959
15.7129 -26.8829 122.784 92.0229
8.91187 -19.249 83.8994 110.004
14.2527 -26.0342 93.7179 100.869
18.5032 -32.1235 108.249 97.4077
12.6726 -21.2925 108.855 97.3727
19.7534 -30.5946 106.705 100.104
13.7457 -26.5684 104.26 102.593
12.3866 -25.2237 101.173 105.356
5.49539 -18.5073 42.9924 103.605
12.7061 -27.6101 54.3768 103.795
24.2752 -35.1913 12.3996 43.7121
22.8236 -30.5161 19.1121 36.6912
21.5121 -29.118 25.2482 30.469
15.7356 -22.2507 30.384 24.7216
23.6597 -31.7359 40.6369 26.1835
24.0755 -29.5265 37.0982 19.1832
30.9541 -37.1931 39.8343 17.8599
32.707 -39.2765 41.3796 16.9203
25.2575 -29.7479 42.2381 16.4092
19.6244 -22.8592 42.6307 17.1642
16.0511 -18.7814 34.7747 13.4
25.2085 -29.4465 43.5304 17.2821
32.4651 -39.1832 52.3136 21.0978
38.9801 -45.9545 44.5108 18.972
28.9173 -34.2419 46.1084 14.0385
33.1102 -43.4407 44.8371 16.7202
25.554 -32.0482 43.001 21.2904
16.8124 -20.4085 35.1098 17.0041
22.8464 -30.4402 39.4022 27.2094
29.1651 -38.4213 37.7152 30.2394
13.75 -18.4298 36.4961 32.133
24.3192 -30.5857 35.5378 32.6538
25.9753 -36.0695 34.3546 34.4329
23.1354 -33.0236 33.4209 34.7243
23.0002 -30.4411 32.3788 35.6096
26.3806 -37.6005 30.2367 39.7018
24.5728 -35.842 28.3869 42.1047
25.0727 -34.143 26.694 44.6074
28.6422 -41.1645 24.8854 47.9291
28.9203 -38.9854 30.8066 57.7862
28.8866 -41.692 22.5949 51.0892
22.9996 -35.1084 21.8653 51.3162
21.7052 -31.0598 27.806 61.2968
25.9596 -38.3066 20.6087 53.4395
19.8214 -33.9028 20.2469 52.9664
32.6294 -48.318 25.261 65.7981
28.4147 -40.7518 17.8259 58.9949
41.2513 -55.0343 22.8758 71.8224
31.9264 -44.5597 16.2191 62.9887
17.1375 -28.0967 10.2502 52.3697
22.2043 -33.2329 9.96115 53.3853
35.0474 -47.2386 15.1203 66.1966
20.7938 -29.6363 -0.87934 29.8227
33.6749 -43.4448 4.34177 42.6324
38.3165 -47.572 -1.18671 30.9533
21.252 -29.3285 -7.09873 20.6038
34.982 -43.9967 -2.47394 36.1655
39.4312 -48.1945 -3.16467 38.1482
30.5619 -39.3738 4.76327 49.2747
34.3853 -43.0483 -3.77702 41.7623
28.8077 -37.3586 -3.68836 41.8349
27.2824 -33.3193 -6.34859 47.5962
38.3181 -36.8795 -48.1171 -72.1492
52.2197 -50.6378 -48.586 -67.7007
56.4709 -54.0294 -53.8662 -73.9044
21.7953 -18.0932 -53.4111 -69.8138
30.9462 -30.8612 -53.2728 -62.3657
45.6313 -45.3024 -48.5829 -44.1836
39.6801 -38.8359 -52.2086 -51.4013
46.7195 -45.2924 -51.6549 -43.7636
51.43 -49.4821 -50.7185 -37.4858
39.627 -38.6437 -49.1708 -33.831
54.2907 -52.8564 -44.447 -15.5869
39.1573 -37.9642 -46.1375 -21.613
49.1887 -46.5957 -44.5801 -14.3509
64.3433 -61.2668 -40.5133 6.65017
42.5898 -40.9286 -41.8055 -1.3961
35.9141 -35.0752 -40.1061 4.59017
51.1344 -49.6604 -36.0755 26.0382
41.1272 -39.8167 -36.4822 20.0322
16.2628 -17.1922 -35.7314 8.09816
31.461 -31.5037 -31.6091 29.5029
40.1476 -39.0725 -23.6055 45.1184
60.3653 -56.4766 -27.0088 45.0505
46.221 -44.6072 -24.0593 44.5164
28.8827 -30.3859 -15.1053 60.4736
34.5839 -35.6795 -20.1998 61.2489
33.1014 -34.8648 -18.2575 66.9247
29.6228 -32.3317 -16.2178 73.0392
28.3042 -29.5113 -17.8404 45.9328
43.8151 -43.8 -9.80922 63.5876
58.9924 -58.0685 -6.40076 88.4174
68.9411 -66.5382 -9.31566 103.834
67.4604 -65.741 -7.58289 109.531
37.9197 -41.7561 -4.8773 106.757
18.1181 -25.8831 -9.29592 123.23
27.9356 -34.163 -1.10357 123.024
30.2965 -36.2646 0.746904 127.798
21.9877 -28.3067 2.01288 112.409
37.7018 -42.6153 4.72947 140.839
45.0649 -48.7676 6.5943 145.829
60.7789 -62.9987 9.28286 174.257
37.5171 -41.3308 8.22793 109.006
53.1475 -55.4057 11.058 137.418
48.8772 -51.6209 19.2097 127.28
31.7465 -36.0614 17.1656 114.901
47.5721 -50.2615 18.9772 147.2
27.9043 -34.0179 9.22489 113.84
43.6911 -48.1114 11.2502 146.116
42.9639 -47.8911 11.5694 150.677
29.5612 -38.4026 10.0368 101.533
45.2896 -52.4017 12.1922 133.795
61.0179 -66.4007 14.3477 166.056
48.8788 -51.2745 25.1478 156.41
64.4316 -65.0686 15.9176 170.632
20.2103 -25.1398 26.0439 161.964
28.4625 -37.9326 16.9779 181.843
27.7646 -37.4135 17.168 190.365
24.4709 -34.8638 27.0585 176.037
38.4336 -48.4769 18.118 195.597
33.9801 -41.6448 18.4059 202.445
31.2568 -39.4111 18.9951 201.607
44.1322 -52.7339 9.86665 220.079
32.9396 -40.1775 20.2737 207.159
29.5786 -37.4466 20.9121 204.312
16.4526 -25.9806 30.4214 189.266
33.1014 -39.7458 20.8302 212.932
41.8944 -46.2331 20.0574 216.905
11.4824 -19.4141 30.668 196.023
23.4725 -32.479 31.193 237.103
31.1619 -37.9897 29.5601 240.811
11.1487 -19.59 17.827 177.089
24.4557 -32.6817 18.7606 218.191
33.4202 -39.026 18.4365 221.753
30.3845 -36.6596 5.42749 194.132
45.8675 -49.9661 6.36032 237.345
33.1676 -38.3314 16.43 222.817
49.4853 -51.7766 16.8488 269.113
44.4105 -46.5082 13.1817 227.987
32.2454 -37.8088 11.7939 224.036
18.6215 -21.4949 4.2394 94.4015
33.8986 -34.4898 4.70612 140.855
24.4922 -26.535 2.08251 145.186
39.8242 -39.4578 14.8315 168.778
40.6248 -40.3367 -2.87834 144.8
32.5616 -34.8873 -5.3031 142.172
25.9162 -30.2672 -5.42318 194.663
34.7397 -36.5387 -10.826 156.611
33.0057 -35.3625 -13.532 156.537
48.0973 -48.239 -13.4901 209.154
35.9044 -37.045 -18.1802 167.105
34.3791 -34.7139 -20.6151 164.261
29.3242 -30.622 -22.1354 164.547
44.294 -43.3449 -21.8241 217.374
28.8264 -24.3196 -33.8172 21.6607
43.6536 -36.8922 -33.4676 76.5764
48.7703 -43.6465 -54.2233 58.063
63.5242 -56.285 -53.7836 118.35
41.4236 -36.6201 -44.5534 105.766
33.5125 -31.3204 -31.5668 140.226
18.0344 -14.2769 -55.8092 12.4707
32.6012 -26.743 -55.4513 73.2435
39.3231 -31.5697 -55.9172 -16.5151
53.7687 -43.9802 -55.3204 44.8694
41.1836 -30.2583 -76.8118 -51.8797
55.5381 -42.5887 -76.1152 11.3175
69.8096 -54.9698 -75.8545 81.5485
54.266 -43.2679 -78.146 30.476
41.1621 -35.1191 -82.7192 89.7464
55.352 -47.4193 -82.2139 160.368
23.8838 -23.7637 -103.756 29.0685
37.991 -36.0486 -80.4052 53.459
35.0112 -33.3491 -80.3435 124.418
48.181 -42.1871 -108.402 77.0402
40.3738 -36.0378 -110.131 46.0527
54.3608 -48.2686 -109.144 118.673
32.4889 -28.392 -104.492 23.5655
30.3531 -25.9614 -106.818 123.417
18.4657 -14.775 -100.783 164.42
32.1286 -26.9052 -100.105 247.822
42.5518 -31.2766 -99.4396 267.097
36.287 -26.1541 -82.8065 235.09
49.829 -38.2934 -82.8934 318.976
34.2225 -22.7312 -91.7474 309.049
32.5288 -20.6807 -89.9357 309.386
22.936 -9.95909 -83.3357 246.638
36.6041 -22.3302 -87.4088 300.718
44.17 -27.5552 -89.4787 274.958
38.5644 -23.7962 -90.8816 234.249
52.0693 -36.2253 -94.9231 288.671
43.8497 -27.9335 -93.949 186.522
36.8174 -23.4164 -95.1351 149.626
50.1361 -35.8659 -99.5876 204.594
26.0149 -12.4436 -96.3319 2.58298
28.7477 -14.4302 -97.8541 -21.5528
38.5917 -26.8643 -103.483 34.2329
51.298 -37.3354 -108.509 5.03361
43.2254 -32.6744 -115.132 -48.6368
40.4192 -31.3352 -116.134 -78.0431
40.7842 -32.6372 -114.223 -94.1905
14.4886 -11.2615 -78.9254 -174.592
27.134 -23.9481 -90.9276 -127.226
32.7274 -29.1279 -104.547 -79.0055
48.1264 -42.4197 -103.657 -39.3804
60.4294 -55.3952 -116.001 8.73367
26.4375 -23.1163 -62.8485 111.146
38.7768 -35.8455 -84.9181 151.177
35.9164 -32.1838 -120.812 118.898
48.1155 -44.9592 -166.527 158.442
46.4391 -45.0416 -573.364 140.595
53.7187 -57.7888 -744.804 183.644
30.86 -34.1786 83.3879 106.426
25.2285 -29.9571 33.7856 77.0283
14.8954 -19.8211 9.01234 33.1721
27.9917 -32.7336 13.8551 71.4734
6.95314 -10.006 22.0206 93.3939
18.2966 -22.9913 23.8975 125.228
17.1945 -26.4862 1.0871 110.224
27.7749 -39.831 -4.13133 140.42
32.1263 -44.7079 -17.2074 129.608
42.6204 -58.1015 -28.0778 113.734
40.8679 -57.8571 -36.4578 104.913
51.0701 -71.4577 -40.9749 135.446
27.4423 -45.3309 -45.6756 93.7099
22.1915 -39.3938 -47.8355 88.7471
11.22 -24.8203 -48.4828 82.0759
23.9855 -38.4788 -47.9106 89.5701
29.9147 -43.4911 -46.9091 95.0009
11.6858 -18.8359 -49.2386 74.8618
21.0535 -32.2037 -47.2152 66.4737
13.2002 -18.7703 -40.1829 33.3322
23.0483 -32.1981 -46.5801 56.0728
27.014 -35.7966 -42.9157 65.7646
25.0541 -32.657 -49.2391 88.5555
27.8242 -35.3252 -39.3153 65.19
24.947 -31.9295 -38.1499 57.6478
16.1241 -18.6517 -27.4823 30.4847
25.5292 -31.9895 -35.4467 45.9925
30.5871 -37.4811 -33.7575 48.7493
38.565 -50.8919 -33.5672 35.7405
27.8633 -35.5605 -32.6374 32.7164
35.6883 -48.8058 -39.6597 52.111
26.1508 -34.2032 -29.7674 31.7459
11.2403 -12.2886 -8.70065 8.49122
20.2323 -25.6537 -17.3837 23.7622
29.2242 -39.0188 -26.0667 39.0332
33.5594 -48.1647 -26.5657 44.6618
42.4101 -61.4393 -27.7315 29.6185
26.3484 -39.0337 -28.5847 19.1773
8.34063 -14.4717 -25.7846 17.5613
15.4233 -27.5453 -35.3317 26.2616
19.5501 -32.183 -27.1277 11.1008
19.2111 -31.5947 -25.9971 10.8573
22.1375 -35.8893 -25.5135 13.6779
30.5021 -49.1707 -27.0458 1.67633
22.659 -35.9907 -24.625 13.6573
13.7794 -22.2359 -14.0472 3.11581
21.776 -35.3359 -24.349 5.75005
29.7727 -48.4359 -34.6507 8.38429
26.4848 -37.8484 -17.9669 -3.68113
20.7923 -34.804 -18.0363 6.14279
28.555 -47.921 -22.662 -4.12145
23.9294 -41.0951 -25.48 -4.15836
19.8059 -37.0338 -26.6443 -3.16952
27.4855 -50.1259 -37.1736 -0.808878
17.4016 -29.6009 -34.9551 14.0577
19.1098 -32.6196 -45.5389 14.3974
26.4244 -45.4987 -56.191 11.7971
27.6276 -45.7939 -25.4408 -10.2267
34.8003 -58.7134 -36.1136 -13.0143
41.9731 -71.6329 -46.7864 -15.8019
22.4606 -44.4989 -33.3976 0.498663
29.5565 -57.3973 -44.1879 -2.37468
17.8246 -43.0368 -43.7711 -9.93385
8.42674 -30.1985 -41.6639 -13.3815
4.75577 -23.5672 -48.6706 5.34571
10.0751 -28.1968 -37.5117 -15.3636
11.8174 -28.4183 -35.1558 -18.0121
11.7027 -26.5859 -42.106 -3.29257
15.7786 -30.7152 -31.5343 -26.4505
15.1144 -29.0882 -29.6814 -26.5555
8.33961 -16.9169 -16.6006 -19.5233
16.2554 -29.7153 -27.1307 -26.9476
19.8004 -34.4756 -27.1739 -29.9891
17.2463 -31.6582 -18.0831 -39.3301
13.7987 -27.1091 -24.8647 -21.2574
15.9445 -30.0097 -24.7164 -25.0256
14.5095 -28.4012 -23.691 -27.4964
13.093 -25.7099 -22.1904 -29.0869
15.5454 -29.6422 -22.0019 -36.2844
6.76258 -13.851 -10.2536 -20.6516
12.5722 -26.2133 -20.5054 -31.7847
15.3691 -30.0815 -20.5573 -36.1388
18.3907 -34.7595 -21.1905 -40.9831
15.8851 -32.0282 -21.1995 -35.2547
12.4036 -27.7227 -20.8923 -28.5372
13.8691 -30.5479 -10.9652 -20.5743
8.53235 -19.5307 -20.5642 -34.8664
14.7615 -31.6097 -20.4029 -41.9027
20.7955 -40.7579 -21.7255 -55.3367
17.2623 -37.0209 -22.3265 -48.9297
11.9413 -29.8086 -31.8559 -63.1862
11.9872 -30.0993 -22.0013 -41.0256
10.3214 -27.6043 -21.618 -37.639
8.74049 -25.1246 -12.9627 -44.4897
11.9498 -29.1022 -22.3461 -58.7283
6.32847 -4.78126 12.2283 -14.5676
11.1456 -16.3855 3.55763 -31.2439
18.0423 -28.3882 -0.109812 -54.1259
14.1976 -25.5864 0.0348942 -40.2743
18.9098 -37.1984 -8.59001 -56.8865
17.0037 -35.4035 -6.56223 -54.9334
21.6108 -47.0276 -15.1689 -71.4774
25.9926 -58.7616 -24.0422 -87.9401
24.1934 -58.9901 -29.3191 -84.6267
20.4737 -56.3464 -34.3741 -86.6822
10.3914 -42.8003 -38.483 -60.6717
12.2228 -53.6824 -42.1786 -84.0372
8.25945 -41.7327 -39.6269 -67.5907
11.9273 -15.1352 10.4095 -45.0856
15.7732 -26.406 2.41256 -63.2254
13.802 -41.6543 -11.5105 -61.0088
14.5406 -44.4489 -19.6616 -78.9127
12.4752 -46.2766 -29.222 -77.7136
5.55552 -41.5944 -35.4783 -30.9995
3.52925 -36.6269 -43.7462 -48.8041
4.00945 -37.8344 -47.2333 -52.874
2.79711 -35.0204 -48.8162 -52.3871
0.950136 -31.1837 -56.7602 -71.4696
3.59576 -33.2352 -48.629 -59.0172
3.20062 -30.9943 -48.1815 -56.7061
1.68214 -27.5499 -56.0093 -75.8504
2.48341 -29.5546 -53.6156 -48.5836
4.56712 -28.3211 -44.0276 -53.3138
3.73321 -25.6448 -42.5963 -47.28
2.67745 -23.314 -48.3151 -35.2397
6.30783 -27.215 -37.6276 -52.5065
6.38971 -26.2349 -34.9773 -52.1193
3.00854 -15.5151 -23.727 -57.1007
5.72488 -25.9799 -29.5279 -55.9568
7.73351 -29.2797 -27.0118 -64.2499
7.74453 -27.1016 -25.8387 -57.3159
3.1843 -14.9303 -16.9744 -55.4567
5.78759 -25.3862 -22.7507 -53.0016
8.67267 -29.1205 -20.8599 -60.7434
7.34787 -27.0883 -20.2763 -54.5873
9.74832 -37.5854 -27.5694 -74.2134
6.47361 -25.682 -17.7359 -52.0823
2.25713 -11.7312 -7.94558 -36.3439
4.52918 -21.676 -14.2007 -56.6291
5.84313 -24.3703 -6.01326 -46.1861
8.04929 -34.3233 -12.2276 -66.3933
8.35915 -30.2787 -12.4803 -66.3983
5.66645 -21.7417 -8.45078 -78.9665
7.85381 -31.6806 -13.5715 -73.0616
7.08362 -31.3731 -15.201 -67.0731
1.71907 -16.512 -17.351 -52.1723
4.2546 -26.179 -16.3935 -51.9913
5.09351 -27.3291 -14.6141 -57.4038
3.72443 -24.0567 -13.9925 -51.9677
3.78663 -10.552 2.3647 -29.1066
5.56239 -19.933 -3.01584 -49.2064
7.33815 -29.3141 -8.39637 -69.3062
10.0495 -35.8932 -6.32852 -86.7649
11.0355 -39.3714 -4.768 -111.894
6.35647 -35.9467 -10.4074 -94.521
8.02182 -45.3307 -15.8393 -114.498
3.11306 -28.7504 -18.4133 -58.2877
0.617161 -22.7692 -19.2881 -44.4957
3.72156 -4.16695 0.157859 -8.19067
6.88318 -13.3792 -4.8534 -27.811
9.40243 -22.0495 7.90181 -54.5513
8.52921 -24.1218 4.936 -55.9005
6.12104 -22.9473 0.466464 -58.9208
5.49817 -24.9374 -2.99767 -62.0529
3.5209 -23.5561 -5.63924 -35.4548
3.59744 -25.2446 -10.3163 -54.919
3.82399 -27.0483 -9.42476 -32.9903
4.86608 -35.2136 -13.4653 -52.0284
2.1121 -23.8606 -13.6057 -53.803
-0.950687 -9.93308 -8.6886 -34.3349
0.00246045 -18.091 -12.8248 -53.2611
1.22998 -19.857 -16.9122 -54.8277
4.01828 -26.1926 -10.1451 -69.8918
4.92748 -34.3465 -14.2983 -88.7559
2.59442 -24.0612 -13.8563 -56.06
0.925355 -20.6634 -15.7775 -46.6119
1.71386 -28.4725 -14.3148 -68.2758
0.912258 -18.3163 -12.1663 -52.8645
0.72372 -16.9825 -8.4972 -21.9285
1.4 -24.4626 -11.9499 -39.9081
1.70054 -17.0416 -9.75274 -43.8559
0.744717 -7.63808 -4.98145 -20.0313
1.36928 -15.1051 -8.49831 -37.9154
2.45655 -17.3402 -6.47152 -43.7484
2.23103 -16.8348 -6.25648 -42.0393
1.93044 -10.301 -1.83692 -25.8309
2.41091 -17.4534 1.29851 -46.7298
2.75474 -24.2223 -1.89436 -63.5082
4.8737 -23.911 -0.333205 -67.6767
5.44349 -27.2252 -1.1724 -71.8821
2.56187 -22.5467 -5.82832 -55.7717
1.01665 -19.6797 -8.88105 -46.496
0.536513 -18.7284 -9.36791 -44.3532
-0.25813 -15.9629 -9.80536 -38.1154
0.320179 -16.535 -8.40258 -40.7173
0.606231 -23.2744 -7.717 -59.2239
1.08008 -16.3068 -11.1065 -38.7292
1.16713 -9.11571 -1.52972 -23.9426
1.34532 -15.0876 -3.99142 -39.1355
2.57341 -2.99189 6.84856 -15.6973
2.68209 -8.95935 4.24398 -20.6176
5.25966 -12.7913 12.5869 -36.957
5.24704 -18.7794 11.3036 -52.7501
5.49114 -19.8893 6.03353 -58.8528
3.0688 -18.9272 -2.01451 -48.4501
3.05787 -24.8855 -8.41531 -61.6549
0.213837 -16.9549 -10.259 -37.9904
0.917749 -1.63628 -0.291346 -5.68093
0.807163 -6.7748 -2.48787 -19.0108
2.36514 -12.3665 -0.0477149 -33.6501
2.19042 -13.9596 -0.99007 -36.8495
1.8693 -15.6978 -2.35906 -40.4455
0.590663 -14.5982 -5.33135 -36.7156
-0.448298 -12.9186 -7.67129 -49.9836
-0.488015 -13.8771 -7.32074 -40.4444
-1.03101 -13.1621 -9.35005 -36.3668
-1.26308 -18.1084 -11.6406 -49.1983
-0.862968 -12.4051 -8.09768 -38.3376
-1.36214 -4.79906 -6.27956 -19.8525
-1.6177 -9.05292 -8.16752 -31.1565
-0.797142 -9.71385 -7.15126 -31.7981
-0.337357 -4.06423 -3.83587 -17.6874
-0.63008 -8.31316 -5.75705 -28.9575
-0.0113906 -9.6564 -4.64668 -31.2819
0.195335 -9.52407 -5.18055 -27.8919
-0.222188 -8.72366 -5.71545 -23.7951
0.213478 -9.90541 -4.67739 -25.9147
0.128246 -8.68038 -4.13684 -22.5356
-0.180797 -11.9907 -5.5945 -31.5634
3.24741 -5.5418 6.03666 -19.7015
2.90783 -6.82299 4.81465 -21.2226
2.49369 -9.13416 2.86551 -12.3213
2.14097 -9.09716 1.31907 -21.2915
1.54092 -9.50891 0.150029 -18.8287
1.21782 -7.12457 -1.17701 -20.1816
0.876014 -10.4317 -0.821372 -29.9887
0.796023 -12.0192 -1.76216 -32.9131
-0.0231234 -9.55343 -3.31108 -10.098
-0.196235 -6.68844 -5.42686 -16.0044
-0.637053 -5.4919 -4.95737 -13.5783
-0.519916 -4.25787 -3.87703 -1.88936
-0.798764 -3.22704 -3.22524 -9.09416
0.356752 -4.182 -1.53389 -11.4528
0.60743 -4.20103 -0.508712 -6.4075
0.249693 -6.49302 -1.64588 -12.8096
1.35695 -6.7208 -0.556483 -9.56569
0.953066 -9.01591 -1.78204 -15.954
0.735148 -10.2586 -2.12521 -16.0776
1.56773 -6.67954 1.01695 -21.3623
0.648693 -4.12473 0.0547086 -2.03095
0.422699 -5.34709 -0.515601 -5.5905
1.52237 -0.278916 1.85663 -2.02483
1.28893 -1.49969 1.26857 -5.57918
1.72189 -3.04376 0.592911 -9.13158
2.00487 -3.62019 2.53853 -8.52495
1.57356 -3.05888 1.97776 -6.90766
1.36527 -4.28124 1.40854 -10.4594
1.45341 -2.54936 1.29107 -5.42931
2.47108 0.215809 3.42109 -1.02392
2.20716 -0.00333526 2.10552 -0.574335
2.16454 -0.0880596 2.28097 -0.150937
2.13321 -0.166579 2.30667 -0.527334
1.85766 -0.410962 1.1238 0.345103
1.68646 -0.389112 0.818224 0.744732
1.65433 -0.46734 0.89436 0.726721
1.42763 -0.348585 0.551367 0.573821
1.32364 -0.359647 0.458207 0.368457
1.46794 0.641674 0.951218 3.20398
1.77495 1.76912 1.83633 6.36834
2.05464 2.90715 2.63652 9.6121
2.40393 3.61357 3.58419 11.7377
2.76382 3.79732 4.53285 12.3816
3.04746 4.14982 5.29302 13.4627
3.33147 3.81176 6.04957 12.6276
3.5148 3.28477 6.15339 11.4927
3.58375 2.83161 6.60865 11.5768
3.51339 3.04059 6.49415 12.2264
3.21515 1.96208 5.75605 8.74166
-14.1956 -5.40081 -13.1196 3.02022
-14.3246 -5.45933 -13.385 2.60018
-14.437 -5.52578 -13.6066 2.06114
-13.8254 -4.68542 -12.8271 1.50386
-13.0142 -3.54404 -11.7518 1.09269
-13.0142 -3.54404 -11.7518 1.09269
-13.0142 -3.54404 -11.7518 1.09269
-10.3017 -1.12468 -8.65851 0.359304
-10.3017 -1.12468 -7.8973 -0.116772
-8.10678 -0.608235 -6.47677 -0.338446
-8.10678 -0.608235 -6.47677 -0.338446
-7.29555 0.243356 -5.88283 -0.403282
-6.1601 0.0913093 -4.87526 -0.476387
-6.1601 0.0913093 -4.87526 -0.476387
-5.52605 0.567705 -4.4486 -0.492901
-4.60149 0.352008 -4.06757 -0.48547
-4.60385 0.35237 -3.72152 -0.50154
-4.10637 0.626815 -3.41246 -0.497071
-3.69747 0.629505 -3.13688 -0.477521
-3.3655 0.408198 -3.10027 -0.330334
-2.97291 0.56867 -2.66076 -0.466213
-2.64882 0.535324 -2.45841 -0.451814
-2.34575 0.508089 -2.27492 -0.428929
-2.34575 0.508089 -2.10609 -0.423893
-1.34641 0.334085 -1.7298 -0.460292
-1.34318 0.333658 -1.71151 -0.378683
-1.34318 0.333658 -1.71151 -0.378683
-0.942456 0.247225 -1.58915 -0.288373
-0.942456 0.247225 -1.58915 -0.288373
-0.763331 0.204147 -1.41795 -0.334393
-0.595929 0.163027 -1.34292 -0.314931
-0.441503 0.119795 -1.32794 -0.261972
-0.297198 0.0807963 -1.20402 -0.293612
3.67384 -27.5975 0.603448 -11.7566
11.3302 -94.6593 4.21234 -39.2548
11.3302 -94.6593 4.21234 -39.2548
11.3302 -94.6593 4.21234 -39.2548
12.2763 -195.094 7.67644 -78.9661
12.2763 -195.094 7.67644 -78.9661
20.5253 -211.269 7.99111 -82.2771
16.3847 -218.526 7.99111 -82.2771
17.9056 -227.376 10.9151 -87.1756
-67.3799 234.906 15.3134 -92.3106
-94.756 263.57 15.135 -92.3537
-80.706 297.34 15.6814 -91.3762
-75.5513 269.686 14.6886 -90.5819
-79.3652 245.266 12.7842 -90.3821
-79.3652 245.266 12.7842 -90.3821
-75.2954 238.695 12.4979 -90.7307
-76.7331 235.791 11.7504 -91.1066
-82.0162 232.044 11.3685 -91.431
-81.8802 231.009 11.0956 -91.7039
-84.3144 229.486 10.7267 -91.7159
-86.2556 228.193 10.2181 -91.8043
-84.1751 229.434 10.2844 -91.7726
-91.4893 225.409 9.86535 -91.9815
-93.5519 224.613 9.52153 -91.8991
-93.5519 224.613 9.52153 -91.8991
-98.4662 222.247 9.35762 -91.5932
-100.759 221.523 9.26407 -91.433
-107.353 218.554 8.71779 -91.174
-107.353 218.554 8.71779 -91.174
-107.062 218.829 9.09865 -91.159
-108.976 218.249 9.05252 -90.983
-108.976 218.249 9.05252 -90.983
-116.113 214.666 9.24665 -90.3209
-116.113 214.666 9.24665 -90.3209
-116.113 214.666 9.24665 -90.3209
-121.548 212.158 8.63622 -89.3021
-121.548 212.158 8.63622 -89.3021
-119.722 210.454 8.94076 -88.7081
-119.512 208.543 -27.6499 155.449
-112.606 204.163 -40.4238 176.407
-115.765 204.224 -40.4238 176.407
-113.144 202.038 -26.8849 144.451
-110.624 199.573 -23.6394 129.395
-111.199 196.136 -16.9968 115.363
-111.199 196.136 -19.1765 110.897
-105.469 193.208 -19.1335 110.91
-103.399 186.671 -15.6398 98.3208
-103.399 186.671 -15.6398 98.3208
-96.2334 179.143 -13.6395 84.8972
-96.2334 179.143 -13.6395 84.8972
-101.516 176.751 -17.2315 85.0579
-98.4063 175.456 -17.2315 85.0579
-98.4471 171.787 -21.5414 89.4545
-126.709 133.008 -24.343 91.1384
-126.709 133.008 -24.343 91.1384
-62.1876 55.7719 -30.1841 97.2861
-71.1108 58.7938 -34.97 98.1398
-71.1108 58.7938 -34.97 98.1398
-71.1108 58.7938 -34.97 98.1398
-74.5906 66.992 -36.1714 96.8169
-74.5906 66.992 -36.1714 96.8169
-65.257 70.5828 -35.9454 88.7994
-65.257 70.5828 -35.6893 89.041
-59.5495 69.4017 -33.3981 81.252
-56.6912 67.6283 -32.0635 77.2032
-54.0205 65.3124 -32.0635 77.2032
-50.5596 63.5832 -28.6415 69.1134
-47.9307 61.3664 -27.1796 65.4243
