0.153321 -0.149041 -0.205453 -0.149006
0.153321 -0.149044 -0.205453 -0.149009
0.153321 -0.149044 -0.205453 -0.149009
0.153321 -0.149044 -0.205453 -0.149009
0.153322 -0.149049 -0.205452 -0.14901
0.153324 -0.149035 -0.20545 -0.149004
0.153329 -0.149035 -0.20545 -0.149004
0.153326 -0.14906 -0.205457 -0.14901
0.153301 -0.149108 -0.205471 -0.149091
0.153301 -0.149108 -0.205471 -0.149091
0.1533 -0.149126 -0.205473 -0.149133
0.1533 -0.149124 -0.205493 -0.149132
0.153256 -0.149188 -0.205518 -0.149175
0.153236 -0.149221 -0.20554 -0.14921
0.153228 -0.149243 -0.20558 -0.149265
0.153187 -0.149297 -0.205592 -0.149289
0.153158 -0.149339 -0.205622 -0.149334
0.153127 -0.149382 -0.205655 -0.149379
0.153077 -0.149471 -0.205674 -0.149446
0.153054 -0.149469 -0.205731 -0.149472
0.153016 -0.149524 -0.205757 -0.149491
0.15299 -0.149548 -0.2058 -0.149588
0.15299 -0.149548 -0.2058 -0.149588
0.152829 -0.14972 -0.205965 -0.149731
0.152843 -0.149699 -0.205951 -0.149745
0.152844 -0.149708 -0.205968 -0.149778
0.15272 -0.149816 -0.206077 -0.149829
0.152661 -0.149861 -0.206137 -0.149877
0.152598 -0.149906 -0.206201 -0.149925
0.151933 -0.150235 -0.20687 -0.150257
0.151933 -0.150235 -0.20687 -0.150257
0.151271 -0.150383 -0.207563 -0.150396
0.151271 -0.150383 -0.207563 -0.150396
0.151151 -0.150451 -0.207741 -0.150372
0.151105 -0.150396 -0.207747 -0.150406
0.151025 -0.150396 -0.20784 -0.150405
0.150944 -0.15039 -0.207936 -0.1504
0.150779 -0.150369 -0.20813 -0.150381
0.150779 -0.150369 -0.20813 -0.150381
0.150694 -0.150353 -0.208228 -0.150365
0.150561 -0.150398 -0.208372 -0.150311
0.150514 -0.150299 -0.20843 -0.150313
0.150419 -0.150269 -0.208532 -0.150281
0.15032 -0.150229 -0.208636 -0.150242
0.150279 -0.150269 -0.208852 -0.150118
0.15034 -0.150156 -0.208847 -0.150146
0.15012 -0.150091 -0.208954 -0.15009
0.149819 -0.150141 -0.209063 -0.150027
0.14966 -0.149869 -0.209285 -0.149882
0.14966 -0.149869 -0.209285 -0.149882
0.149544 -0.149791 -0.209397 -0.149803
0.149068 -0.149418 -0.209856 -0.149423
0.149068 -0.149418 -0.209856 -0.149423
0.148984 -0.149219 -0.210088 -0.149201
0.148984 -0.149219 -0.210088 -0.149201
0.148641 -0.149165 -0.210265 -0.149034
0.14858 -0.148967 -0.210324 -0.148963
0.148457 -0.148841 -0.210442 -0.148838
0.148273 -0.148783 -0.210618 -0.148654
0.148096 -0.148769 -0.210572 -0.148569
0.148079 -0.148428 -0.210808 -0.148425
0.147764 -0.148197 -0.211113 -0.148072
0.147573 -0.148173 -0.21106 -0.147977
0.147573 -0.148173 -0.21106 -0.147977
0.147558 -0.147811 -0.211311 -0.147806
0.147166 -0.147688 -0.211493 -0.147584
0.147293 -0.147468 -0.211628 -0.147568
0.147158 -0.147294 -0.211699 -0.147285
0.147106 -0.147372 -0.211895 -0.147216
0.146835 -0.146995 -0.212015 -0.146861
0.146835 -0.146995 -0.212015 -0.146861
0.146327 -0.146146 -0.212507 -0.146133
0.146327 -0.146146 -0.212507 -0.146133
0.146327 -0.146146 -0.212507 -0.146133
0.14628 -0.145758 -0.212695 -0.145872
0.14628 -0.145758 -0.212782 -0.145715
0.145904 -0.145515 -0.212921 -0.145505
0.145615 -0.145547 -0.212891 -0.14531
0.145365 -0.144979 -0.213369 -0.144575
0.145365 -0.144979 -0.213369 -0.144575
0.144968 -0.144242 -0.214003 -0.144064
0.145121 -0.143969 -0.214003 -0.144064
0.14473 -0.143703 -0.214069 -0.143694
0.144278 -0.143501 -0.214191 -0.143241
0.144278 -0.143503 -0.214359 -0.143216
0.144226 -0.143066 -0.214563 -0.142904
0.144384 -0.142788 -0.214651 -0.142739
0.143984 -0.14251 -0.214798 -0.142498
0.14368 -0.142016 -0.214926 -0.142033
0.14368 -0.142016 -0.214926 -0.142033
0.143629 -0.141558 -0.215306 -0.141679
0.143216 -0.141269 -0.215551 -0.141259
0.143216 -0.141269 -0.215551 -0.141259
0.142903 -0.140768 -0.215938 -0.140892
0.142903 -0.140768 -0.215859 -0.140757
0.14285 -0.1403 -0.216254 -0.140385
0.142587 -0.140255 -0.216254 -0.140385
0.142428 -0.14 -0.216327 -0.139986
0.142368 -0.139525 -0.216644 -0.139466
0.142106 -0.139479 -0.216644 -0.139466
0.141944 -0.139217 -0.216804 -0.139205
0.141722 -0.139012 -0.216941 -0.138707
0.141615 -0.138685 -0.217129 -0.138675
0.141449 -0.138419 -0.217293 -0.138409
0.141224 -0.138207 -0.217432 -0.137902
0.141224 -0.138207 -0.217432 -0.137902
0.140883 -0.137666 -0.217771 -0.137361
0.140771 -0.137323 -0.217771 -0.137361
0.140075 -0.136223 -0.218655 -0.136217
0.140075 -0.136223 -0.218655 -0.136217
0.1399 -0.135953 -0.218828 -0.135944
0.140005 -0.13573 -0.219002 -0.135665
0.139548 -0.135402 -0.219177 -0.135391
0.139024 -0.135131 -0.219418 -0.134999
0.139024 -0.13513 -0.219607 -0.134964
0.139017 -0.134571 -0.219704 -0.13456
0.138771 -0.134358 -0.219949 -0.134164
0.138771 -0.134358 -0.219949 -0.134164
0.138478 -0.133734 -0.220241 -0.133725
0.1384 -0.133244 -0.220602 -0.133168
0.1384 -0.133244 -0.220602 -0.133168
0.137932 -0.132899 -0.220596 -0.132926
0.137781 -0.132468 -0.220802 -0.132562
0.137711 -0.13254 -0.221221 -0.131957
0.137191 -0.131792 -0.221524 -0.131771
0.137117 -0.131852 -0.221597 -0.131641
0.137006 -0.131517 -0.221708 -0.131499
0.136753 -0.131314 -0.221961 -0.131099
0.136754 -0.131322 -0.221961 -0.131099
0.136454 -0.130672 -0.222261 -0.130656
0.136203 -0.130449 -0.222435 -0.130127
0.136203 -0.130449 -0.222435 -0.130128
0.135409 -0.128045 -0.222564 -0.128156
0.135409 -0.128045 -0.222564 -0.128156
0.134674 -0.128056 -0.224334 -0.127511
0.134674 -0.128056 -0.224334 -0.127511
0.134674 -0.128056 -0.224334 -0.127511
0.133162 -0.127337 -0.224466 -0.126894
0.133162 -0.127337 -0.224466 -0.126894
0.133162 -0.126345 -0.225311 -0.12611
0.133162 -0.126345 -0.225311 -0.12611
0.132537 -0.124924 -0.226201 -0.124879
0.132466 -0.125004 -0.226273 -0.124753
0.132614 -0.124776 -0.226361 -0.124652
0.132222 -0.124495 -0.22652 -0.124435
0.131757 -0.12426 -0.226683 -0.124019
0.13191 -0.124039 -0.226839 -0.123979
0.131753 -0.12382 -0.226998 -0.123772
0.131545 -0.123653 -0.227209 -0.123473
0.13144 -0.123358 -0.22732 -0.123324
0.131283 -0.123138 -0.227482 -0.123102
0.130809 -0.122432 -0.227774 -0.12246
0.130809 -0.122432 -0.227971 -0.122407
0.130809 -0.122432 -0.227971 -0.122407
0.130345 -0.122172 -0.228176 -0.122104
0.130492 -0.121962 -0.228296 -0.121934
0.130334 -0.121718 -0.228458 -0.121692
0.130137 -0.121512 -0.228661 -0.121381
0.129871 -0.121426 -0.228786 -0.121198
0.129859 -0.120965 -0.228951 -0.120947
0.129814 -0.120531 -0.229282 -0.120428
0.129539 -0.120441 -0.229282 -0.120429
0.129379 -0.120176 -0.229448 -0.120165
0.12934 -0.119721 -0.229783 -0.119621
0.129057 -0.119625 -0.229784 -0.119621
0.128732 -0.119574 -0.229821 -0.119556
0.128734 -0.119056 -0.23012 -0.119057
0.128407 -0.118459 -0.23033 -0.118699
0.128407 -0.118459 -0.23033 -0.118699
0.128407 -0.118459 -0.23033 -0.118699
0.128031 -0.117937 -0.230972 -0.117583
0.127917 -0.117584 -0.230972 -0.117583
0.127757 -0.117272 -0.23114 -0.117273
0.127548 -0.117014 -0.231597 -0.116801
0.127434 -0.116622 -0.231479 -0.116641
0.127272 -0.116315 -0.23165 -0.116323
0.127056 -0.116052 -0.232116 -0.115827
0.126945 -0.115645 -0.232116 -0.115827
0.127098 -0.115442 -0.232286 -0.115491
0.126559 -0.115056 -0.232399 -0.114886
0.126559 -0.115056 -0.232399 -0.114886
0.126395 -0.11416 -0.232925 -0.11384
0.126287 -0.113728 -0.233037 -0.113605
0.126287 -0.113728 -0.233037 -0.113605
0.125473 -0.112557 -0.233672 -0.112703
0.125312 -0.112213 -0.233957 -0.1125
0.125312 -0.112213 -0.233727 -0.112198
0.125312 -0.112213 -0.233727 -0.112198
0.124996 -0.111502 -0.234064 -0.111493
0.124996 -0.111512 -0.234064 -0.111493
0.124435 -0.111113 -0.234187 -0.110858
0.124435 -0.11112 -0.234187 -0.110858
0.123236 -0.110974 -0.234282 -0.109944
0.123236 -0.110974 -0.234282 -0.109944
0.123236 -0.110974 -0.234282 -0.109944
0.122442 -0.110869 -0.234214 -0.109388
0.122442 -0.110869 -0.234214 -0.109388
0.121641 -0.110759 -0.23414 -0.108832
0.121641 -0.110759 -0.23414 -0.108832
0.122042 -0.105008 -0.237273 -0.104904
0.122042 -0.105008 -0.237273 -0.104904
0.121855 -0.104854 -0.237472 -0.104502
0.121813 -0.104529 -0.237526 -0.104406
0.121704 -0.104299 -0.237648 -0.104173
0.121538 -0.104154 -0.237826 -0.103813
0.121709 -0.103954 -0.237783 -0.103764
0.121388 -0.103635 -0.238001 -0.103513
0.121242 -0.103491 -0.238161 -0.1032
0.121392 -0.103316 -0.23816 -0.103213
0.121084 -0.10301 -0.238345 -0.102898
0.120952 -0.102859 -0.23849 -0.102626
0.120784 -0.102403 -0.238683 -0.102308
0.120784 -0.102403 -0.238683 -0.102308
0.120664 -0.10225 -0.238817 -0.102066
0.120787 -0.10211 -0.238816 -0.102075
0.12049 -0.101809 -0.239016 -0.101727
0.120379 -0.10163 -0.23914 -0.1015
0.12038 -0.101638 -0.23914 -0.101511
0.120197 -0.101209 -0.239348 -0.101141
0.120099 -0.101004 -0.239458 -0.100941
0.119903 -0.100594 -0.23968 -0.10054
0.119903 -0.100594 -0.23968 -0.10054
0.119804 -0.10039 -0.23979 -0.100338
0.119503 -0.100067 -0.240012 -0.0999188
0.119503 -0.100076 -0.240012 -0.0999188
0.119509 -0.0997497 -0.240124 -0.0997121
0.11941 -0.0995302 -0.240235 -0.0994963
0.119012 -0.0989734 -0.240357 -0.0989327
0.119112 -0.0988654 -0.240573 -0.0988421
0.119112 -0.0988654 -0.240573 -0.0988423
0.119013 -0.0986479 -0.240684 -0.0986229
0.118817 -0.0981851 -0.240906 -0.0981671
0.118818 -0.0981886 -0.240906 -0.0981673
0.11872 -0.0979593 -0.241017 -0.097939
0.118408 -0.0976038 -0.241024 -0.0975654
0.118526 -0.0974844 -0.241239 -0.0974718
0.118429 -0.0972502 -0.241351 -0.0972364
0.118235 -0.0967647 -0.241572 -0.0967559
0.118235 -0.0967667 -0.241573 -0.0967551
0.118138 -0.0965273 -0.241683 -0.0965134
0.118032 -0.0962933 -0.241804 -0.096239
0.117741 -0.0955638 -0.242032 -0.0953788
0.117741 -0.0955638 -0.242032 -0.0953788
0.117553 -0.0950985 -0.242354 -0.0950045
0.117553 -0.0950909 -0.242253 -0.0948924
0.11739 -0.0946168 -0.242544 -0.0945751
0.117217 -0.0941523 -0.242845 -0.0942116
0.117217 -0.0941522 -0.242747 -0.0941031
0.117131 -0.0939277 -0.242847 -0.0938782
0.116963 -0.0934772 -0.243044 -0.093425
0.116963 -0.0934772 -0.243044 -0.093425
0.116864 -0.0932804 -0.243158 -0.0931621
0.116864 -0.0932804 -0.243158 -0.0931621
0.116688 -0.0928708 -0.243522 -0.092348
0.116688 -0.0928708 -0.243522 -0.092348
0.116688 -0.0928708 -0.243522 -0.092348
0.116387 -0.0920277 -0.243716 -0.0919222
0.116387 -0.0920277 -0.243716 -0.0919222
0.116387 -0.0920277 -0.243716 -0.0919222
0.115717 -0.0906576 -0.24447 -0.0906567
0.115717 -0.0906576 -0.24447 -0.0906567
0.115631 -0.0905401 -0.244564 -0.090501
0.115528 -0.090446 -0.244667 -0.0903332
0.115431 -0.0903538 -0.244764 -0.0902241
0.115348 -0.0902264 -0.244844 -0.090171
0.115239 -0.0901629 -0.244958 -0.0900137
0.115146 -0.0900684 -0.245054 -0.0899291
0.115055 -0.0899748 -0.245149 -0.0898375
0.114983 -0.0898662 -0.245336 -0.0896656
0.114878 -0.0897929 -0.245336 -0.0896656
0.114793 -0.0897052 -0.245426 -0.0895824
0.114548 -0.0894434 -0.245687 -0.0893282
0.114569 -0.089411 -0.24583 -0.0893015
0.114471 -0.089342 -0.24583 -0.0893015
0.114471 -0.0893575 -0.245771 -0.0892466
0.114396 -0.0892731 -0.245852 -0.0891668
0.114229 -0.0890739 -0.245902 -0.0891339
0.114256 -0.0890783 -0.245829 -0.0890665
0.114184 -0.0889936 -0.24606 -0.0888933
0.114138 -0.0888738 -0.246007 -0.0888001
0.114045 -0.0888069 -0.246185 -0.0887087
0.113978 -0.0887083 -0.246247 -0.0886149
0.113914 -0.0886054 -0.246307 -0.0885011
0.113741 -0.0882597 -0.246452 -0.0883003
0.11366 -0.0881945 -0.246548 -0.0881188
0.1136 -0.0880943 -0.246607 -0.0880195
0.11345 -0.0877514 -0.246824 -0.0876316
0.113383 -0.0877021 -0.246824 -0.0876316
0.113334 -0.0876105 -0.246874 -0.0875394
0.113303 -0.087483 -0.247049 -0.0874336
0.113243 -0.0874317 -0.246964 -0.0873483
0.113202 -0.0873448 -0.247006 -0.0872661
0.113203 -0.0871956 -0.247172 -0.0871724
0.113149 -0.08715 -0.247083 -0.0870832
0.113085 -0.0870901 -0.247119 -0.0870064
0.113096 -0.0869342 -0.247109 -0.0870184
0.11305 -0.0868942 -0.247014 -0.0869232
0.112982 -0.0868438 -0.247216 -0.0867586
0.112888 -0.0866142 -0.247298 -0.0865269
0.112888 -0.0866142 -0.247298 -0.0865269
0.112888 -0.0866142 -0.247298 -0.0865269
0.112809 -0.0864236 -0.247362 -0.086322
0.112841 -0.0862959 -0.247307 -0.0864566
0.112785 -0.0863442 -0.247483 -0.0863597
0.112785 -0.0863442 -0.247379 -0.0862583
0.112764 -0.0862836 -0.247394 -0.0862015
0.112823 -0.086186 -0.24722 -0.0862416
0.112613 -0.0859408 -0.247464 -0.0858713
0.112613 -0.0859408 -0.247464 -0.0858713
0.112603 -0.0859142 -0.247455 -0.0858584
0.112661 -0.0858232 -0.247398 -0.0860136
0.1126 -0.0859106 -0.247437 -0.0858533
0.1126 -0.0859219 -0.247426 -0.0858544
0.112663 -0.0858358 -0.247352 -0.0860327
0.112663 -0.0858358 -0.247352 -0.0860327
0.112601 -0.0859573 -0.24739 -0.0858824
0.112671 -0.0858679 -0.247306 -0.0860905
0.112671 -0.0858679 -0.247306 -0.0860905
0.1126 -0.0860135 -0.24735 -0.0859334
0.112598 -0.0860379 -0.247336 -0.0859536
0.112678 -0.0859433 -0.24724 -0.0862098
0.112594 -0.0860906 -0.24724 -0.0862098
0.112592 -0.0861193 -0.247293 -0.0860367
0.112681 -0.0860192 -0.247185 -0.0863238
0.112587 -0.0861901 -0.247261 -0.0861007
0.112584 -0.0862263 -0.247245 -0.0861387
0.112682 -0.0861186 -0.247126 -0.0864626
0.112577 -0.0863142 -0.247212 -0.086218
0.112573 -0.0863596 -0.247194 -0.0862671
0.112569 -0.0864129 -0.247176 -0.0863151
0.112749 -0.0864735 -0.246881 -0.086704
0.112561 -0.0867941 -0.24705 -0.0867273
0.112561 -0.0867941 -0.24705 -0.0867273
0.112561 -0.0867941 -0.24705 -0.0867273
0.112588 -0.0871142 -0.247035 -0.0871926
0.112589 -0.087127 -0.247035 -0.0871926
0.112599 -0.0872334 -0.246909 -0.0871923
0.112614 -0.0874647 -0.246954 -0.0874835
0.112614 -0.0874619 -0.246844 -0.0873753
0.112622 -0.0875726 -0.246811 -0.087493
0.11263 -0.0876917 -0.246779 -0.0876021
0.112753 -0.0875102 -0.246542 -0.0878282
0.112645 -0.0879344 -0.246712 -0.0878392
0.112652 -0.0880641 -0.246678 -0.0879622
0.112946 -0.0882242 -0.24659 -0.0883674
0.112946 -0.0882242 -0.24659 -0.0883674
0.112946 -0.0882242 -0.24659 -0.0883674
0.112686 -0.0886091 -0.246554 -0.088518
0.112708 -0.0886057 -0.246322 -0.0892266
0.11286 -0.0887012 -0.246322 -0.0892266
0.11286 -0.0887012 -0.246322 -0.0892266
0.113055 -0.089117 -0.246354 -0.0893018
0.113219 -0.0888757 -0.246188 -0.0897479
0.112754 -0.0895952 -0.246188 -0.0897479
0.112768 -0.0897725 -0.24627 -0.0896679
0.112782 -0.0899681 -0.246228 -0.0898498
0.112797 -0.0901675 -0.246196 -0.090041
0.11307 -0.0907284 -0.245822 -0.0913821
0.113071 -0.0907379 -0.245822 -0.0913821
0.112937 -0.0914349 -0.245898 -0.0913615
0.113161 -0.0914042 -0.245773 -0.0918313
0.113073 -0.0924086 -0.24564 -0.092335
0.113073 -0.0924086 -0.24564 -0.092335
0.113269 -0.0921387 -0.245444 -0.0928304
0.113269 -0.0921387 -0.245571 -0.0925972
0.113155 -0.0929256 -0.2455 -0.0928526
0.113196 -0.093205 -0.245426 -0.0931102
0.113287 -0.0937602 -0.245295 -0.093655
0.113287 -0.0937594 -0.245295 -0.093655
0.113336 -0.0940408 -0.245227 -0.0939403
0.113158 -0.0945017 -0.245107 -0.0945209
0.113158 -0.0945017 -0.245107 -0.0945209
0.113494 -0.0949378 -0.245043 -0.094826
0.113793 -0.0949277 -0.244745 -0.0957177
0.113318 -0.0954256 -0.244935 -0.0954423
0.113679 -0.0958881 -0.24488 -0.0957726
0.113747 -0.0962222 -0.244824 -0.0961002
0.113818 -0.0965629 -0.244771 -0.0964366
0.114157 -0.0965505 -0.244446 -0.097413
0.114157 -0.0965505 -0.244446 -0.097413
0.114054 -0.0976116 -0.244577 -0.0974921
0.114419 -0.0976163 -0.244225 -0.0985175
0.114418 -0.0976112 -0.244225 -0.0985175
0.114512 -0.0979895 -0.244151 -0.0988996
0.114148 -0.0993591 -0.244184 -0.0993996
0.11452 -0.0995303 -0.244184 -0.0993996
0.114351 -0.10017 -0.243977 -0.100214
0.114737 -0.100344 -0.243977 -0.100214
0.114852 -0.100756 -0.243867 -0.100634
0.114685 -0.101451 -0.24365 -0.101494
0.115093 -0.101628 -0.24365 -0.101494
0.115492 -0.102967 -0.243285 -0.102845
0.115492 -0.102967 -0.243285 -0.102845
0.115833 -0.102538 -0.242944 -0.103609
0.115833 -0.102538 -0.242944 -0.103609
0.116435 -0.104389 -0.242266 -0.105509
0.116249 -0.105289 -0.242433 -0.105233
0.116427 -0.105754 -0.242247 -0.105736
0.117408 -0.106009 -0.241706 -0.106968
0.117408 -0.106009 -0.241706 -0.106968
0.116838 -0.108086 -0.241384 -0.108302
0.116838 -0.108086 -0.241384 -0.108302
0.116839 -0.10809 -0.241269 -0.108187
0.117491 -0.108759 -0.241067 -0.108693
0.117376 -0.109652 -0.240805 -0.109825
0.117376 -0.109652 -0.240805 -0.109825
0.118075 -0.110329 -0.240514 -0.110234
0.118489 -0.111385 -0.239704 -0.111904
0.118489 -0.111385 -0.239704 -0.111904
0.118489 -0.111385 -0.239704 -0.111904
0.118194 -0.111751 -0.239984 -0.111823
0.120729 -0.116251 -0.23818 -0.11636
0.120729 -0.116251 -0.23818 -0.11636
0.121578 -0.117285 -0.237565 -0.117385
0.121999 -0.116825 -0.237143 -0.1182
0.122025 -0.117892 -0.237305 -0.117937
0.122459 -0.118593 -0.237042 -0.118482
0.122833 -0.119091 -0.236774 -0.119013
0.12346 -0.120125 -0.236248 -0.120081
0.12346 -0.120125 -0.236248 -0.120081
0.123742 -0.120653 -0.235983 -0.120613
0.124567 -0.122263 -0.235245 -0.122212
0.124567 -0.122263 -0.235245 -0.122212
0.124567 -0.122263 -0.235245 -0.122212
0.12513 -0.123317 -0.234719 -0.123285
0.12513 -0.123317 -0.234719 -0.123285
0.125886 -0.123341 -0.233976 -0.124661
0.125152 -0.124301 -0.234183 -0.124358
0.125989 -0.124968 -0.233921 -0.124901
0.127391 -0.126077 -0.232667 -0.127465
0.127391 -0.126077 -0.232667 -0.127465
0.127995 -0.127181 -0.232098 -0.128604
0.127781 -0.128344 -0.232314 -0.128288
0.128088 -0.128915 -0.232008 -0.128875
0.128937 -0.128926 -0.231159 -0.13037
0.128937 -0.128926 -0.231157 -0.130376
0.129031 -0.130701 -0.231068 -0.13065
0.129352 -0.131319 -0.230751 -0.131245
0.130476 -0.130078 -0.229615 -0.133123
0.130243 -0.131314 -0.229613 -0.133128
0.130662 -0.133773 -0.22911 -0.133941
0.130663 -0.133775 -0.229451 -0.13374
0.131 -0.134423 -0.22912 -0.134368
0.131948 -0.134425 -0.228558 -0.135764
0.131686 -0.135751 -0.228452 -0.135649
0.132034 -0.136399 -0.228117 -0.136311
0.133032 -0.136383 -0.227546 -0.13776
0.132746 -0.137771 -0.227448 -0.137659
0.133107 -0.138446 -0.227102 -0.138352
0.134153 -0.138431 -0.226492 -0.139861
0.13415 -0.138427 -0.226491 -0.139863
0.135317 -0.140584 -0.224523 -0.142554
0.135317 -0.140584 -0.224523 -0.142554
0.135317 -0.140584 -0.224523 -0.142554
0.135781 -0.143572 -0.22452 -0.143534
0.135781 -0.143572 -0.224527 -0.143519
0.136223 -0.145872 -0.223405 -0.145936
0.136981 -0.145078 -0.222642 -0.14704
0.136981 -0.145078 -0.222642 -0.14704
0.138554 -0.145186 -0.222546 -0.146913
0.137841 -0.147541 -0.222552 -0.147489
0.139069 -0.147578 -0.221337 -0.149441
0.139925 -0.147625 -0.221285 -0.149398
0.138681 -0.150976 -0.220508 -0.151213
0.138681 -0.150976 -0.220508 -0.151213
0.141329 -0.154606 -0.2193 -0.154587
0.141329 -0.154606 -0.2193 -0.154587
0.141284 -0.156417 -0.217999 -0.156639
0.142257 -0.156443 -0.218426 -0.156401
0.142729 -0.157354 -0.217983 -0.157326
0.142213 -0.158291 -0.217096 -0.158482
0.143691 -0.159222 -0.217081 -0.159185
0.145101 -0.159253 -0.215694 -0.161294
0.143657 -0.16112 -0.215694 -0.161294
0.145177 -0.162044 -0.215686 -0.161998
0.146197 -0.163961 -0.21473 -0.163894
0.146197 -0.163961 -0.21473 -0.163894
0.147695 -0.163919 -0.213259 -0.166052
0.146141 -0.165878 -0.213259 -0.166052
0.147768 -0.166799 -0.213259 -0.166754
0.150456 -0.166741 -0.212252 -0.168674
0.150443 -0.168683 -0.21069 -0.170872
0.150443 -0.168683 -0.211188 -0.170583
0.148809 -0.170696 -0.211188 -0.170583
0.150516 -0.171592 -0.210698 -0.171589
0.153377 -0.171496 -0.209637 -0.173518
0.153377 -0.171496 -0.209637 -0.173518
0.152235 -0.174538 -0.209098 -0.174495
0.15522 -0.17935 -0.206176 -0.179255
0.15522 -0.17935 -0.206176 -0.179255
0.156339 -0.178288 -0.205717 -0.180393
0.156584 -0.180817 -0.205121 -0.181336
0.157274 -0.181719 -0.204507 -0.182288
0.159367 -0.184788 -0.202659 -0.185119
0.159367 -0.184788 -0.202659 -0.185119
0.159367 -0.184788 -0.202659 -0.185119
0.159387 -0.186498 -0.200962 -0.187229
0.160861 -0.186393 -0.200962 -0.187229
0.161601 -0.187324 -0.200795 -0.187867
0.163468 -0.187221 -0.199542 -0.1896
0.163098 -0.189093 -0.199592 -0.189652
0.16387 -0.189777 -0.199004 -0.190528
0.16577 -0.189413 -0.197789 -0.192184
0.163996 -0.19134 -0.197784 -0.19219
0.167806 -0.189996 -0.197195 -0.193026
0.16807 -0.191287 -0.194972 -0.195304
0.16807 -0.191287 -0.194972 -0.195304
0.167304 -0.193559 -0.195467 -0.195538
0.170022 -0.194186 -0.194288 -0.197117
0.170022 -0.194186 -0.194288 -0.197117
0.1708 -0.194468 -0.193702 -0.1979
0.172359 -0.194936 -0.19253 -0.199426
0.172359 -0.194936 -0.19253 -0.199426
0.172979 -0.195383 -0.190807 -0.201187
0.172979 -0.195383 -0.191372 -0.200884
0.174526 -0.195186 -0.190823 -0.201593
0.175143 -0.195186 -0.190293 -0.202292
0.179802 -0.192889 -0.18523 -0.208249
0.179802 -0.192889 -0.18523 -0.208249
0.185012 -0.187457 -0.179456 -0.212938
0.182808 -0.189797 -0.181455 -0.21204
0.184284 -0.188302 -0.179925 -0.213387
0.183833 -0.188793 -0.180103 -0.213277
0.184328 -0.188519 -0.179448 -0.213885
0.185692 -0.18752 -0.178532 -0.214602
0.185282 -0.188195 -0.178235 -0.21509
0.186566 -0.187151 -0.176701 -0.216399
0.187035 -0.187027 -0.176689 -0.216409
0.186642 -0.187709 -0.176528 -0.216829
0.187919 -0.186642 -0.175467 -0.217937
0.188338 -0.186528 -0.175453 -0.217948
0.187953 -0.187223 -0.17492 -0.218495
0.188486 -0.186958 -0.173884 -0.219551
0.188486 -0.186958 -0.173884 -0.219551
0.18926 -0.18665 -0.173343 -0.22008
0.189781 -0.186396 -0.172319 -0.221088
0.189781 -0.186396 -0.172319 -0.221088
0.190588 -0.18607 -0.171789 -0.22159
0.191484 -0.185644 -0.170318 -0.222841
0.191494 -0.185649 -0.170779 -0.222551
0.191957 -0.185381 -0.170259 -0.223028
0.193376 -0.184532 -0.168734 -0.224397
0.193376 -0.184532 -0.168734 -0.224397
0.193376 -0.184532 -0.168734 -0.224397
0.19452 -0.183546 -0.166654 -0.225994
0.19452 -0.183546 -0.166654 -0.225994
0.19486 -0.183448 -0.167101 -0.225708
0.195366 -0.183084 -0.166544 -0.226134
0.195495 -0.182889 -0.165545 -0.226851
0.196898 -0.182042 -0.164449 -0.227658
0.196898 -0.182042 -0.164449 -0.227658
0.197415 -0.181626 -0.164449 -0.227773
0.198752 -0.180241 -0.163435 -0.228559
0.198453 -0.180798 -0.163435 -0.228559
0.198976 -0.180341 -0.162919 -0.228947
0.200311 -0.178914 -0.161887 -0.229709
0.200311 -0.178914 -0.161887 -0.229709
0.200553 -0.178945 -0.161356 -0.230086
0.201386 -0.178015 -0.160266 -0.230834
0.201386 -0.178015 -0.160265 -0.230834
0.202147 -0.177404 -0.159723 -0.231209
0.20321 -0.176339 -0.158646 -0.231951
0.20321 -0.176339 -0.158646 -0.231951
0.203743 -0.175772 -0.158082 -0.232284
0.204131 -0.175243 -0.157553 -0.232648
0.207053 -0.172038 -0.155415 -0.234061
0.206408 -0.172792 -0.155523 -0.234157
0.206942 -0.172161 -0.155027 -0.234526
0.20831 -0.170577 -0.153959 -0.235204
0.208304 -0.170575 -0.153959 -0.235204
0.208693 -0.170027 -0.153079 -0.235843
0.208693 -0.170027 -0.153079 -0.235843
0.211678 -0.166205 -0.150283 -0.238063
0.213423 -0.163794 -0.147757 -0.239518
0.21479 -0.162122 -0.148113 -0.240008
0.218772 -0.156816 -0.144179 -0.244268
0.218772 -0.156816 -0.144179 -0.244268
0.219688 -0.15564 -0.143192 -0.244976
0.219565 -0.155805 -0.143334 -0.245101
0.219931 -0.155311 -0.14293 -0.245518
0.220698 -0.154182 -0.142051 -0.246179
0.220606 -0.154307 -0.142238 -0.246344
0.220918 -0.153803 -0.141925 -0.246749
0.221297 -0.153161 -0.141205 -0.247123
0.221501 -0.152808 -0.14137 -0.247543
0.221773 -0.152311 -0.14112 -0.247932
0.222493 -0.151118 -0.140425 -0.248498
0.222379 -0.151178 -0.140425 -0.248498
0.222531 -0.150795 -0.140424 -0.249074
0.222984 -0.149702 -0.139748 -0.249616
0.222984 -0.149702 -0.13998 -0.249814
0.223231 -0.149083 -0.139753 -0.250178
0.223907 -0.147763 -0.139079 -0.2507
0.223701 -0.147875 -0.139079 -0.2507
0.223955 -0.147247 -0.139085 -0.251251
0.224465 -0.146001 -0.138323 -0.252165
0.224465 -0.146001 -0.138323 -0.252165
0.224721 -0.14536 -0.138374 -0.252299
0.224984 -0.144722 -0.138117 -0.25264
0.225251 -0.144081 -0.137844 -0.252984
0.226313 -0.141497 -0.135754 -0.25442
0.226582 -0.140847 -0.136338 -0.254686
0.226582 -0.140847 -0.136338 -0.254686
0.227259 -0.139465 -0.13524 -0.255402
0.22712 -0.139547 -0.135238 -0.255403
0.227383 -0.1389 -0.135356 -0.255769
0.228047 -0.137526 -0.134276 -0.256505
0.227891 -0.137615 -0.134282 -0.256502
0.228138 -0.136976 -0.134211 -0.256694
0.228776 -0.135615 -0.133374 -0.25761
0.228619 -0.13571 -0.133382 -0.257607
0.228851 -0.135083 -0.133094 -0.257987
0.22969 -0.133069 -0.132477 -0.259009
0.229688 -0.133069 -0.132746 -0.259221
0.229514 -0.133177 -0.132753 -0.259219
0.23016 -0.131752 -0.131747 -0.259983
0.23016 -0.131752 -0.13224 -0.260056
0.230147 -0.131234 -0.132 -0.260482
0.230349 -0.130571 -0.131762 -0.260916
0.231872 -0.126013 -0.129739 -0.263986
0.231872 -0.126013 -0.129739 -0.263986
0.234318 -0.119747 -0.128011 -0.268911
0.234365 -0.119655 -0.128462 -0.269153
0.234587 -0.119053 -0.128297 -0.269665
0.235028 -0.117903 -0.127534 -0.270438
0.235028 -0.117903 -0.127534 -0.270438
0.235623 -0.116566 -0.127222 -0.271458
0.235696 -0.116439 -0.127655 -0.271714
0.23588 -0.115851 -0.127501 -0.272224
0.23636 -0.114649 -0.12676 -0.272986
0.236343 -0.114534 -0.127199 -0.273241
0.236782 -0.113241 -0.126906 -0.274256
0.237021 -0.112694 -0.126315 -0.274505
0.236878 -0.112799 -0.126315 -0.274505
0.237198 -0.111975 -0.126622 -0.27526
0.237632 -0.110772 -0.125889 -0.276036
0.237413 -0.110935 -0.126361 -0.276304
0.237718 -0.110013 -0.126236 -0.276818
0.238252 -0.108533 -0.12594 -0.277899
0.238017 -0.10871 -0.126004 -0.277853
0.238159 -0.108071 -0.125894 -0.278371
0.238675 -0.106549 -0.125181 -0.279143
0.238675 -0.106549 -0.12569 -0.279421
0.238538 -0.106102 -0.125594 -0.279949
0.238883 -0.104887 -0.124893 -0.280732
0.239035 -0.104559 -0.125417 -0.281021
0.238883 -0.104112 -0.125335 -0.281558
0.239213 -0.102895 -0.124651 -0.282347
0.239367 -0.102549 -0.125185 -0.28265
0.239209 -0.102097 -0.125116 -0.283198
0.239577 -0.101205 -0.12456 -0.283407
0.239424 -0.100738 -0.124991 -0.284311
0.239736 -0.0995128 -0.124343 -0.285113
0.239903 -0.0991156 -0.124343 -0.285113
0.239742 -0.098648 -0.124837 -0.286013
0.239789 -0.0976407 -0.124212 -0.286821
0.239789 -0.0976407 -0.124212 -0.286821
0.240265 -0.0960266 -0.124145 -0.287978
0.240265 -0.0960266 -0.124145 -0.287978
0.240301 -0.0951197 -0.12466 -0.288931
0.24053 -0.0936815 -0.124617 -0.29013
0.240652 -0.092972 -0.124601 -0.290734
0.240652 -0.092972 -0.124601 -0.290734
0.241032 -0.0904894 -0.124574 -0.293201
0.241032 -0.0904894 -0.124574 -0.293201
0.241437 -0.0888103 -0.124581 -0.294449
0.241708 -0.0874116 -0.1246 -0.295708
0.241708 -0.0874116 -0.1246 -0.295708
0.241997 -0.0862685 -0.124096 -0.296543
0.241971 -0.0859953 -0.124033 -0.296589
0.242101 -0.0852854 -0.124656 -0.29763
0.242223 -0.0845562 -0.124682 -0.298281
0.242542 -0.0836382 -0.124786 -0.298873
0.244107 -0.0763756 -0.124165 -0.305752
0.244107 -0.0763756 -0.124675 -0.306207
0.244313 -0.0756406 -0.12523 -0.307268
0.244684 -0.0742685 -0.124822 -0.308051
0.244567 -0.0743785 -0.12532 -0.308491
0.244676 -0.0740005 -0.124873 -0.308654
0.244916 -0.0727644 -0.124981 -0.309853
0.244934 -0.0725041 -0.125456 -0.310288
0.245049 -0.071881 -0.125502 -0.310875
0.245236 -0.0708903 -0.125152 -0.311611
0.245236 -0.0708903 -0.125152 -0.311611
0.245321 -0.069909 -0.125647 -0.312628
0.245499 -0.0689712 -0.125326 -0.313327
0.245499 -0.0689712 -0.125326 -0.313327
0.245567 -0.0679719 -0.125797 -0.314346
0.2457 -0.0670328 -0.125517 -0.315042
0.2457 -0.0670328 -0.125517 -0.315042
0.245742 -0.0660086 -0.125962 -0.31606
0.245827 -0.0647061 -0.126082 -0.317213
0.245887 -0.064468 -0.125793 -0.317317
0.245872 -0.0640809 -0.125597 -0.317449
0.245931 -0.0634984 -0.126205 -0.318345
0.246009 -0.06266 -0.126015 -0.319032
0.245964 -0.0622229 -0.125782 -0.31919
0.245979 -0.0616079 -0.126419 -0.320113
0.245985 -0.0609902 -0.126496 -0.32071
0.245984 -0.0603714 -0.126578 -0.321312
0.246004 -0.0586333 -0.126838 -0.32312
0.246033 -0.058468 -0.126353 -0.32338
0.24591 -0.0585943 -0.126353 -0.32338
0.24602 -0.0580998 -0.126929 -0.323724
0.246026 -0.0575554 -0.127024 -0.324338
0.246024 -0.056813 -0.12696 -0.325048
0.245947 -0.0563221 -0.127574 -0.325411
0.245922 -0.0557413 -0.127343 -0.326278
0.245917 -0.055055 -0.127325 -0.326985
0.245839 -0.0540238 -0.1277 -0.328277
0.245839 -0.0540238 -0.1277 -0.328277
0.24582 -0.0534818 -0.127827 -0.328958
0.245838 -0.0534015 -0.127726 -0.328993
0.24565 -0.051842 -0.128302 -0.331802
0.24565 -0.051842 -0.128302 -0.331802
0.245614 -0.0509056 -0.127992 -0.332837
0.245693 -0.0493807 -0.128297 -0.334297
0.245693 -0.0493807 -0.128297 -0.334297
0.245651 -0.0483784 -0.12933 -0.336232
0.245651 -0.0483784 -0.12933 -0.336232
0.245626 -0.0478727 -0.129504 -0.337011
0.245319 -0.0475879 -0.130059 -0.339399
0.245319 -0.0475879 -0.130059 -0.339399
0.245319 -0.0475879 -0.130059 -0.339399
0.245609 -0.0452635 -0.129638 -0.340578
0.245506 -0.0453697 -0.130448 -0.341042
0.245585 -0.0441053 -0.130039 -0.342261
0.245407 -0.0443051 -0.130865 -0.342732
0.245355 -0.0437694 -0.131081 -0.343585
0.245294 -0.0432649 -0.130669 -0.344873
0.24514 -0.0434341 -0.131532 -0.345362
0.24521 -0.0421724 -0.131764 -0.346254
0.245153 -0.0417138 -0.132096 -0.347147
0.245012 -0.0418695 -0.133005 -0.347653
0.245071 -0.0406009 -0.132498 -0.349057
0.245022 -0.0400812 -0.132754 -0.35003
0.245031 -0.0389484 -0.132328 -0.351465
0.244931 -0.0390609 -0.133283 -0.351998
0.244901 -0.0385847 -0.133554 -0.353002
0.244919 -0.0374245 -0.133098 -0.354522
0.244791 -0.0375684 -0.133098 -0.354522
0.24475 -0.0370883 -0.133387 -0.355567
0.244757 -0.0359823 -0.135002 -0.358309
0.244644 -0.0361104 -0.135003 -0.358309
0.244605 -0.035653 -0.135308 -0.359401
0.244531 -0.035381 -0.137017 -0.361043
0.244531 -0.035381 -0.137017 -0.361043
0.244458 -0.0342733 -0.136259 -0.362813
0.244363 -0.0345569 -0.136548 -0.362712
0.244389 -0.033435 -0.136915 -0.365141
0.244326 -0.0329899 -0.137253 -0.366352
0.244174 -0.031412 -0.138646 -0.371227
0.244174 -0.031412 -0.138646 -0.371227
0.244128 -0.0307349 -0.139366 -0.37233
0.244135 -0.0307355 -0.138077 -0.373043
0.244104 -0.0303925 -0.139728 -0.374974
0.244024 -0.0303009 -0.140494 -0.376122
0.243987 -0.0296556 -0.140494 -0.376121
0.243958 -0.0293157 -0.140846 -0.378821
0.243874 -0.0292606 -0.141663 -0.379979
0.243874 -0.0292606 -0.141663 -0.379979
0.243801 -0.0282675 -0.141996 -0.382744
0.243809 -0.0278395 -0.142385 -0.384082
0.243714 -0.027817 -0.143285 -0.385251
0.243714 -0.027817 -0.143285 -0.385251
0.243493 -0.0261304 -0.144774 -0.392136
0.243493 -0.0261304 -0.144774 -0.392136
0.243393 -0.0263249 -0.147227 -0.39398
0.243393 -0.0263249 -0.147227 -0.39398
0.243384 -0.0253946 -0.145988 -0.39617
0.243318 -0.0251253 -0.144901 -0.396816
0.243082 -0.0248177 -0.148282 -0.401403
0.243082 -0.0248177 -0.148282 -0.401403
0.242957 -0.0245874 -0.149903 -0.4088
0.242957 -0.0245874 -0.149903 -0.4088
0.242947 -0.0236805 -0.151106 -0.411898
0.242947 -0.0236805 -0.151106 -0.411898
0.242947 -0.0236805 -0.151106 -0.411898
0.242841 -0.0234209 -0.151088 -0.414641
0.242798 -0.0229004 -0.152339 -0.415193
0.242798 -0.0229004 -0.152339 -0.415193
0.242562 -0.0230171 -0.153902 -0.417534
0.242562 -0.0230171 -0.151784 -0.418521
0.242495 -0.0223995 -0.151784 -0.418521
0.242416 -0.0222597 -0.153934 -0.420775
0.242264 -0.0225978 -0.155048 -0.422101
0.242264 -0.0225978 -0.155048 -0.422101
0.242095 -0.0217076 -0.154455 -0.42579
0.241994 -0.0215259 -0.15485 -0.427089
0.241816 -0.0212165 -0.155641 -0.429444
0.241816 -0.0212165 -0.155641 -0.429444
0.241729 -0.0211459 -0.156032 -0.430669
0.241539 -0.0218253 -0.155262 -0.432579
0.241539 -0.0218253 -0.155262 -0.432579
0.24143 -0.0210058 -0.157203 -0.434463
0.241327 -0.0210369 -0.157591 -0.435772
0.241119 -0.0212414 -0.158368 -0.438383
0.241119 -0.0212414 -0.158368 -0.438383
0.241028 -0.0214393 -0.158754 -0.439706
0.240817 -0.0227353 -0.16099 -0.440464
0.240817 -0.0227353 -0.16099 -0.440464
0.24069 -0.0222647 -0.159909 -0.443795
0.24044 -0.0237871 -0.162342 -0.444499
0.24044 -0.0237871 -0.162342 -0.444499
0.240073 -0.025099 -0.163617 -0.448608
0.240084 -0.024305 -0.161807 -0.450717
0.240021 -0.024372 -0.161807 -0.450717
0.239904 -0.0249203 -0.162179 -0.452071
0.239622 -0.0267228 -0.16481 -0.452718
0.239601 -0.025981 -0.162877 -0.454834
0.239447 -0.0265353 -0.163101 -0.456142
0.238895 -0.0289393 -0.162063 -0.45911
0.238895 -0.0289393 -0.162063 -0.45911
0.238932 -0.0281495 -0.163378 -0.459642
0.238791 -0.028757 -0.163376 -0.460565
0.238644 -0.0300379 -0.165691 -0.459795
0.238287 -0.0303509 -0.161886 -0.462088
0.238287 -0.0303509 -0.161886 -0.462088
0.237941 -0.0315848 -0.161251 -0.463365
0.237941 -0.0315848 -0.161251 -0.463365
0.237593 -0.033468 -0.163149 -0.463179
0.23751 -0.0335487 -0.163149 -0.463179
0.237344 -0.033246 -0.15986 -0.465028
0.237126 -0.0337653 -0.159416 -0.465616
0.236751 -0.0347484 -0.1585 -0.466695
0.236693 -0.0348027 -0.1585 -0.466695
0.23564 -0.038588 -0.169388 -0.463415
0.23564 -0.038588 -0.169388 -0.463415
0.233066 -0.0479553 -0.165911 -0.466005
0.233066 -0.0479553 -0.165911 -0.466005
0.232743 -0.0491722 -0.168783 -0.465236
0.232743 -0.0491722 -0.168564 -0.46557
0.232564 -0.0497196 -0.169862 -0.465406
0.232387 -0.0505737 -0.171471 -0.464854
0.232162 -0.0506368 -0.172243 -0.465158
0.231959 -0.0510389 -0.173295 -0.465055
0.231607 -0.051799 -0.176029 -0.464343
0.231599 -0.0518048 -0.175088 -0.464864
0.231403 -0.0521874 -0.17584 -0.464745
0.231067 -0.0528675 -0.178419 -0.463991
0.231062 -0.0528718 -0.176687 -0.464478
0.230697 -0.0535346 -0.177901 -0.46449
0.230697 -0.0535346 -0.177901 -0.46449
0.230285 -0.0549452 -0.180402 -0.463743
0.230353 -0.0542228 -0.180406 -0.463741
0.230207 -0.0545602 -0.178525 -0.464192
0.230038 -0.0548899 -0.178594 -0.464099
0.229701 -0.0555598 -0.178547 -0.463889
0.229701 -0.0555598 -0.178547 -0.463889
0.229542 -0.0559334 -0.178458 -0.463745
0.229294 -0.0570451 -0.178325 -0.463617
0.228935 -0.0577701 -0.180293 -0.462695
0.228937 -0.0577753 -0.180315 -0.462707
0.228838 -0.0573511 -0.177724 -0.463119
0.228286 -0.0584432 -0.176886 -0.462448
0.228286 -0.0584432 -0.176886 -0.462448
0.228286 -0.0584432 -0.176886 -0.462448
0.227819 -0.0599879 -0.178641 -0.46137
0.227831 -0.0599934 -0.176324 -0.461915
0.227708 -0.0595773 -0.176033 -0.461646
0.227305 -0.0601721 -0.177704 -0.460547
0.227264 -0.0601999 -0.177704 -0.460547
0.22707 -0.0605411 -0.175067 -0.460731
0.226856 -0.0608583 -0.174716 -0.460379
0.22635 -0.0623196 -0.176479 -0.45925
0.22635 -0.0623196 -0.174225 -0.459727
0.226246 -0.0618453 -0.173646 -0.459204
0.225538 -0.0635649 -0.174978 -0.45761
0.225538 -0.0635649 -0.174978 -0.45761
0.225538 -0.0635649 -0.174978 -0.45761
0.225044 -0.0639656 -0.172173 -0.456565
0.224556 -0.0653601 -0.173414 -0.455071
0.224556 -0.0653601 -0.171602 -0.455402
0.22442 -0.0650613 -0.171495 -0.454874
0.224201 -0.0653909 -0.171372 -0.454327
0.224201 -0.0653909 -0.171372 -0.454327
0.223179 -0.0680206 -0.176737 -0.451471
0.223345 -0.0666407 -0.176737 -0.451471
0.223345 -0.0666407 -0.176737 -0.451471
0.222665 -0.0683739 -0.172455 -0.450083
0.222665 -0.0683739 -0.172455 -0.450083
0.222665 -0.0683739 -0.172455 -0.450083
0.22233 -0.068459 -0.170397 -0.448783
0.22233 -0.068459 -0.170396 -0.448783
0.222092 -0.0686916 -0.170283 -0.4481
0.221852 -0.0688771 -0.17011 -0.447394
0.22162 -0.0690493 -0.171569 -0.446408
0.221408 -0.0692603 -0.169632 -0.445914
0.221201 -0.0694637 -0.169337 -0.445143
0.220998 -0.0696585 -0.17075 -0.444105
0.220805 -0.0698836 -0.168668 -0.443552
0.220609 -0.0700938 -0.168301 -0.442726
0.220196 -0.0705392 -0.16752 -0.441013
0.220222 -0.0705242 -0.16752 -0.441013
0.220036 -0.0707767 -0.167144 -0.440148
0.219526 -0.0720386 -0.166989 -0.438765
0.219641 -0.0712134 -0.166329 -0.438324
0.219448 -0.0714524 -0.165931 -0.437403
0.218933 -0.0727059 -0.167434 -0.43578
0.219042 -0.0718964 -0.165099 -0.435497
0.218855 -0.0721377 -0.164701 -0.434541
0.218453 -0.0725885 -0.163875 -0.432542
0.218135 -0.0736017 -0.16575 -0.431878
0.218256 -0.0728366 -0.163484 -0.431536
0.21806 -0.0731032 -0.163116 -0.43053
0.217856 -0.073341 -0.162737 -0.429485
0.217648 -0.0735576 -0.16235 -0.428412
0.216804 -0.0757892 -0.16344 -0.425625
0.217015 -0.0742777 -0.16344 -0.425625
0.217033 -0.074268 -0.161277 -0.425194
0.216837 -0.074558 -0.160985 -0.424146
0.21631 -0.0757826 -0.162462 -0.422409
0.216414 -0.0750089 -0.162462 -0.422409
0.216203 -0.0752321 -0.160028 -0.420762
0.215991 -0.075437 -0.159702 -0.419596
0.215457 -0.0766021 -0.159803 -0.417859
0.215574 -0.0758535 -0.159803 -0.417859
0.214572 -0.0771198 -0.157737 -0.411376
0.214572 -0.0771198 -0.157737 -0.411376
0.2143 -0.0780189 -0.158231 -0.410827
0.213962 -0.0781931 -0.157549 -0.408118
0.213962 -0.0781931 -0.157549 -0.408118
0.213315 -0.0793615 -0.157838 -0.405002
0.213315 -0.0793615 -0.157838 -0.405002
0.213008 -0.0802366 -0.159389 -0.404439
0.213088 -0.0797322 -0.158001 -0.403949
0.212855 -0.0800692 -0.158194 -0.402899
0.212297 -0.0811946 -0.159862 -0.401163
0.212256 -0.0812235 -0.159123 -0.401188
0.212027 -0.0814006 -0.159131 -0.399936
0.209607 -0.0850749 -0.162154 -0.387937
0.209607 -0.0850749 -0.162154 -0.387937
0.207728 -0.0895087 -0.165714 -0.381026
0.207799 -0.0891928 -0.165714 -0.381026
0.207515 -0.0897277 -0.166583 -0.380279
0.206867 -0.0909675 -0.168146 -0.378522
0.206941 -0.0906097 -0.168146 -0.378522
0.206663 -0.0910143 -0.168856 -0.377603
0.206391 -0.0913753 -0.169489 -0.376624
0.206151 -0.0916898 -0.170817 -0.376063
0.20587 -0.0920278 -0.17054 -0.374546
0.20528 -0.0931313 -0.172322 -0.372849
0.205377 -0.0925937 -0.172322 -0.372849
0.205125 -0.0928827 -0.17207 -0.371071
0.204908 -0.0931369 -0.171779 -0.369852
0.204321 -0.0942135 -0.173319 -0.367947
0.204442 -0.0936245 -0.172602 -0.36721
0.204235 -0.0938671 -0.172039 -0.365915
0.204017 -0.0941089 -0.172032 -0.364551
0.203549 -0.0946074 -0.172633 -0.362538
0.203549 -0.0946074 -0.171902 -0.36175
0.203326 -0.0948705 -0.171816 -0.360357
0.20315 -0.0950986 -0.171688 -0.358901
0.20268 -0.0955821 -0.172146 -0.356784
0.20268 -0.0955821 -0.171366 -0.355915
0.202495 -0.0958353 -0.171208 -0.354442
0.202274 -0.096076 -0.171024 -0.352917
0.201893 -0.0969304 -0.172413 -0.352285
0.20183 -0.0965437 -0.170626 -0.349815
0.201385 -0.0969925 -0.170227 -0.346696
0.201385 -0.0969925 -0.170227 -0.346696
0.200779 -0.0980798 -0.169882 -0.343616
0.200779 -0.0980798 -0.169882 -0.343616
0.200716 -0.0977497 -0.169725 -0.342064
0.200259 -0.0982618 -0.170234 -0.339935
0.200262 -0.0982655 -0.169487 -0.339006
0.200032 -0.0985145 -0.169373 -0.337434
0.19955 -0.0989566 -0.170534 -0.335184
0.199569 -0.0989511 -0.16911 -0.334177
0.199343 -0.0991873 -0.168994 -0.332573
0.199114 -0.0993957 -0.168861 -0.330925
0.198435 -0.10006 -0.168503 -0.326033
0.198435 -0.10006 -0.168503 -0.326033
0.198435 -0.10006 -0.168503 -0.326033
0.197819 -0.101154 -0.169124 -0.32311
0.197976 -0.100628 -0.168471 -0.323097
0.197372 -0.101685 -0.169673 -0.32094
0.197372 -0.101685 -0.169673 -0.32094
0.197266 -0.101332 -0.168407 -0.318232
0.197031 -0.10152 -0.168353 -0.316514
0.195844 -0.102722 -0.169293 -0.308426
0.195894 -0.102709 -0.169306 -0.308408
0.195646 -0.103032 -0.168301 -0.306917
0.19502 -0.104137 -0.169107 -0.304836
0.195153 -0.103665 -0.168549 -0.303978
0.1949 -0.103983 -0.168718 -0.302521
0.194264 -0.105049 -0.169058 -0.299526
0.194391 -0.104585 -0.169058 -0.299526
0.19375 -0.105657 -0.169411 -0.296515
0.19375 -0.105657 -0.169411 -0.296515
0.193625 -0.105453 -0.169583 -0.294996
0.192727 -0.106725 -0.17096 -0.291306
0.192727 -0.106725 -0.17096 -0.291306
0.19287 -0.106225 -0.170389 -0.290374
0.192226 -0.107284 -0.171265 -0.288284
0.192226 -0.107284 -0.171265 -0.288284
0.192118 -0.107065 -0.170496 -0.285724
0.19147 -0.108072 -0.171664 -0.283509
0.19147 -0.108072 -0.171336 -0.283495
0.191372 -0.107804 -0.170872 -0.280895
0.190724 -0.108804 -0.171079 -0.277587
0.190724 -0.108804 -0.171077 -0.27759
0.190634 -0.108546 -0.171178 -0.275954
0.190143 -0.109046 -0.171359 -0.272621
0.190143 -0.109046 -0.171359 -0.272621
0.189895 -0.109314 -0.171459 -0.270986
0.189647 -0.109576 -0.171556 -0.26933
0.18874 -0.110855 -0.172738 -0.265433
0.18874 -0.110855 -0.172395 -0.265415
0.188331 -0.111598 -0.173367 -0.264822
0.188636 -0.110715 -0.172064 -0.262946
0.188374 -0.111044 -0.172246 -0.261435
0.187705 -0.112068 -0.17311 -0.25923
0.187847 -0.11162 -0.172581 -0.258212
0.187175 -0.112637 -0.173681 -0.256014
0.18732 -0.112177 -0.172909 -0.254962
0.186646 -0.113189 -0.173993 -0.252758
0.186646 -0.113189 -0.173745 -0.252744
0.186531 -0.113018 -0.173649 -0.250125
0.186002 -0.113587 -0.173721 -0.246884
0.186002 -0.113587 -0.173721 -0.246884
0.184815 -0.11519 -0.174913 -0.241575
0.184815 -0.11519 -0.174488 -0.240669
0.183847 -0.116581 -0.17563 -0.237251
0.183429 -0.117286 -0.176262 -0.23665
0.183458 -0.116797 -0.176053 -0.234108
0.182733 -0.117898 -0.177242 -0.232222
0.182733 -0.117898 -0.177149 -0.232217
0.182521 -0.11799 -0.177156 -0.230129
0.181269 -0.119506 -0.178533 -0.224745
0.181269 -0.119506 -0.178533 -0.224745
0.180523 -0.120616 -0.179685 -0.222904
0.180626 -0.120346 -0.179257 -0.222244
0.1803 -0.120768 -0.179627 -0.220997
0.179545 -0.121856 -0.180761 -0.219121
0.179648 -0.121572 -0.180761 -0.219121
0.17932 -0.121975 -0.180719 -0.217175
0.17856 -0.123046 -0.181829 -0.215272
0.17856 -0.123046 -0.181829 -0.215272
0.178342 -0.123143 -0.181759 -0.21328
0.177678 -0.123902 -0.182414 -0.210618
0.177678 -0.123902 -0.182413 -0.210621
0.177366 -0.124285 -0.182734 -0.209301
0.176715 -0.125043 -0.183352 -0.206623
0.176715 -0.125043 -0.183352 -0.206623
0.176387 -0.125434 -0.18366 -0.205306
0.175631 -0.126489 -0.18468 -0.203352
0.175729 -0.126205 -0.184256 -0.202607
0.175397 -0.126601 -0.184554 -0.20128
0.174614 -0.127658 -0.185552 -0.199324
0.174614 -0.127658 -0.185552 -0.199324
0.173195 -0.129508 -0.186893 -0.194742
0.173359 -0.129057 -0.186394 -0.193586
0.172564 -0.130158 -0.187085 -0.191203
0.17264 -0.12995 -0.187085 -0.191203
0.171357 -0.131699 -0.188544 -0.188267
0.171506 -0.131305 -0.188322 -0.18775
0.171537 -0.131308 -0.188174 -0.187744
0.171162 -0.13177 -0.188549 -0.186622
0.170324 -0.13286 -0.189318 -0.184271
0.170405 -0.132654 -0.189274 -0.184277
0.170036 -0.133093 -0.189631 -0.183105
0.169191 -0.13417 -0.190382 -0.180756
0.16927 -0.133967 -0.190329 -0.180758
0.168902 -0.134414 -0.190679 -0.179613
0.168046 -0.135498 -0.191442 -0.177356
0.168046 -0.135498 -0.191442 -0.177356
0.167214 -0.136576 -0.192218 -0.175166
0.166736 -0.137207 -0.192828 -0.174531
0.166736 -0.137207 -0.192643 -0.174105
0.166552 -0.137193 -0.19303 -0.173458
0.165677 -0.138288 -0.193596 -0.170905
0.165677 -0.138288 -0.193596 -0.170905
0.164925 -0.139081 -0.194348 -0.168824
0.164925 -0.139081 -0.194348 -0.168824
0.164453 -0.139701 -0.194935 -0.168181
0.164087 -0.140067 -0.195121 -0.166823
0.163183 -0.141176 -0.196087 -0.165189
0.163183 -0.141177 -0.196087 -0.16519
0.162745 -0.141668 -0.196476 -0.1642
0.157755 -0.147369 -0.201093 -0.154435
0.156775 -0.148473 -0.202052 -0.152924
0.156262 -0.14906 -0.202533 -0.152172
0.156262 -0.14906 -0.202533 -0.152172
0.15578 -0.149584 -0.203017 -0.151425
0.154758 -0.15072 -0.204018 -0.150015
0.154758 -0.15072 -0.20398 -0.149942
0.154261 -0.151251 -0.204468 -0.149207
0.153749 -0.151807 -0.204952 -0.148476
0.152717 -0.152918 -0.205948 -0.147074
0.152717 -0.152918 -0.205921 -0.147024
0.152197 -0.153473 -0.206405 -0.146301
0.151141 -0.154597 -0.207391 -0.14491
0.151145 -0.154591 -0.207381 -0.144889
0.150613 -0.155154 -0.207874 -0.144199
0.150075 -0.155723 -0.208375 -0.143529
0.148995 -0.156856 -0.209376 -0.142194
0.148984 -0.156876 -0.209399 -0.142235
0.148431 -0.157454 -0.209919 -0.141599
0.147329 -0.158589 -0.210931 -0.140292
0.147309 -0.158622 -0.210982 -0.14037
0.146742 -0.159206 -0.211521 -0.139765
0.146171 -0.15979 -0.212065 -0.13917
0.145619 -0.160349 -0.212593 -0.138569
0.143955 -0.161988 -0.214066 -0.136536
0.143955 -0.161988 -0.214066 -0.136536
0.143955 -0.161988 -0.214066 -0.136536
0.143 -0.162943 -0.215081 -0.135443
0.143 -0.162943 -0.215018 -0.135453
0.142111 -0.16389 -0.215903 -0.134166
0.142111 -0.16389 -0.215903 -0.134166
0.141725 -0.164238 -0.216331 -0.133511
0.140775 -0.165243 -0.217161 -0.132183
0.140775 -0.165243 -0.217161 -0.132183
0.140421 -0.165558 -0.217564 -0.131511
0.139497 -0.166555 -0.218428 -0.130088
0.139496 -0.16655 -0.218348 -0.130153
0.139165 -0.166843 -0.218731 -0.129468
0.138152 -0.167812 -0.219569 -0.128025
0.138258 -0.167831 -0.21959 -0.128057
0.137942 -0.168107 -0.219844 -0.127388
0.137539 -0.168524 -0.220204 -0.126688
0.136529 -0.169481 -0.221013 -0.125219
0.136529 -0.169481 -0.220912 -0.125266
0.135548 -0.170597 -0.221926 -0.123118
0.135548 -0.170593 -0.221939 -0.123143
0.135548 -0.170593 -0.221939 -0.123143
0.134757 -0.171414 -0.222726 -0.121681
0.134757 -0.171414 -0.222726 -0.121681
0.134362 -0.171824 -0.222934 -0.120986
0.133344 -0.172762 -0.22369 -0.119497
0.13357 -0.172641 -0.2237 -0.119512
0.133174 -0.173048 -0.223897 -0.118812
0.133237 -0.173503 -0.223847 -0.119097
0.13045 -0.177905 -0.225576 -0.117213
0.13045 -0.177905 -0.225576 -0.117213
0.13045 -0.177905 -0.225576 -0.117213
0.12447 -0.190949 -0.22796 -0.119166
0.12447 -0.190949 -0.22796 -0.119166
0.124664 -0.195191 -0.228964 -0.119243
0.122872 -0.197836 -0.228964 -0.119243
0.121574 -0.201253 -0.229738 -0.120784
0.120464 -0.197064 -0.230724 -0.120448
0.118009 -0.196383 -0.230726 -0.120617
0.120513 -0.190096 -0.231296 -0.122149
0.120181 -0.187684 -0.23181 -0.122668
0.121023 -0.183636 -0.232816 -0.123574
0.121023 -0.183636 -0.232816 -0.123574
0.119288 -0.181045 -0.233312 -0.124458
0.118553 -0.179263 -0.234121 -0.124534
0.120131 -0.177255 -0.23426 -0.125551
0.118537 -0.174789 -0.234718 -0.126541
0.118319 -0.172773 -0.235156 -0.127286
0.117767 -0.17105 -0.235838 -0.127585
0.1165 -0.170604 -0.235839 -0.12785
0.117755 -0.166928 -0.236365 -0.129658
0.117331 -0.165242 -0.236939 -0.130112
0.117331 -0.165242 -0.236939 -0.130112
0.117331 -0.16135 -0.23739 -0.132206
0.117217 -0.159578 -0.237686 -0.13309
0.118109 -0.156512 -0.238814 -0.134494
0.118109 -0.156512 -0.238814 -0.134494
0.11697 -0.15439 -0.238435 -0.135852
0.116814 -0.152793 -0.238726 -0.136641
0.116814 -0.152793 -0.238726 -0.136641
0.116837 -0.146333 -0.239178 -0.140793
0.116837 -0.146333 -0.239178 -0.140793
0.116837 -0.146333 -0.239178 -0.140793
0.117793 -0.143688 -0.238644 -0.141987
0.117793 -0.143688 -0.238644 -0.141987
0.11698 -0.141816 -0.239305 -0.14397
0.117077 -0.140356 -0.239289 -0.141207
0.116451 -0.13862 -0.238038 -0.137897
0.117307 -0.137608 -0.238038 -0.137897
0.117439 -0.136308 -0.239154 -0.136179
0.117581 -0.13505 -0.239076 -0.134893
0.118479 -0.132957 -0.239751 -0.13338
0.118479 -0.132957 -0.238882 -0.132461
0.117843 -0.132729 -0.238933 -0.132378
0.118917 -0.129666 -0.238703 -0.130164
0.118917 -0.129666 -0.238703 -0.130164
0.118789 -0.127454 -0.238236 -0.127276
0.118789 -0.127454 -0.238236 -0.127276
0.11953 -0.125978 -0.237447 -0.125799
0.119109 -0.125756 -0.237447 -0.125799
0.119256 -0.125018 -0.23791 -0.1249
0.119368 -0.124161 -0.237043 -0.124004
0.119368 -0.124161 -0.237043 -0.124004
0.119352 -0.124331 -0.237653 -0.123157
0.11964 -0.123889 -0.237289 -0.122976
0.11964 -0.123889 -0.237289 -0.122976
0.11964 -0.123889 -0.237289 -0.122976
0.119618 -0.122724 -0.237216 -0.122666
0.119618 -0.122724 -0.237216 -0.122666
0.120048 -0.121828 -0.237032 -0.121951
0.120048 -0.121828 -0.23703 -0.121998
0.119997 -0.121748 -0.237153 -0.121143
0.120351 -0.121226 -0.236828 -0.121443
0.12027 -0.121183 -0.236828 -0.121443
0.120365 -0.121241 -0.236878 -0.120811
0.120498 -0.121104 -0.236772 -0.120724
