1.06865e-17 0 2.84914e-16 2.51748e-16 0 3.21768e-16 0 2.13274e-16 0
0.00154457 0 -0.000373412 1.54457e-05 0 -3.73412e-06 0 8.0913e-06 0
0.00308915 0 -0.000746824 3.08915e-05 0 -7.46824e-06 0 1.61826e-05 0
0.00463372 0 -0.00112024 4.63372e-05 0 -1.12024e-05 0 2.42739e-05 0
0.00617829 0 -0.00149365 6.17829e-05 0 -1.49365e-05 0 3.23652e-05 0
0.00772287 0 -0.00186706 7.72287e-05 0 -1.86706e-05 0 4.04565e-05 0
0.00926744 0 -0.00224047 9.26744e-05 0 -2.24047e-05 0 4.85478e-05 0
0.010812 0 -0.00261389 0.00010812 0 -2.61389e-05 0 5.66391e-05 0
0.0123566 0 -0.0029873 0.000123566 0 -2.9873e-05 0 6.47304e-05 0
0.0139012 0 -0.00336071 0.000139012 0 -3.36071e-05 0 7.28217e-05 0
0.0154457 0 -0.00373412 0.000154457 0 -3.73412e-05 0 8.0913e-05 0
0.0167753 0 -0.00408464 0.00018203 0 -4.42981e-05 0 9.33274e-05 0
0.0180873 0 -0.00443327 0.000210596 0 -5.15186e-05 0 0.000106096 0
0.0193992 0 -0.00478191 0.000239161 0 -5.87391e-05 0 0.000118864 0
0.0207112 0 -0.00513055 0.000267726 0 -6.59596e-05 0 0.000131632 0
0.0220231 0 -0.00547919 0.000296292 0 -7.31801e-05 0 0.0001444 0
0.0233351 0 -0.00582783 0.000324857 0 -8.04006e-05 0 0.000157168 0
0.0246471 0 -0.00617647 0.000353423 0 -8.76212e-05 0 0.000169936 0
0.025959 0 -0.00652511 0.000381988 0 -9.48417e-05 0 0.000182705 0
0.027271 0 -0.00687375 0.000410553 0 -0.000102062 0 0.000195473 0
0.0285829 0 -0.00722239 0.000439119 0 -0.000109283 0 0.000208241 0
0.0297116 0 -0.00754999 0.000476986 0 -0.000119252 0 0.0002223 0
0.0308076 0 -0.00787383 0.000516511 0 -0.000129711 0 0.000236589 0
0.0319035 0 -0.00819768 0.000556036 0 -0.00014017 0 0.000250878 0
0.0329995 0 -0.00852152 0.000595561 0 -0.000150629 0 0.000265167 0
0.0340955 0 -0.00884537 0.000635086 0 -0.000161088 0 0.000279456 0
0.0351915 0 -0.00916921 0.000674611 0 -0.000171547 0 0.000293745 0
0.0362874 0 -0.00949306 0.000714137 0 -0.000182006 0 0.000308034 0
0.0373834 0 -0.0098169 0.000753662 0 -0.000192465 0 0.000322323 0
0.0384794 0 -0.0101407 0.000793187 0 -0.000202924 0 0.000336612 0
0.0395754 0 -0.0104646 0.000832712 0 -0.000213383 0 0.000350901 0
0.0405163 0 -0.0107686 0.00087916 0 -0.000226147 0 0.00036408 0
0.0414118 0 -0.0110667 0.000927639 0 -0.000239587 0 0.000376933 0
0.0423072 0 -0.0113649 0.000976119 0 -0.000253027 0 0.000389786 0
0.0432027 0 -0.011663 0.0010246 0 -0.000266468 0 0.000402639 0
0.0440981 0 -0.0119611 0.00107308 0 -0.000279908 0 0.000415492 0
0.0449936 0 -0.0122593 0.00112156 0 -0.000293349 0 0.000428345 0
0.045889 0 -0.0125574 0.00117004 0 -0.000306789 0 0.000441197 0
0.0467845 0 -0.0128556 0.00121852 0 -0.000320229 0 0.00045405 0
0.0476799 0 -0.0131537 0.001267 0 -0.00033367 0 0.000466903 0
0.0485754 0 -0.0134519 0.00131548 0 -0.00034711 0 0.000479756 0
0.049341 0 -0.013731 0.0013689 0 -0.00036244 0 0.000489647 0
0.0500502 0 -0.0140018 0.00142448 0 -0.000378589 0 0.000498252 0
0.0507595 0 -0.0142727 0.00148005 0 -0.000394738 0 0.000506858 0
0.0514688 0 -0.0145435 0.00153562 0 -0.000410887 0 0.000515464 0
0.0521781 0 -0.0148144 0.00159119 0 -0.000427036 0 0.000524069 0
0.0528874 0 -0.0150852 0.00164677 0 -0.000443184 0 0.000532675 0
0.0535967 0 -0.0153561 0.00170234 0 -0.000459333 0 0.00054128 0
0.054306 0 -0.0156269 0.00175791 0 -0.000475482 0 0.000549886 0
0.0550152 0 -0.0158978 0.00181348 0 -0.000491631 0 0.000558492 0
0.0557245 0 -0.0161687 0.00186906 0 -0.00050778 0 0.000567097 0
0.0563264 0 -0.0164212 0.00192796 0 -0.000525431 0 0.000571375 0
0.0568629 0 -0.0166627 0.0019889 0 -0.000543994 0 0.000573021 0
0.0573994 0 -0.0169042 0.00204984 0 -0.000562558 0 0.000574667 0
0.0579359 0 -0.0171456 0.00211078 0 -0.000581121 0 0.000576312 0
0.0584724 0 -0.0173871 0.00217171 0 -0.000599685 0 0.000577958 0
0.0590088 0 -0.0176285 0.00223265 0 -0.000618248 0 0.000579604 0
0.0595453 0 -0.01787 0.00229359 0 -0.000636812 0 0.00058125 0
0.0600818 0 -0.0181115 0.00235453 0 -0.000655376 0 0.000582895 0
0.0606183 0 -0.0183529 0.00241546 0 -0.000673939 0 0.000584541 0
0.0611548 0 -0.0185944 0.0024764 0 -0.000692503 0 0.000586187 0
0.0616037 0 -0.0188184 0.00253939 0 -0.000712211 0 0.00058258 0
0.0619799 0 -0.019028 0.00260409 0 -0.000732871 0 0.00057461 0
0.062356 0 -0.0192376 0.00266879 0 -0.00075353 0 0.00056664 0
0.0627322 0 -0.0194472 0.00273349 0 -0.000774189 0 0.00055867 0
0.0631084 0 -0.0196568 0.00279819 0 -0.000794849 0 0.0005507 0
0.0634845 0 -0.0198664 0.00286289 0 -0.000815508 0 0.00054273 0
0.0638607 0 -0.020076 0.00292759 0 -0.000836168 0 0.00053476 0
0.0642368 0 -0.0202856 0.00299228 0 -0.000856827 0 0.00052679 0
0.064613 0 -0.0204952 0.00305698 0 -0.000877487 0 0.00051882 0
0.0649891 0 -0.0207048 0.00312168 0 -0.000898146 0 0.00051085 0
0.0652953 0 -0.0208981 0.00318745 0 -0.000919629 0 0.000497115 0
0.0655227 0 -0.0210731 0.00325442 0 -0.000942039 0 0.000476893 0
0.0657501 0 -0.0212481 0.0033214 0 -0.000964448 0 0.000456672 0
0.0659775 0 -0.0214231 0.00338837 0 -0.000986858 0 0.00043645 0
0.0662049 0 -0.0215981 0.00345534 0 -0.00100927 0 0.000416228 0
0.0664323 0 -0.021773 0.00352232 0 -0.00103168 0 0.000396007 0
0.0666597 0 -0.021948 0.00358929 0 -0.00105409 0 0.000375785 0
0.0668871 0 -0.022123 0.00365626 0 -0.0010765 0 0.000355564 0
0.0671145 0 -0.022298 0.00372324 0 -0.0010989 0 0.000335342 0
0.0673419 0 -0.022473 0.00379021 0 -0.00112131 0 0.00031512 0
0.0675149 0 -0.0226332 0.00385754 0 -0.00114427 0 0.000289014 0
0.0676043 0 -0.0227707 0.0039254 0 -0.00116805 0 0.000253893 0
0.0676938 0 -0.0229082 0.00399327 0 -0.00119184 0 0.000218771 0
0.0677833 0 -0.0230457 0.00406114 0 -0.00121562 0 0.00018365 0
0.0678728 0 -0.0231832 0.00412901 0 -0.0012394 0 0.000148528 0
0.0679622 0 -0.0233206 0.00419687 0 -0.00126319 0 0.000113407 0
0.0680517 0 -0.0234581 0.00426474 0 -0.00128697 0 7.82856e-05 0
0.0681412 0 -0.0235956 0.00433261 0 -0.00131076 0 4.31642e-05 0
0.0682307 0 -0.0237331 0.00440048 0 -0.00133454 0 8.04278e-06 0
0.0683201 0 -0.0238706 0.00446835 0 -0.00135833 0 -2.70786e-05 0
0.0683688 0 -0.0239952 0.00453609 0 -0.00138242 0 -6.78164e-05 0
0.0683304 0 -0.0240922 0.00460357 0 -0.00140717 0 -0.000120526 0
0.068292 0 -0.0241892 0.00467106 0 -0.00143193 0 -0.000173236 0
0.0682536 0 -0.0242862 0.00473854 0 -0.00145668 0 -0.000225945 0
0.0682152 0 -0.0243832 0.00480603 0 -0.00148144 0 -0.000278655 0
0.0681769 0 -0.0244802 0.00487351 0 -0.00150619 0 -0.000331364 0
0.0681385 0 -0.0245772 0.00494099 0 -0.00153095 0 -0.000384074 0
0.0681001 0 -0.0246742 0.00500848 0 -0.0015557 0 -0.000436783 0
0.0680617 0 -0.0247712 0.00507596 0 -0.00158045 0 -0.000489493 0
0.0680233 0 -0.0248682 0.00514345 0 -0.00160521 0 -0.000542203 0
0.0679561 0 -0.0249546 0.00521055 0 -0.00163009 0 -0.000599869 0
0.0677992 0 -0.0250081 0.00527646 0 -0.00165538 0 -0.00067292 0
0.0676424 0 -0.0250616 0.00534238 0 -0.00168067 0 -0.000745971 0
0.0674855 0 -0.0251151 0.00540829 0 -0.00170596 0 -0.000819022 0
0.0673287 0 -0.0251687 0.00547421 0 -0.00173125 0 -0.000892073 0
0.0671718 0 -0.0252222 0.00554012 0 -0.00175654 0 -0.000965124 0
0.067015 0 -0.0252757 0.00560604 0 -0.00178183 0 -0.00103817 0
0.0668582 0 -0.0253292 0.00567196 0 -0.00180712 0 -0.00111123 0
0.0667013 0 -0.0253827 0.00573787 0 -0.00183241 0 -0.00118428 0
0.0665445 0 -0.0254362 0.00580379 0 -0.0018577 0 -0.00125733 0
0.0663692 0 -0.0254819 0.00586925 0 -0.001883 0 -0.00133427 0
0.0661026 0 -0.0254889 0.0059325 0 -0.00190836 0 -0.0014305 0
0.0658361 0 -0.0254959 0.00599575 0 -0.00193372 0 -0.00152674 0
0.0655695 0 -0.0255029 0.006059 0 -0.00195908 0 -0.00162297 0
0.065303 0 -0.0255099 0.00612225 0 -0.00198444 0 -0.0017192 0
0.0650364 0 -0.025517 0.0061855 0 -0.0020098 0 -0.00181543 0
0.0647698 0 -0.025524 0.00624875 0 -0.00203516 0 -0.00191166 0
0.0645033 0 -0.025531 0.006312 0 -0.00206052 0 -0.00200789 0
0.0642367 0 -0.025538 0.00637525 0 -0.00208588 0 -0.00210412 0
0.0639702 0 -0.025545 0.0064385 0 -0.00211124 0 -0.00220035 0
0.0636942 0 -0.0255475 0.00650141 0 -0.00213656 0 -0.002299 0
0.0633261 0 -0.0255051 0.00656098 0 -0.00216149 0 -0.00242135 0
0.062958 0 -0.0254627 0.00662055 0 -0.00218643 0 -0.00254371 0
0.0625899 0 -0.0254203 0.00668012 0 -0.00221136 0 -0.00266606 0
0.0622218 0 -0.0253779 0.00673969 0 -0.0022363 0 -0.00278842 0
0.0618537 0 -0.0253355 0.00679926 0 -0.00226123 0 -0.00291077 0
0.0614855 0 -0.0252931 0.00685883 0 -0.00228617 0 -0.00303313 0
0.0611174 0 -0.0252507 0.00691839 0 -0.00231111 0 -0.00315548 0
0.0607493 0 -0.0252083 0.00697796 0 -0.00233604 0 -0.00327784 0
0.0603812 0 -0.0251659 0.00703753 0 -0.00236098 0 -0.00340019 0
0.0600115 0 -0.0251226 0.00709702 0 -0.0023859 0 -0.00352304 0
0.0595494 0 -0.0250279 0.00715197 0 -0.00240989 0 -0.00367458 0
0.0590873 0 -0.0249333 0.00720692 0 -0.00243387 0 -0.00382612 0
0.0586252 0 -0.0248386 0.00726187 0 -0.00245786 0 -0.00397766 0
0.0581631 0 -0.0247439 0.00731681 0 -0.00248185 0 -0.0041292 0
0.057701 0 -0.0246493 0.00737176 0 -0.00250584 0 -0.00428074 0
0.0572388 0 -0.0245546 0.00742671 0 -0.00252983 0 -0.00443229 0
0.0567767 0 -0.02446 0.00748166 0 -0.00255382 0 -0.00458383 0
0.0563146 0 -0.0243653 0.0075366 0 -0.00257781 0 -0.00473537 0
0.0558525 0 -0.0242706 0.00759155 0 -0.0026018 0 -0.00488691 0
0.0553904 0 -0.024176 0.0076465 0 -0.00262579 0 -0.00503845 0
0.0548465 0 -0.0240296 0.00769628 0 -0.00264837 0 -0.00522048 0
0.0542974 0 -0.0238799 0.00774574 0 -0.00267086 0 -0.0054044 0
0.0537483 0 -0.0237302 0.00779519 0 -0.00269335 0 -0.00558833 0
0.0531992 0 -0.0235806 0.00784465 0 -0.00271584 0 -0.00577226 0
0.0526501 0 -0.0234309 0.00789411 0 -0.00273834 0 -0.00595618 0
0.0521011 0 -0.0232812 0.00794356 0 -0.00276083 0 -0.00614011 0
0.051552 0 -0.0231316 0.00799302 0 -0.00278332 0 -0.00632404 0
0.0510029 0 -0.0229819 0.00804248 0 -0.00280581 0 -0.00650797 0
0.0504538 0 -0.0228323 0.00809193 0 -0.00282831 0 -0.00669189 0
0.0499047 0 -0.0226826 0.00814139 0 -0.0028508 0 -0.00687582 0
0.049286 0 -0.0224831 0.0081854 0 -0.0028715 0 -0.00709068 0
0.0486564 0 -0.0222758 0.00822856 0 -0.00289192 0 -0.00731034 0
0.0480268 0 -0.0220685 0.00827172 0 -0.00291234 0 -0.00753 0
0.0473973 0 -0.0218612 0.00831488 0 -0.00293275 0 -0.00774965 0
0.0467677 0 -0.0216539 0.00835804 0 -0.00295317 0 -0.00796931 0
0.0461381 0 -0.0214467 0.0084012 0 -0.00297359 0 -0.00818897 0
0.0455086 0 -0.0212394 0.00844437 0 -0.00299401 0 -0.00840863 0
0.044879 0 -0.0210321 0.00848753 0 -0.00301443 0 -0.00862829 0
0.0442494 0 -0.0208248 0.00853069 0 -0.00303485 0 -0.00884795 0
0.0436199 0 -0.0206175 0.00857385 0 -0.00305527 0 -0.00906761 0
0.0429314 0 -0.0203627 0.00861145 0 -0.00307358 0 -0.00931827 0
0.0422274 0 -0.0200953 0.00864757 0 -0.00309132 0 -0.00957716 0
0.0415233 0 -0.0198279 0.00868369 0 -0.00310907 0 -0.00983606 0
0.0408192 0 -0.0195605 0.00871981 0 -0.00312682 0 -0.010095 0
0.0401151 0 -0.0192931 0.00875593 0 -0.00314456 0 -0.0103539 0
0.039411 0 -0.0190257 0.00879205 0 -0.00316231 0 -0.0106128 0
0.0387069 0 -0.0187582 0.00882817 0 -0.00318005 0 -0.0108716 0
0.0380028 0 -0.0184908 0.00886429 0 -0.0031978 0 -0.0111305 0
0.0372987 0 -0.0182234 0.00890041 0 -0.00321554 0 -0.0113894 0
0.0365946 0 -0.017956 0.00893653 0 -0.00323329 0 -0.0116483 0
0.0358412 0 -0.0176439 0.00896713 0 -0.00324868 0 -0.0119379 0
0.0350681 0 -0.017314 0.00899552 0 -0.00326312 0 -0.0122397 0
0.0342949 0 -0.016984 0.00902391 0 -0.00327757 0 -0.0125415 0
0.0335217 0 -0.0166541 0.00905229 0 -0.00329201 0 -0.0128433 0
0.0327486 0 -0.0163241 0.00908068 0 -0.00330646 0 -0.0131451 0
0.0319754 0 -0.0159942 0.00910907 0 -0.00332091 0 -0.013447 0
0.0312023 0 -0.0156642 0.00913746 0 -0.00333535 0 -0.0137488 0
0.0304291 0 -0.0153343 0.00916585 0 -0.0033498 0 -0.0140506 0
0.029656 0 -0.0150043 0.00919424 0 -0.00336424 0 -0.0143524 0
0.0288828 0 -0.0146744 0.00922263 0 -0.00337869 0 -0.0146542 0
0.0280687 0 -0.014303 0.00924567 0 -0.00339061 0 -0.0149859 0
0.0272314 0 -0.0139082 0.00926568 0 -0.00340111 0 -0.0153345 0
0.0263942 0 -0.0135134 0.0092857 0 -0.00341161 0 -0.0156831 0
0.0255569 0 -0.0131186 0.00930572 0 -0.00342211 0 -0.0160317 0
0.0247196 0 -0.0127238 0.00932573 0 -0.00343261 0 -0.0163803 0
0.0238824 0 -0.0123291 0.00934575 0 -0.0034431 0 -0.0167289 0
0.0230451 0 -0.0119343 0.00936577 0 -0.0034536 0 -0.0170774 0
0.0222078 0 -0.0115395 0.00938578 0 -0.0034641 0 -0.017426 0
0.0213706 0 -0.0111447 0.0094058 0 -0.0034746 0 -0.0177746 0
0.0205333 0 -0.0107499 0.00942581 0 -0.0034851 0 -0.0181232 0
0.0196625 0 -0.0103173 0.00944078 0 -0.00349299 0 -0.0185004 0
0.0187655 0 -0.00985548 0.00945183 0 -0.00349887 0 -0.0188999 0
0.0178686 0 -0.00939361 0.00946287 0 -0.00350475 0 -0.0192993 0
0.0169717 0 -0.00893175 0.00947392 0 -0.00351063 0 -0.0196987 0
0.0160748 0 -0.00846989 0.00948497 0 -0.00351651 0 -0.0200981 0
0.0151778 0 -0.00800803 0.00949601 0 -0.00352239 0 -0.0204976 0
0.0142809 0 -0.00754617 0.00950706 0 -0.00352827 0 -0.020897 0
0.013384 0 -0.00708431 0.00951811 0 -0.00353415 0 -0.0212964 0
0.0124871 0 -0.00662244 0.00952915 0 -0.00354003 0 -0.0216958 0
0.0115902 0 -0.00616058 0.0095402 0 -0.00354591 0 -0.0220953 0
0.0106661 0 -0.00566497 0.0095466 0 -0.0035492 0 -0.0225215 0
0.00971349 0 -0.00513385 0.00954813 0 -0.00354977 0 -0.0229761 0
0.00876088 0 -0.00460274 0.00954965 0 -0.00355033 0 -0.0234306 0
0.00780826 0 -0.00407162 0.00955117 0 -0.0035509 0 -0.0238851 0
0.00685565 0 -0.00354051 0.00955269 0 -0.00355147 0 -0.0243396 0
0.00590304 0 -0.00300939 0.00955421 0 -0.00355204 0 -0.0247942 0
0.00495043 0 -0.00247827 0.00955573 0 -0.00355261 0 -0.0252487 0
0.00399782 0 -0.00194716 0.00955725 0 -0.00355318 0 -0.0257032 0
0.00304521 0 -0.00141604 0.00955877 0 -0.00355374 0 -0.0261577 0
0.0020926 0 -0.000884929 0.00956029 0 -0.00355431 0 -0.0266123 0
0.00111848 0 -0.000324406 0.00955767 0 -0.0035524 0 -0.0270913 0
0.000113654 0 0.000278126 0.00954915 0 -0.00354694 0 -0.0276054 0
-0.000891176 0 0.000880659 0.00954062 0 -0.00354149 0 -0.0281195 0
-0.00189601 0 0.00148319 0.00953209 0 -0.00353603 0 -0.0286337 0
-0.00290083 0 0.00208572 0.00952356 0 -0.00353057 0 -0.0291478 0
-0.00390566 0 0.00268826 0.00951504 0 -0.00352511 0 -0.0296619 0
-0.00491049 0 0.00329079 0.00950651 0 -0.00351966 0 -0.030176 0
-0.00591532 0 0.00389332 0.00949798 0 -0.0035142 0 -0.0306901 0
-0.00692015 0 0.00449585 0.00948945 0 -0.00350874 0 -0.0312042 0
-0.00792498 0 0.00509839 0.00948093 0 -0.00350329 0 -0.0317183 0
-0.00894636 0 0.00572566 0.00946886 0 -0.00349556 0 -0.0322541 0
-0.0100004 0 0.00640179 0.00944979 0 -0.00348334 0 -0.0328325 0
-0.0110545 0 0.00707792 0.00943072 0 -0.00347112 0 -0.0334109 0
-0.0121086 0 0.00775404 0.00941165 0 -0.0034589 0 -0.0339894 0
-0.0131626 0 0.00843017 0.00939258 0 -0.00344668 0 -0.0345678 0
-0.0142167 0 0.0091063 0.00937352 0 -0.00343446 0 -0.0351462 0
-0.0152708 0 0.00978243 0.00935445 0 -0.00342225 0 -0.0357247 0
-0.0163248 0 0.0104586 0.00933538 0 -0.00341003 0 -0.0363031 0
-0.0173789 0 0.0111347 0.00931631 0 -0.00339781 0 -0.0368815 0
-0.0184329 0 0.0118108 0.00929724 0 -0.00338559 0 -0.03746 0
-0.0194992 0 0.0125067 0.00927531 0 -0.00337141 0 -0.0380565 0
-0.0206 0 0.0132587 0.00924523 0 -0.00335167 0 -0.0387042 0
-0.0217008 0 0.0140106 0.00921515 0 -0.00333194 0 -0.039352 0
-0.0228016 0 0.0147626 0.00918508 0 -0.0033122 0 -0.0399997 0
-0.0239024 0 0.0155146 0.009155 0 -0.00329246 0 -0.0406474 0
-0.0250032 0 0.0162665 0.00912493 0 -0.00327272 0 -0.0412952 0
-0.026104 0 0.0170185 0.00909485 0 -0.00325298 0 -0.0419429 0
-0.0272048 0 0.0177704 0.00906477 0 -0.00323325 0 -0.0425907 0
-0.0283056 0 0.0185224 0.0090347 0 -0.00321351 0 -0.0432384 0
-0.0294064 0 0.0192744 0.00900462 0 -0.00319377 0 -0.0438861 0
-0.0305155 0 0.0200408 0.00897243 0 -0.0031725 0 -0.0445477 0
-0.031661 0 0.0208709 0.00893089 0 -0.00314446 0 -0.04527 0
-0.0328066 0 0.021701 0.00888936 0 -0.00311642 0 -0.0459923 0
-0.0339521 0 0.0225311 0.00884783 0 -0.00308838 0 -0.0467146 0
-0.0350976 0 0.0233613 0.0088063 0 -0.00306034 0 -0.0474369 0
-0.0362431 0 0.0241914 0.00876477 0 -0.0030323 0 -0.0481593 0
-0.0373887 0 0.0250215 0.00872324 0 -0.00300426 0 -0.0488816 0
-0.0385342 0 0.0258516 0.00868171 0 -0.00297622 0 -0.0496039 0
-0.0396797 0 0.0266818 0.00864017 0 -0.00294818 0 -0.0503262 0
-0.0408253 0 0.0275119 0.00859864 0 -0.00292014 0 -0.0510485 0
-0.0419755 0 0.0283508 0.00855581 0 -0.00289111 0 -0.0517796 0
-0.0431642 0 0.0292616 0.00850239 0 -0.00285396 0 -0.0525821 0
-0.044353 0 0.0301723 0.00844897 0 -0.00281682 0 -0.0533845 0
-0.0455417 0 0.0310831 0.00839556 0 -0.00277967 0 -0.054187 0
-0.0467304 0 0.0319939 0.00834214 0 -0.00274252 0 -0.0549895 0
-0.0479191 0 0.0329046 0.00828872 0 -0.00270538 0 -0.0557919 0
-0.0491078 0 0.0338154 0.0082353 0 -0.00266823 0 -0.0565944 0
-0.0502966 0 0.0347261 0.00818188 0 -0.00263108 0 -0.0573968 0
-0.0514853 0 0.0356369 0.00812846 0 -0.00259393 0 -0.0581993 0
-0.052674 0 0.0365477 0.00807504 0 -0.00255679 0 -0.0590018 0
-0.0538641 0 0.0374612 0.00802121 0 -0.00251931 0 -0.0598071 0
-0.055095 0 0.0384553 0.00795548 0 -0.00247222 0 -0.0606956 0
-0.0563258 0 0.0394493 0.00788976 0 -0.00242513 0 -0.0615841 0
-0.0575567 0 0.0404434 0.00782403 0 -0.00237805 0 -0.0624727 0
-0.0587875 0 0.0414374 0.0077583 0 -0.00233096 0 -0.0633612 0
-0.0600184 0 0.0424315 0.00769257 0 -0.00228387 0 -0.0642497 0
-0.0612492 0 0.0434255 0.00762685 0 -0.00223678 0 -0.0651382 0
-0.0624801 0 0.0444196 0.00756112 0 -0.0021897 0 -0.0660267 0
-0.0637109 0 0.0454136 0.00749539 0 -0.00214261 0 -0.0669152 0
-0.0649418 0 0.0464077 0.00742967 0 -0.00209552 0 -0.0678037 0
-0.0661726 0 0.0474017 0.00736394 0 -0.00204843 0 -0.0686922 0
-0.0674433 0 0.0484783 0.00728602 0 -0.001991 0 -0.0696692 0
-0.0687157 0 0.0495585 0.00720757 0 -0.00193311 0 -0.07065 0
-0.069988 0 0.0506388 0.00712912 0 -0.00187522 0 -0.0716308 0
-0.0712604 0 0.051719 0.00705067 0 -0.00181733 0 -0.0726116 0
-0.0725328 0 0.0527992 0.00697222 0 -0.00175944 0 -0.0735924 0
-0.0738052 0 0.0538794 0.00689377 0 -0.00170155 0 -0.0745732 0
-0.0750776 0 0.0549596 0.00681532 0 -0.00164366 0 -0.075554 0
-0.0763499 0 0.0560399 0.00673686 0 -0.00158577 0 -0.0765348 0
-0.0776223 0 0.0571201 0.00665841 0 -0.00152788 0 -0.0775157 0
-0.0788947 0 0.0582003 0.00657996 0 -0.00146999 0 -0.0784965 0
-0.0802036 0 0.0593593 0.00648992 0 -0.00140178 0 -0.0795646 0
-0.0815174 0 0.0605289 0.00639833 0 -0.0013322 0 -0.0806443 0
-0.0828312 0 0.0616984 0.00630674 0 -0.00126261 0 -0.0817241 0
-0.084145 0 0.062868 0.00621515 0 -0.00119303 0 -0.0828039 0
-0.0854587 0 0.0640375 0.00612356 0 -0.00112344 0 -0.0838836 0
-0.0867725 0 0.065207 0.00603197 0 -0.00105386 0 -0.0849634 0
-0.0880863 0 0.0663766 0.00594039 0 -0.000984273 0 -0.0860431 0
-0.0894001 0 0.0675461 0.0058488 0 -0.000914688 0 -0.0871229 0
-0.0907139 0 0.0687157 0.00575721 0 -0.000845103 0 -0.0882027 0
-0.0920277 0 0.0698852 0.00566562 0 -0.000775518 0 -0.0892824 0
-0.0933751 0 0.0711296 0.00556309 0 -0.000695749 0 -0.0904477 0
-0.0947306 0 0.0723919 0.00545795 0 -0.000613541 0 -0.0916335 0
-0.0960861 0 0.0736542 0.00535281 0 -0.000531333 0 -0.0928192 0
-0.0974416 0 0.0749165 0.00524766 0 -0.000449125 0 -0.094005 0
-0.0987971 0 0.0761788 0.00514252 0 -0.000366917 0 -0.0951908 0
-0.100153 0 0.0774411 0.00503737 0 -0.000284709 0 -0.0963766 0
-0.101508 0 0.0787035 0.00493223 0 -0.000202501 0 -0.0975623 0
-0.102864 0 0.0799658 0.00482709 0 -0.000120293 0 -0.0987481 0
-0.104219 0 0.0812281 0.00472194 0 -3.80846e-05 0 -0.0999339 0
-0.105575 0 0.0824904 0.0046168 0 4.41235e-05 0 -0.10112 0
-0.106961 0 0.0838233 0.00450143 0 0.000136266 0 -0.102388 0
-0.108359 0 0.0851822 0.00438231 0 0.000232063 0 -0.103688 0
-0.109757 0 0.086541 0.00426319 0 0.00032786 0 -0.104987 0
-0.111155 0 0.0878999 0.00414406 0 0.000423657 0 -0.106286 0
-0.112553 0 0.0892588 0.00402494 0 0.000519453 0 -0.107586 0
-0.113951 0 0.0906177 0.00390581 0 0.00061525 0 -0.108885 0
-0.115349 0 0.0919765 0.00378669 0 0.000711047 0 -0.110184 0
-0.116747 0 0.0933354 0.00366756 0 0.000806844 0 -0.111484 0
-0.118145 0 0.0946943 0.00354844 0 0.000902641 0 -0.112783 0
-0.119544 0 0.0960531 0.00342932 0 0.000998438 0 -0.114082 0
-0.12097 0 0.097478 0.00330074 0 0.0011038 0 -0.115461 0
-0.122412 0 0.0989376 0.0031672 0 0.00121419 0 -0.116882 0
-0.123854 0 0.100397 0.00303366 0 0.00132459 0 -0.118303 0
-0.125296 0 0.101857 0.00290011 0 0.00143498 0 -0.119724 0
-0.126738 0 0.103316 0.00276657 0 0.00154537 0 -0.121144 0
-0.128179 0 0.104776 0.00263303 0 0.00165576 0 -0.122565 0
-0.129621 0 0.106235 0.00249949 0 0.00176616 0 -0.123986 0
-0.131063 0 0.107695 0.00236594 0 0.00187655 0 -0.125407 0
-0.132505 0 0.109155 0.0022324 0 0.00198694 0 -0.126828 0
-0.133947 0 0.110614 0.00209886 0 0.00209733 0 -0.128249 0
-0.135415 0 0.112135 0.00195669 0 0.0022168 0 -0.129745 0
-0.136902 0 0.1137 0.00180827 0 0.00234284 0 -0.131296 0
-0.13839 0 0.115264 0.00165986 0 0.00246888 0 -0.132847 0
-0.139877 0 0.116829 0.00151144 0 0.00259492 0 -0.134398 0
-0.141365 0 0.118394 0.00136303 0 0.00272096 0 -0.135948 0
-0.142852 0 0.119959 0.00121461 0 0.002847 0 -0.137499 0
-0.144339 0 0.121523 0.00106619 0 0.00297304 0 -0.13905 0
-0.145827 0 0.123088 0.000917776 0 0.00309908 0 -0.140601 0
-0.147314 0 0.124653 0.000769359 0 0.00322512 0 -0.142152 0
-0.148802 0 0.126218 0.000620943 0 0.00335116 0 -0.143703 0
-0.150313 0 0.127838 0.000464785 0 0.00348565 0 -0.145324 0
-0.151848 0 0.129513 0.000301015 0 0.00362844 0 -0.147014 0
-0.153384 0 0.131188 0.000137246 0 0.00377123 0 -0.148704 0
-0.154919 0 0.132863 -2.65241e-05 0 0.00391402 0 -0.150394 0
-0.156454 0 0.134537 -0.000190294 0 0.0040568 0 -0.152084 0
-0.15799 0 0.136212 -0.000354064 0 0.00419959 0 -0.153774 0
-0.159525 0 0.137887 -0.000517833 0 0.00434238 0 -0.155464 0
-0.16106 0 0.139562 -0.000681603 0 0.00448517 0 -0.157154 0
-0.162596 0 0.141237 -0.000845373 0 0.00462796 0 -0.158844 0
-0.164131 0 0.142912 -0.00100914 0 0.00477075 0 -0.160534 0
-0.165688 0 0.144636 -0.00117971 0 0.00492121 0 -0.162288 0
-0.167274 0 0.146426 -0.00135934 0 0.0050819 0 -0.164127 0
-0.168861 0 0.148216 -0.00153897 0 0.00524259 0 -0.165966 0
-0.170447 0 0.150006 -0.00171861 0 0.00540328 0 -0.167804 0
-0.172033 0 0.151796 -0.00189824 0 0.00556397 0 -0.169643 0
-0.173619 0 0.153586 -0.00207787 0 0.00572466 0 -0.171482 0
-0.175205 0 0.155376 -0.0022575 0 0.00588534 0 -0.173321 0
-0.176792 0 0.157166 -0.00243713 0 0.00604603 0 -0.17516 0
-0.178378 0 0.158956 -0.00261677 0 0.00620672 0 -0.176999 0
-0.179964 0 0.160746 -0.0027964 0 0.00636741 0 -0.178837 0
-0.18157 0 0.162579 -0.00298182 0 0.00653485 0 -0.180732 0
-0.18321 0 0.16449 -0.00317786 0 0.00671464 0 -0.18273 0
-0.184851 0 0.1664 -0.0033739 0 0.00689444 0 -0.184728 0
-0.186492 0 0.168311 -0.00356994 0 0.00707423 0 -0.186726 0
-0.188133 0 0.170221 -0.00376598 0 0.00725403 0 -0.188723 0
-0.189774 0 0.172132 -0.00396202 0 0.00743382 0 -0.190721 0
-0.191414 0 0.174043 -0.00415806 0 0.00761362 0 -0.192719 0
-0.193055 0 0.175953 -0.0043541 0 0.00779341 0 -0.194717 0
-0.194696 0 0.177864 -0.00455014 0 0.00797321 0 -0.196715 0
-0.196337 0 0.179774 -0.00474618 0 0.008153 0 -0.198713 0
-0.197994 0 0.18172 -0.00494693 0 0.00833845 0 -0.200757 0
-0.199694 0 0.183756 -0.00515997 0 0.00853861 0 -0.202925 0
-0.201394 0 0.185793 -0.00537301 0 0.00873877 0 -0.205093 0
-0.203094 0 0.187829 -0.00558605 0 0.00893893 0 -0.20726 0
-0.204794 0 0.189866 -0.00579909 0 0.00913909 0 -0.209428 0
-0.206494 0 0.191902 -0.00601213 0 0.00933925 0 -0.211596 0
-0.208193 0 0.193939 -0.00622517 0 0.00953941 0 -0.213763 0
-0.209893 0 0.195975 -0.00643821 0 0.00973957 0 -0.215931 0
-0.211593 0 0.198012 -0.00665125 0 0.00993973 0 -0.218099 0
-0.213293 0 0.200048 -0.00686429 0 0.0101399 0 -0.220266 0
-0.215006 0 0.202111 -0.00708088 0 0.0103444 0 -0.22247 0
-0.216771 0 0.204279 -0.00731157 0 0.0105663 0 -0.224819 0
-0.218535 0 0.206446 -0.00754225 0 0.0107881 0 -0.227168 0
-0.2203 0 0.208614 -0.00777294 0 0.0110099 0 -0.229517 0
-0.222064 0 0.210781 -0.00800362 0 0.0112318 0 -0.231866 0
-0.223829 0 0.212949 -0.00823431 0 0.0114536 0 -0.234215 0
-0.225594 0 0.215116 -0.00846499 0 0.0116754 0 -0.236563 0
-0.227358 0 0.217284 -0.00869568 0 0.0118973 0 -0.238912 0
-0.229123 0 0.219451 -0.00892636 0 0.0121191 0 -0.241261 0
-0.230887 0 0.221619 -0.00915705 0 0.0123409 0 -0.24361 0
-0.232661 0 0.223803 -0.00939004 0 0.0125657 0 -0.245983 0
-0.234497 0 0.226106 -0.00963909 0 0.0128105 0 -0.248525 0
-0.236332 0 0.228409 -0.00988813 0 0.0130554 0 -0.251067 0
-0.238168 0 0.230712 -0.0101372 0 0.0133003 0 -0.253609 0
-0.240004 0 0.233014 -0.0103862 0 0.0135451 0 -0.256151 0
-0.24184 0 0.235317 -0.0106353 0 0.01379 0 -0.258693 0
-0.243676 0 0.23762 -0.0108843 0 0.0140349 0 -0.261235 0
-0.245511 0 0.239923 -0.0111333 0 0.0142797 0 -0.263777 0
-0.247347 0 0.242226 -0.0113824 0 0.0145246 0 -0.266319 0
-0.249183 0 0.244529 -0.0116314 0 0.0147694 0 -0.268861 0
-0.251023 0 0.246838 -0.0118814 0 0.0150155 0 -0.271413 0
-0.252938 0 0.24928 -0.0121496 0 0.0152848 0 -0.274161 0
-0.254852 0 0.251721 -0.0124178 0 0.0155541 0 -0.276908 0
-0.256767 0 0.254162 -0.012686 0 0.0158234 0 -0.279656 0
-0.258682 0 0.256603 -0.0129542 0 0.0160926 0 -0.282403 0
-0.260597 0 0.259044 -0.0132224 0 0.0163619 0 -0.285151 0
-0.262512 0 0.261485 -0.0134906 0 0.0166312 0 -0.287898 0
-0.264426 0 0.263926 -0.0137588 0 0.0169005 0 -0.290646 0
-0.266341 0 0.266367 -0.014027 0 0.0171697 0 -0.293393 0
-0.268256 0 0.268808 -0.0142952 0 0.017439 0 -0.29614 0
-0.270171 0 0.271249 -0.0145633 0 0.0177083 0 -0.298888 0
-0.272171 0 0.273826 -0.0148511 0 0.0180027 0 -0.301848 0
-0.274174 0 0.276405 -0.0151393 0 0.0182978 0 -0.304814 0
-0.276177 0 0.278985 -0.0154275 0 0.0185928 0 -0.307779 0
-0.278179 0 0.281565 -0.0157157 0 0.0188879 0 -0.310745 0
-0.280182 0 0.284144 -0.0160039 0 0.019183 0 -0.313711 0
-0.282184 0 0.286724 -0.0162921 0 0.0194781 0 -0.316676 0
-0.284187 0 0.289304 -0.0165804 0 0.0197731 0 -0.319642 0
-0.28619 0 0.291884 -0.0168686 0 0.0200682 0 -0.322608 0
-0.288192 0 0.294463 -0.0171568 0 0.0203633 0 -0.325573 0
-0.290195 0 0.297043 -0.017445 0 0.0206583 0 -0.328539 0
-0.292285 0 0.299744 -0.0177521 0 0.0209778 0 -0.331712 0
-0.294385 0 0.302459 -0.0180613 0 0.0213 0 -0.334909 0
-0.296485 0 0.305173 -0.0183705 0 0.0216223 0 -0.338106 0
-0.298584 0 0.307888 -0.0186798 0 0.0219445 0 -0.341302 0
-0.300684 0 0.310602 -0.018989 0 0.0222667 0 -0.344499 0
-0.302784 0 0.313317 -0.0192982 0 0.0225889 0 -0.347696 0
-0.304884 0 0.316032 -0.0196074 0 0.0229111 0 -0.350892 0
-0.306984 0 0.318746 -0.0199166 0 0.0232334 0 -0.354089 0
-0.309084 0 0.321461 -0.0202258 0 0.0235556 0 -0.357286 0
-0.311184 0 0.324175 -0.020535 0 0.0238778 0 -0.360482 0
-0.313371 0 0.326992 -0.0208624 0 0.0242234 0 -0.36388 0
-0.315577 0 0.329831 -0.0211937 0 0.024574 0 -0.36732 0
-0.317783 0 0.33267 -0.021525 0 0.0249246 0 -0.37076 0
-0.319989 0 0.335509 -0.0218563 0 0.0252752 0 -0.374201 0
-0.322195 0 0.338348 -0.0221875 0 0.0256258 0 -0.377641 0
-0.324401 0 0.341187 -0.0225188 0 0.0259764 0 -0.381082 0
-0.326608 0 0.344026 -0.0228501 0 0.026327 0 -0.384522 0
-0.328814 0 0.346865 -0.0231814 0 0.0266776 0 -0.387962 0
-0.33102 0 0.349704 -0.0235126 0 0.0270282 0 -0.391403 0
-0.333226 0 0.352543 -0.0238439 0 0.0273788 0 -0.394843 0
-0.335516 0 0.355459 -0.0241925 0 0.0277515 0 -0.398475 0
-0.337835 0 0.358401 -0.024547 0 0.0281315 0 -0.402171 0
-0.340154 0 0.361343 -0.0249015 0 0.0285115 0 -0.405867 0
-0.342473 0 0.364285 -0.0252559 0 0.0288915 0 -0.409563 0
-0.344792 0 0.367227 -0.0256104 0 0.0292716 0 -0.413259 0
-0.347111 0 0.370169 -0.0259649 0 0.0296516 0 -0.416955 0
-0.349429 0 0.373112 -0.0263193 0 0.0300316 0 -0.420651 0
-0.351748 0 0.376054 -0.0266738 0 0.0304116 0 -0.424347 0
-0.354067 0 0.378996 -0.0270283 0 0.0307917 0 -0.428043 0
-0.356386 0 0.381938 -0.0273827 0 0.0311717 0 -0.43174 0
-0.35878 0 0.384924 -0.0277535 0 0.031572 0 -0.435615 0
-0.361212 0 0.387932 -0.0281323 0 0.0319821 0 -0.439577 0
-0.363643 0 0.390939 -0.0285111 0 0.0323922 0 -0.44354 0
-0.366075 0 0.393947 -0.0288899 0 0.0328023 0 -0.447503 0
-0.368506 0 0.396954 -0.0292687 0 0.0332124 0 -0.451465 0
-0.370938 0 0.399962 -0.0296474 0 0.0336225 0 -0.455428 0
-0.373369 0 0.40297 -0.0300262 0 0.0340326 0 -0.459391 0
-0.3758 0 0.405977 -0.030405 0 0.0344427 0 -0.463353 0
-0.378232 0 0.408985 -0.0307838 0 0.0348528 0 -0.467316 0
-0.380663 0 0.411992 -0.0311626 0 0.0352629 0 -0.471279 0
-0.383153 0 0.415001 -0.0315564 0 0.0356909 0 -0.475405 0
-0.385683 0 0.418009 -0.0319605 0 0.0361311 0 -0.479643 0
-0.388213 0 0.421018 -0.0323646 0 0.0365713 0 -0.483881 0
-0.390743 0 0.424027 -0.0327687 0 0.0370115 0 -0.488118 0
-0.393273 0 0.427035 -0.0331727 0 0.0374517 0 -0.492356 0
-0.395802 0 0.430044 -0.0335768 0 0.0378919 0 -0.496593 0
-0.398332 0 0.433053 -0.0339809 0 0.0383321 0 -0.500831 0
-0.400862 0 0.436061 -0.034385 0 0.0387723 0 -0.505069 0
-0.403392 0 0.43907 -0.034789 0 0.0392125 0 -0.509306 0
-0.405922 0 0.442079 -0.0351931 0 0.0396527 0 -0.513544 0
-0.408481 0 0.445032 -0.0356107 0 0.040108 0 -0.517927 0
-0.411068 0 0.447935 -0.0360406 0 0.0405772 0 -0.522444 0
-0.413655 0 0.450838 -0.0364706 0 0.0410464 0 -0.526961 0
-0.416241 0 0.453741 -0.0369005 0 0.0415156 0 -0.531478 0
-0.418828 0 0.456644 -0.0373305 0 0.0419848 0 -0.535995 0
-0.421415 0 0.459546 -0.0377604 0 0.0424541 0 -0.540512 0
-0.424002 0 0.462449 -0.0381903 0 0.0429233 0 -0.545029 0
-0.426588 0 0.465352 -0.0386203 0 0.0433925 0 -0.549546 0
-0.429175 0 0.468255 -0.0390502 0 0.0438617 0 -0.554063 0
-0.431762 0 0.471158 -0.0394802 0 0.0443309 0 -0.558581 0
-0.434333 0 0.473935 -0.0399215 0 0.0448118 0 -0.563221 0
-0.436884 0 0.476555 -0.0403769 0 0.0453073 0 -0.568015 0
-0.439436 0 0.479175 -0.0408324 0 0.0458027 0 -0.572809 0
-0.441987 0 0.481795 -0.0412879 0 0.0462981 0 -0.577603 0
-0.444539 0 0.484415 -0.0417433 0 0.0467935 0 -0.582397 0
-0.44709 0 0.487036 -0.0421988 0 0.0472889 0 -0.587191 0
-0.449642 0 0.489656 -0.0426542 0 0.0477844 0 -0.591985 0
-0.452193 0 0.492276 -0.0431097 0 0.0482798 0 -0.596779 0
-0.454745 0 0.494896 -0.0435652 0 0.0487752 0 -0.601573 0
-0.457296 0 0.497516 -0.0440206 0 0.0492706 0 -0.606367 0
-0.459767 0 0.499923 -0.0444847 0 0.0497736 0 -0.611258 0
-0.462099 0 0.501966 -0.0449635 0 0.0502894 0 -0.616315 0
-0.464431 0 0.504009 -0.0454423 0 0.0508053 0 -0.621372 0
-0.466763 0 0.506052 -0.045921 0 0.0513211 0 -0.626429 0
-0.469095 0 0.508095 -0.0463998 0 0.051837 0 -0.631486 0
-0.471427 0 0.510139 -0.0468786 0 0.0523529 0 -0.636542 0
-0.473759 0 0.512182 -0.0473574 0 0.0528687 0 -0.641599 0
-0.476091 0 0.514225 -0.0478362 0 0.0533846 0 -0.646656 0
-0.478423 0 0.516268 -0.048315 0 0.0539004 0 -0.651713 0
-0.480756 0 0.518311 -0.0487937 0 0.0544163 0 -0.65677 0
-0.481377 0 0.51834 -0.0492623 0 0.054918 0 -0.661744 0
-0.477894 0 0.513535 -0.0497062 0 0.0553858 0 -0.666521 0
-0.474411 0 0.50873 -0.0501502 0 0.0558536 0 -0.671299 0
-0.470928 0 0.503925 -0.0505941 0 0.0563214 0 -0.676076 0
-0.467445 0 0.49912 -0.0510381 0 0.0567892 0 -0.680853 0
-0.463962 0 0.494316 -0.051482 0 0.057257 0 -0.68563 0
-0.460479 0 0.489511 -0.051926 0 0.0577248 0 -0.690408 0
-0.456995 0 0.484706 -0.0523699 0 0.0581926 0 -0.695185 0
-0.453512 0 0.479901 -0.0528139 0 0.0586604 0 -0.699962 0
-0.450029 0 0.475096 -0.0532578 0 0.0591282 0 -0.704739 0
-0.446478 0 0.470557 -0.0536935 0 0.0595882 0 -0.70946 0
-0.442683 0 0.466967 -0.0540995 0 0.0600201 0 -0.713977 0
-0.438887 0 0.463377 -0.0545055 0 0.060452 0 -0.718494 0
-0.435092 0 0.459788 -0.0549115 0 0.0608839 0 -0.723011 0
-0.431297 0 0.456198 -0.0553175 0 0.0613158 0 -0.727528 0
-0.427502 0 0.452608 -0.0557235 0 0.0617477 0 -0.732045 0
-0.423707 0 0.449019 -0.0561295 0 0.0621796 0 -0.736562 0
-0.419911 0 0.445429 -0.0565355 0 0.0626115 0 -0.741079 0
-0.416116 0 0.441839 -0.0569415 0 0.0630434 0 -0.745596 0
-0.412321 0 0.438249 -0.0573474 0 0.0634753 0 -0.750113 0
-0.408495 0 0.4348 -0.0577477 0 0.0639035 0 -0.754595 0
-0.404484 0 0.43219 -0.0581136 0 0.0643093 0 -0.758867 0
-0.400473 0 0.42958 -0.0584795 0 0.0647151 0 -0.763138 0
-0.396462 0 0.42697 -0.0588454 0 0.0651209 0 -0.767409 0
-0.392451 0 0.424361 -0.0592113 0 0.0655267 0 -0.77168 0
-0.38844 0 0.421751 -0.0595772 0 0.0659325 0 -0.775952 0
-0.384429 0 0.419141 -0.059943 0 0.0663383 0 -0.780223 0
-0.380418 0 0.416532 -0.0603089 0 0.0667442 0 -0.784494 0
-0.376407 0 0.413922 -0.0606748 0 0.06715 0 -0.788766 0
-0.372397 0 0.411312 -0.0610407 0 0.0675558 0 -0.793037 0
-0.368375 0 0.408758 -0.0614038 0 0.0679604 0 -0.797293 0
-0.364202 0 0.406983 -0.061728 0 0.0683484 0 -0.801335 0
-0.36003 0 0.405207 -0.0620521 0 0.0687365 0 -0.805378 0
-0.355857 0 0.403431 -0.0623763 0 0.0691245 0 -0.80942 0
-0.351684 0 0.401655 -0.0627004 0 0.0695126 0 -0.813462 0
-0.347512 0 0.39988 -0.0630246 0 0.0699006 0 -0.817505 0
-0.343339 0 0.398104 -0.0633488 0 0.0702887 0 -0.821547 0
-0.339167 0 0.396328 -0.0636729 0 0.0706767 0 -0.82559 0
-0.334994 0 0.394552 -0.0639971 0 0.0710648 0 -0.829632 0
-0.330822 0 0.392776 -0.0643213 0 0.0714528 0 -0.833675 0
-0.326649 0 0.391001 -0.0646454 0 0.0718409 0 -0.837717 0
-0.322362 0 0.389906 -0.0649271 0 0.0722182 0 -0.841548 0
-0.318075 0 0.388817 -0.0652083 0 0.0725953 0 -0.845377 0
-0.313787 0 0.387728 -0.0654896 0 0.0729725 0 -0.849206 0
-0.309499 0 0.386639 -0.0657709 0 0.0733496 0 -0.853036 0
-0.305212 0 0.385551 -0.0660522 0 0.0737268 0 -0.856865 0
-0.300924 0 0.384462 -0.0663335 0 0.074104 0 -0.860694 0
-0.296636 0 0.383373 -0.0666148 0 0.0744811 0 -0.864523 0
-0.292348 0 0.382284 -0.0668961 0 0.0748583 0 -0.868352 0
-0.288061 0 0.381195 -0.0671773 0 0.0752355 0 -0.872182 0
-0.283773 0 0.380106 -0.0674586 0 0.0756126 0 -0.876011 0
-0.279409 0 0.37954 -0.0676999 0 0.075985 0 -0.879658 0
-0.275038 0 0.379021 -0.0679375 0 0.076357 0 -0.883288 0
-0.270667 0 0.378502 -0.068175 0 0.076729 0 -0.886917 0
-0.266296 0 0.377982 -0.0684126 0 0.0771009 0 -0.890547 0
-0.261925 0 0.377463 -0.0686502 0 0.0774729 0 -0.894177 0
-0.257554 0 0.376944 -0.0688878 0 0.0778449 0 -0.897807 0
-0.253183 0 0.376425 -0.0691253 0 0.0782169 0 -0.901437 0
-0.248812 0 0.375906 -0.0693629 0 0.0785888 0 -0.905067 0
-0.244441 0 0.375387 -0.0696005 0 0.0789608 0 -0.908697 0
-0.24007 0 0.374868 -0.0698381 0 0.0793328 0 -0.912327 0
-0.235645 0 0.374755 -0.0700384 0 0.0797044 0 -0.9158 0
-0.23121 0 0.374719 -0.0702316 0 0.0800761 0 -0.919243 0
-0.226776 0 0.374683 -0.0704248 0 0.0804477 0 -0.922686 0
-0.222341 0 0.374647 -0.070618 0 0.0808193 0 -0.926129 0
-0.217906 0 0.374611 -0.0708113 0 0.0811909 0 -0.929572 0
-0.213471 0 0.374575 -0.0710045 0 0.0815625 0 -0.933015 0
-0.209036 0 0.374538 -0.0711977 0 0.0819341 0 -0.936458 0
-0.204601 0 0.374502 -0.0713909 0 0.0823057 0 -0.939901 0
-0.200166 0 0.374466 -0.0715842 0 0.0826773 0 -0.943344 0
-0.195731 0 0.37443 -0.0717774 0 0.0830489 0 -0.946787 0
-0.191246 0 0.374739 -0.0719362 0 0.0834237 0 -0.950095 0
-0.186745 0 0.375154 -0.0720844 0 0.0837995 0 -0.953361 0
-0.182245 0 0.375569 -0.0722326 0 0.0841752 0 -0.956628 0
-0.177744 0 0.375984 -0.0723809 0 0.084551 0 -0.959894 0
-0.173244 0 0.376399 -0.0725291 0 0.0849268 0 -0.96316 0
-0.168743 0 0.376813 -0.0726773 0 0.0853025 0 -0.966427 0
-0.164243 0 0.377228 -0.0728255 0 0.0856783 0 -0.969693 0
-0.159742 0 0.377643 -0.0729738 0 0.086054 0 -0.972959 0
-0.155241 0 0.378058 -0.073122 0 0.0864298 0 -0.976226 0
-0.150741 0 0.378473 -0.0732702 0 0.0868056 0 -0.979492 0
-0.146195 0 0.379136 -0.073387 0 0.0871867 0 -0.982637 0
-0.141629 0 0.37991 -0.0734895 0 0.0875702 0 -0.985727 0
-0.137063 0 0.380685 -0.0735921 0 0.0879537 0 -0.988816 0
-0.132497 0 0.38146 -0.0736946 0 0.0883372 0 -0.991906 0
-0.127931 0 0.382234 -0.0737972 0 0.0887207 0 -0.994996 0
-0.123365 0 0.383009 -0.0738998 0 0.0891042 0 -0.998086 0
-0.118799 0 0.383783 -0.0740023 0 0.0894877 0 -1.00118 0
-0.114233 0 0.384558 -0.0741049 0 0.0898712 0 -1.00427 0
-0.109667 0 0.385332 -0.0742074 0 0.0902547 0 -1.00736 0
-0.105101 0 0.386107 -0.07431 0 0.0906382 0 -1.01045 0
-0.100487 0 0.387096 -0.0743841 0 0.0910286 0 -1.01343 0
-0.0958429 0 0.388221 -0.0744402 0 0.0914234 0 -1.01634 0
-0.0911986 0 0.389346 -0.0744963 0 0.0918181 0 -1.01925 0
-0.0865543 0 0.390471 -0.0745524 0 0.0922129 0 -1.02217 0
-0.08191 0 0.391596 -0.0746085 0 0.0926076 0 -1.02508 0
-0.0772656 0 0.39272 -0.0746647 0 0.0930024 0 -1.028 0
-0.0726213 0 0.393845 -0.0747208 0 0.0933971 0 -1.03091 0
-0.067977 0 0.39497 -0.0747769 0 0.0937919 0 -1.03382 0
-0.0633327 0 0.396095 -0.074833 0 0.0941867 0 -1.03674 0
-0.0586883 0 0.39722 -0.0748891 0 0.0945814 0 -1.03965 0
-0.0539939 0 0.398533 -0.0749198 0 0.0949841 0 -1.04247 0
-0.0492564 0 0.400008 -0.0749285 0 0.0953936 0 -1.04521 0
-0.0445189 0 0.401483 -0.0749372 0 0.0958031 0 -1.04794 0
-0.0397813 0 0.402957 -0.074946 0 0.0962126 0 -1.05068 0
-0.0350438 0 0.404432 -0.0749547 0 0.0966221 0 -1.05342 0
-0.0303063 0 0.405907 -0.0749635 0 0.0970316 0 -1.05616 0
-0.0255688 0 0.407382 -0.0749722 0 0.0974411 0 -1.05889 0
-0.0208313 0 0.408857 -0.074981 0 0.0978506 0 -1.06163 0
-0.0160938 0 0.410332 -0.0749897 0 0.0982601 0 -1.06437 0
-0.0113563 0 0.411807 -0.0749984 0 0.0986696 0 -1.06711 0
-0.00656881 0 0.413446 -0.0749848 0 0.0990876 0 -1.06976 0
-0.00172326 0 0.415277 -0.0749451 0 0.0995154 0 -1.07232 0
0.00312229 0 0.417107 -0.0749054 0 0.0999432 0 -1.07489 0
0.00796784 0 0.418938 -0.0748656 0 0.100371 0 -1.07745 0
0.0128134 0 0.420768 -0.0748259 0 0.100799 0 -1.08001 0
0.0176589 0 0.422599 -0.0747862 0 0.101227 0 -1.08257 0
0.0225045 0 0.424429 -0.0747465 0 0.101654 0 -1.08513 0
0.02735 0 0.42626 -0.0747068 0 0.102082 0 -1.08769 0
0.0321956 0 0.42809 -0.0746671 0 0.10251 0 -1.09026 0
0.0370411 0 0.429921 -0.0746274 0 0.102938 0 -1.09282 0
0.0419338 0 0.431892 -0.0745685 0 0.103374 0 -1.09531 0
0.0469012 0 0.434087 -0.0744791 0 0.103824 0 -1.0977 0
0.0518686 0 0.436282 -0.0743897 0 0.104274 0 -1.10008 0
0.056836 0 0.438477 -0.0743003 0 0.104723 0 -1.10247 0
0.0618035 0 0.440672 -0.0742109 0 0.105173 0 -1.10485 0
0.0667709 0 0.442867 -0.0741215 0 0.105623 0 -1.10724 0
0.0717383 0 0.445062 -0.0740321 0 0.106073 0 -1.10962 0
0.0767057 0 0.447257 -0.0739427 0 0.106522 0 -1.11201 0
0.0816731 0 0.449452 -0.0738534 0 0.106972 0 -1.11439 0
0.0866406 0 0.451647 -0.073764 0 0.107422 0 -1.11678 0
0.0916498 0 0.453959 -0.0736587 0 0.10788 0 -1.11911 0
0.0967516 0 0.45653 -0.0735183 0 0.108355 0 -1.12132 0
0.101853 0 0.459101 -0.0733779 0 0.108831 0 -1.12353 0
0.106955 0 0.461672 -0.0732375 0 0.109306 0 -1.12573 0
0.112057 0 0.464244 -0.0730971 0 0.109782 0 -1.12794 0
0.117159 0 0.466815 -0.0729567 0 0.110257 0 -1.13015 0
0.122261 0 0.469386 -0.0728163 0 0.110733 0 -1.13236 0
0.127362 0 0.471957 -0.0726759 0 0.111208 0 -1.13457 0
0.132464 0 0.474528 -0.0725355 0 0.111683 0 -1.13678 0
0.137566 0 0.477099 -0.0723951 0 0.112159 0 -1.13898 0
0.142702 0 0.479761 -0.0722423 0 0.112641 0 -1.14115 0
0.14795 0 0.482722 -0.0720494 0 0.113146 0 -1.14318 0
0.153197 0 0.485683 -0.0718566 0 0.113652 0 -1.14521 0
0.158444 0 0.488644 -0.0716637 0 0.114157 0 -1.14724 0
0.163692 0 0.491604 -0.0714708 0 0.114662 0 -1.14927 0
0.168939 0 0.494565 -0.0712779 0 0.115167 0 -1.15129 0
0.174187 0 0.497526 -0.071085 0 0.115672 0 -1.15332 0
0.179434 0 0.500487 -0.0708922 0 0.116177 0 -1.15535 0
0.184682 0 0.503447 -0.0706993 0 0.116682 0 -1.15738 0
0.189929 0 0.506408 -0.0705064 0 0.117187 0 -1.15941 0
0.195202 0 0.509433 -0.0703049 0 0.117698 0 -1.16141 0
0.200605 0 0.512799 -0.070058 0 0.118236 0 -1.16325 0
0.206008 0 0.516165 -0.0698111 0 0.118775 0 -1.16509 0
0.211412 0 0.519531 -0.0695641 0 0.119314 0 -1.16694 0
0.216815 0 0.522897 -0.0693172 0 0.119852 0 -1.16878 0
0.222219 0 0.526263 -0.0690703 0 0.120391 0 -1.17063 0
0.227622 0 0.529629 -0.0688234 0 0.12093 0 -1.17247 0
0.233025 0 0.532995 -0.0685765 0 0.121469 0 -1.17431 0
0.238429 0 0.536361 -0.0683296 0 0.122007 0 -1.17616 0
0.243832 0 0.539727 -0.0680827 0 0.122546 0 -1.178 0
0.249249 0 0.543129 -0.0678311 0 0.123088 0 -1.17983 0
0.254818 0 0.546917 -0.0675285 0 0.123665 0 -1.18148 0
0.260387 0 0.550706 -0.0672259 0 0.124241 0 -1.18313 0
0.265955 0 0.554494 -0.0669233 0 0.124818 0 -1.18478 0
0.271524 0 0.558282 -0.0666207 0 0.125395 0 -1.18643 0
0.277092 0 0.562071 -0.0663181 0 0.125971 0 -1.18808 0
0.282661 0 0.565859 -0.0660155 0 0.126548 0 -1.18973 0
0.28823 0 0.569647 -0.0657129 0 0.127124 0 -1.19138 0
0.293798 0 0.573435 -0.0654103 0 0.127701 0 -1.19303 0
0.299367 0 0.577224 -0.0651077 0 0.128278 0 -1.19468 0
0.304937 0 0.581016 -0.0648046 0 0.128855 0 -1.19633 0
0.310679 0 0.585245 -0.0644446 0 0.129474 0 -1.19778 0
0.316421 0 0.589473 -0.0640845 0 0.130092 0 -1.19922 0
0.322164 0 0.593702 -0.0637245 0 0.130711 0 -1.20067 0
0.327906 0 0.597931 -0.0633645 0 0.13133 0 -1.20211 0
0.333648 0 0.602159 -0.0630045 0 0.131949 0 -1.20356 0
0.339391 0 0.606388 -0.0626444 0 0.132568 0 -1.205 0
0.345133 0 0.610616 -0.0622844 0 0.133187 0 -1.20645 0
0.350875 0 0.614845 -0.0619244 0 0.133806 0 -1.20789 0
0.356618 0 0.619074 -0.0615644 0 0.134425 0 -1.20934 0
0.36236 0 0.623302 -0.0612044 0 0.135044 0 -1.21079 0
0.368271 0 0.627959 -0.0607891 0 0.135706 0 -1.21202 0
0.374194 0 0.632646 -0.0603698 0 0.136372 0 -1.21325 0
0.380118 0 0.637333 -0.0599506 0 0.137038 0 -1.21447 0
0.386041 0 0.64202 -0.0595313 0 0.137704 0 -1.21569 0
0.391964 0 0.646707 -0.0591121 0 0.138369 0 -1.21692 0
0.397888 0 0.651394 -0.0586928 0 0.139035 0 -1.21814 0
0.403811 0 0.656081 -0.0582735 0 0.139701 0 -1.21937 0
0.409734 0 0.660768 -0.0578543 0 0.140367 0 -1.22059 0
0.415658 0 0.665455 -0.057435 0 0.141033 0 -1.22181 0
0.421581 0 0.670142 -0.0570158 0 0.141698 0 -1.22304 0
0.427665 0 0.675236 -0.0565441 0 0.142408 0 -1.22405 0
0.433775 0 0.680399 -0.0560638 0 0.143126 0 -1.22503 0
0.439886 0 0.685561 -0.0555834 0 0.143843 0 -1.22601 0
0.445996 0 0.690723 -0.0551031 0 0.144561 0 -1.22699 0
0.452106 0 0.695886 -0.0546227 0 0.145278 0 -1.22797 0
0.458217 0 0.701048 -0.0541423 0 0.145995 0 -1.22895 0
0.464327 0 0.70621 -0.053662 0 0.146713 0 -1.22993 0
0.470438 0 0.711373 -0.0531816 0 0.14743 0 -1.23091 0
0.476548 0 0.716535 -0.0527013 0 0.148148 0 -1.2319 0
0.482658 0 0.721697 -0.0522209 0 0.148865 0 -1.23288 0
0.488918 0 0.727243 -0.0516913 0 0.149626 0 -1.23364 0
0.49522 0 0.732895 -0.0511479 0 0.1504 0 -1.23435 0
0.501521 0 0.738547 -0.0506045 0 0.151174 0 -1.23506 0
0.507823 0 0.744199 -0.0500612 0 0.151948 0 -1.23577 0
0.514125 0 0.749852 -0.0495178 0 0.152722 0 -1.23648 0
0.520426 0 0.755504 -0.0489744 0 0.153496 0 -1.23719 0
0.526728 0 0.761156 -0.048431 0 0.15427 0 -1.2379 0
0.53303 0 0.766809 -0.0478877 0 0.155044 0 -1.23862 0
0.539331 0 0.772461 -0.0473443 0 0.155818 0 -1.23933 0
0.545633 0 0.778113 -0.0468009 0 0.156592 0 -1.24004 0
0.552071 0 0.784119 -0.0462117 0 0.157409 0 -1.24053 0
0.558566 0 0.790271 -0.0456034 0 0.158245 0 -1.24094 0
0.56506 0 0.796424 -0.044995 0 0.15908 0 -1.24134 0
0.571555 0 0.802577 -0.0443867 0 0.159915 0 -1.24175 0
0.57805 0 0.80873 -0.0437784 0 0.160751 0 -1.24216 0
0.584545 0 0.814883 -0.0431701 0 0.161586 0 -1.24256 0
0.591039 0 0.821035 -0.0425617 0 0.162422 0 -1.24297 0
0.597534 0 0.827188 -0.0419534 0 0.163257 0 -1.24338 0
0.604029 0 0.833341 -0.0413451 0 0.164093 0 -1.24378 0
0.610523 0 0.839494 -0.0407368 0 0.164928 0 -1.24419 0
0.617139 0 0.845965 -0.0400863 0 0.165806 0 -1.24438 0
0.623825 0 0.852623 -0.0394111 0 0.166708 0 -1.24444 0
0.630512 0 0.859281 -0.0387359 0 0.16761 0 -1.24451 0
0.637198 0 0.865939 -0.0380607 0 0.168512 0 -1.24457 0
0.643885 0 0.872597 -0.0373855 0 0.169414 0 -1.24463 0
0.650571 0 0.879255 -0.0367104 0 0.170316 0 -1.2447 0
0.657258 0 0.885913 -0.0360352 0 0.171218 0 -1.24476 0
0.663944 0 0.892571 -0.03536 0 0.17212 0 -1.24482 0
0.67063 0 0.899228 -0.0346848 0 0.173022 0 -1.24489 0
0.677317 0 0.905886 -0.0340096 0 0.173924 0 -1.24495 0
0.684107 0 0.912822 -0.0332963 0 0.174866 0 -1.2448 0
0.690979 0 0.919982 -0.0325524 0 0.175839 0 -1.24447 0
0.697852 0 0.927141 -0.0318085 0 0.176813 0 -1.24415 0
0.704724 0 0.9343 -0.0310645 0 0.177786 0 -1.24382 0
0.711597 0 0.941459 -0.0303206 0 0.17876 0 -1.24349 0
0.718469 0 0.948619 -0.0295767 0 0.179734 0 -1.24317 0
0.725342 0 0.955778 -0.0288328 0 0.180707 0 -1.24284 0
0.732215 0 0.962937 -0.0280889 0 0.181681 0 -1.24251 0
0.739087 0 0.970096 -0.027345 0 0.182655 0 -1.24219 0
0.74596 0 0.977256 -0.0266011 0 0.183628 0 -1.24186 0
0.752916 0 0.984647 -0.0258234 0 0.184638 0 -1.24132 0
0.759963 0 0.992291 -0.025009 0 0.185689 0 -1.24055 0
0.76701 0 0.999936 -0.0241946 0 0.186739 0 -1.23978 0
0.774057 0 1.00758 -0.0233802 0 0.187789 0 -1.23902 0
0.781104 0 1.01522 -0.0225659 0 0.188839 0 -1.23825 0
0.788151 0 1.02287 -0.0217515 0 0.189889 0 -1.23748 0
0.795198 0 1.03051 -0.0209371 0 0.190939 0 -1.23671 0
0.802245 0 1.03816 -0.0201227 0 0.191989 0 -1.23594 0
0.809293 0 1.0458 -0.0193083 0 0.193039 0 -1.23517 0
0.81634 0 1.05345 -0.0184939 0 0.194089 0 -1.2344 0
0.823449 0 1.06127 -0.0176505 0 0.195172 0 -1.23343 0
0.83065 0 1.06937 -0.0167641 0 0.196303 0 -1.23215 0
0.837851 0 1.07746 -0.0158777 0 0.197434 0 -1.23088 0
0.845052 0 1.08556 -0.0149913 0 0.198565 0 -1.2296 0
0.852253 0 1.09365 -0.0141049 0 0.199696 0 -1.22833 0
0.859454 0 1.10175 -0.0132185 0 0.200827 0 -1.22706 0
0.866655 0 1.10984 -0.0123321 0 0.201958 0 -1.22578 0
0.873856 0 1.11794 -0.0114457 0 0.203089 0 -1.22451 0
0.881057 0 1.12603 -0.0105593 0 0.20422 0 -1.22324 0
0.888258 0 1.13412 -0.00967295 0 0.205351 0 -1.22196 0
0.895498 0 1.14235 -0.00876256 0 0.20651 0 -1.2205 0
0.902817 0 1.15083 -0.00780297 0 0.207725 0 -1.21865 0
0.910137 0 1.15931 -0.00684338 0 0.208941 0 -1.21681 0
0.917457 0 1.16779 -0.00588378 0 0.210157 0 -1.21496 0
0.924777 0 1.17627 -0.00492419 0 0.211373 0 -1.21312 0
0.932097 0 1.18476 -0.0039646 0 0.212589 0 -1.21127 0
0.939416 0 1.19324 -0.00300501 0 0.213805 0 -1.20942 0
0.946736 0 1.20172 -0.00204541 0 0.21502 0 -1.20758 0
0.954056 0 1.2102 -0.00108582 0 0.216236 0 -1.20573 0
0.961376 0 1.21868 -0.000126228 0 0.217452 0 -1.20388 0
0.96871 0 1.22723 0.000851968 0 0.21869 0 -1.20187 0
0.97609 0 1.23599 0.00188535 0 0.219993 0 -1.19938 0
0.983469 0 1.24475 0.00291873 0 0.221297 0 -1.19689 0
0.990848 0 1.25351 0.00395212 0 0.2226 0 -1.19439 0
0.998227 0 1.26226 0.0049855 0 0.223904 0 -1.1919 0
1.00561 0 1.27102 0.00601888 0 0.225207 0 -1.18941 0
1.01298 0 1.27978 0.00705227 0 0.22651 0 -1.18691 0
1.02036 0 1.28854 0.00808565 0 0.227814 0 -1.18442 0
1.02774 0 1.29729 0.00911903 0 0.229117 0 -1.18192 0
1.03512 0 1.30605 0.0101524 0 0.230421 0 -1.17943 0
1.04249 0 1.31482 0.0111987 0 0.23174 0 -1.17681 0
1.04983 0 1.32366 0.0123055 0 0.233131 0 -1.17359 0
1.05716 0 1.3325 0.0134122 0 0.234523 0 -1.17037 0
1.0645 0 1.34133 0.0145189 0 0.235915 0 -1.16715 0
1.07183 0 1.35017 0.0156257 0 0.237307 0 -1.16393 0
1.07917 0 1.35901 0.0167324 0 0.238699 0 -1.16071 0
1.0865 0 1.36785 0.0178391 0 0.24009 0 -1.15748 0
1.09384 0 1.37668 0.0189459 0 0.241482 0 -1.15426 0
1.10117 0 1.38552 0.0200526 0 0.242874 0 -1.15104 0
1.10851 0 1.39436 0.0211593 0 0.244266 0 -1.14782 0
1.11582 0 1.40317 0.0222732 0 0.245666 0 -1.14452 0
1.12292 0 1.41173 0.023451 0 0.247144 0 -1.14049 0
1.13003 0 1.4203 0.0246288 0 0.248621 0 -1.13646 0
1.13714 0 1.42887 0.0258066 0 0.250098 0 -1.13244 0
1.14424 0 1.43743 0.0269844 0 0.251576 0 -1.12841 0
1.15135 0 1.446 0.0281622 0 0.253053 0 -1.12438 0
1.15846 0 1.45457 0.02934 0 0.254531 0 -1.12035 0
1.16556 0 1.46313 0.0305178 0 0.256008 0 -1.11632 0
1.17267 0 1.4717 0.0316956 0 0.257486 0 -1.11229 0
1.17977 0 1.48027 0.0328734 0 0.258963 0 -1.10827 0
1.18668 0 1.48833 0.0340509 0 0.260438 0 -1.10424 0
1.1858 0 1.47689 0.03522 0 0.261801 0 -1.10026 0
1.18493 0 1.46546 0.036389 0 0.263164 0 -1.09628 0
1.18406 0 1.45403 0.0375581 0 0.264527 0 -1.09231 0
1.18318 0 1.44259 0.0387272 0 0.26589 0 -1.08833 0
1.18231 0 1.43116 0.0398962 0 0.267253 0 -1.08435 0
1.18144 0 1.41972 0.0410653 0 0.268616 0 -1.08037 0
1.18056 0 1.40829 0.0422343 0 0.269979 0 -1.07639 0
1.17969 0 1.39685 0.0434034 0 0.271342 0 -1.07242 0
1.17881 0 1.38542 0.0445724 0 0.272706 0 -1.06844 0
1.17794 0 1.37398 0.0457415 0 0.274069 0 -1.06446 0
1.17727 0 1.3627 0.0469043 0 0.275325 0 -1.06054 0
1.17662 0 1.35142 0.0480668 0 0.276575 0 -1.05662 0
1.17597 0 1.34015 0.0492294 0 0.277825 0 -1.05271 0
1.17531 0 1.32887 0.0503919 0 0.279076 0 -1.04879 0
1.17466 0 1.3176 0.0515544 0 0.280326 0 -1.04488 0
1.17401 0 1.30632 0.0527169 0 0.281576 0 -1.04096 0
1.17335 0 1.29505 0.0538794 0 0.282827 0 -1.03704 0
1.1727 0 1.28377 0.0550419 0 0.284077 0 -1.03313 0
1.17204 0 1.2725 0.0562044 0 0.285327 0 -1.02921 0
1.17139 0 1.26122 0.057367 0 0.286578 0 -1.0253 0
1.17089 0 1.25008 0.0585253 0 0.287731 0 -1.02144 0
1.17041 0 1.23895 0.059683 0 0.28887 0 -1.01759 0
1.16993 0 1.22783 0.0608408 0 0.290009 0 -1.01375 0
1.16945 0 1.2167 0.0619985 0 0.291148 0 -1.0099 0
1.16898 0 1.20558 0.0631562 0 0.292287 0 -1.00606 0
1.1685 0 1.19445 0.064314 0 0.293426 0 -1.00221 0
1.16802 0 1.18333 0.0654717 0 0.294565 0 -0.998364 0
1.16754 0 1.1722 0.0666294 0 0.295705 0 -0.994518 0
1.16706 0 1.16107 0.0677871 0 0.296844 0 -0.990672 0
1.16658 0 1.14995 0.0689449 0 0.297983 0 -0.986826 0
1.16621 0 1.13893 0.0700999 0 0.299034 0 -0.983041 0
1.16587 0 1.12794 0.0712542 0 0.300063 0 -0.979271 0
1.16553 0 1.11695 0.0724085 0 0.301092 0 -0.975501 0
1.16519 0 1.10596 0.0735628 0 0.302122 0 -0.971731 0
1.16485 0 1.09497 0.0747171 0 0.303151 0 -0.967961 0
1.16451 0 1.08398 0.0758715 0 0.30418 0 -0.964191 0
1.16417 0 1.07299 0.0770258 0 0.305209 0 -0.960421 0
1.16382 0 1.062 0.0781801 0 0.306238 0 -0.956651 0
1.16348 0 1.051 0.0793344 0 0.307268 0 -0.952881 0
1.16314 0 1.04001 0.0804887 0 0.308297 0 -0.949111 0
1.16288 0 1.02911 0.0816413 0 0.309247 0 -0.945399 0
1.16264 0 1.01824 0.0827933 0 0.310168 0 -0.941709 0
1.1624 0 1.00737 0.0839452 0 0.311088 0 -0.938019 0
1.16217 0 0.996495 0.0850972 0 0.312009 0 -0.934328 0
1.16193 0 0.985623 0.0862491 0 0.312929 0 -0.930638 0
1.16169 0 0.974752 0.0874011 0 0.31385 0 -0.926948 0
1.16146 0 0.96388 0.088553 0 0.31477 0 -0.923258 0
1.16122 0 0.953009 0.089705 0 0.315691 0 -0.919568 0
1.16098 0 0.942137 0.0908569 0 0.316611 0 -0.915878 0
1.16075 0 0.931266 0.0920089 0 0.317532 0 -0.912188 0
1.16056 0 0.920461 0.0931598 0 0.318382 0 -0.908551 0
1.16041 0 0.909694 0.0943102 0 0.319195 0 -0.904944 0
1.16025 0 0.898926 0.0954606 0 0.320008 0 -0.901336 0
1.16009 0 0.888159 0.096611 0 0.320821 0 -0.897729 0
1.15993 0 0.877392 0.0977614 0 0.321633 0 -0.894121 0
1.15978 0 0.866624 0.0989117 0 0.322446 0 -0.890514 0
1.15962 0 0.855857 0.100062 0 0.323259 0 -0.886906 0
1.15946 0 0.845089 0.101212 0 0.324072 0 -0.883299 0
1.15931 0 0.834322 0.102363 0 0.324885 0 -0.879691 0
1.15915 0 0.823554 0.103513 0 0.325697 0 -0.876084 0
1.15903 0 0.812839 0.104663 0 0.326449 0 -0.872524 0
1.15893 0 0.802162 0.105812 0 0.327155 0 -0.869001 0
1.15883 0 0.791485 0.106962 0 0.327861 0 -0.865478 0
1.15873 0 0.780808 0.108111 0 0.328567 0 -0.861955 0
1.15863 0 0.770132 0.109261 0 0.329273 0 -0.858432 0
1.15854 0 0.759455 0.11041 0 0.329979 0 -0.854909 0
1.15844 0 0.748778 0.11156 0 0.330685 0 -0.851385 0
1.15834 0 0.738101 0.112709 0 0.331391 0 -0.847862 0
1.15824 0 0.727425 0.113858 0 0.332097 0 -0.844339 0
1.15815 0 0.716748 0.115008 0 0.332803 0 -0.840816 0
1.15807 0 0.70611 0.116157 0 0.333457 0 -0.837335 0
1.15802 0 0.695513 0.117306 0 0.334057 0 -0.833898 0
1.15796 0 0.684916 0.118455 0 0.334657 0 -0.83046 0
1.15791 0 0.674318 0.119603 0 0.335257 0 -0.827022 0
1.15786 0 0.663721 0.120752 0 0.335857 0 -0.823585 0
1.15781 0 0.653124 0.121901 0 0.336457 0 -0.820147 0
1.15775 0 0.642526 0.12305 0 0.337057 0 -0.81671 0
1.1577 0 0.631929 0.124199 0 0.337657 0 -0.813272 0
1.15765 0 0.621332 0.125348 0 0.338257 0 -0.809834 0
1.15759 0 0.610734 0.126497 0 0.338857 0 -0.806397 0
1.15755 0 0.600167 0.127646 0 0.339413 0 -0.802995 0
1.15754 0 0.58964 0.128794 0 0.339908 0 -0.799644 0
1.15752 0 0.579113 0.129943 0 0.340403 0 -0.796293 0
1.1575 0 0.568586 0.131092 0 0.340898 0 -0.792942 0
1.15748 0 0.55806 0.13224 0 0.341392 0 -0.789591 0
1.15746 0 0.547533 0.133389 0 0.341887 0 -0.78624 0
1.15744 0 0.537006 0.134538 0 0.342382 0 -0.782888 0
1.15742 0 0.526479 0.135686 0 0.342877 0 -0.779537 0
1.1574 0 0.515953 0.136835 0 0.343371 0 -0.776186 0
1.15738 0 0.505426 0.137984 0 0.343866 0 -0.772835 0
1.15737 0 0.494921 0.139132 0 0.344325 0 -0.769514 0
1.15738 0 0.484458 0.140281 0 0.344715 0 -0.76625 0
1.15738 0 0.473996 0.14143 0 0.345105 0 -0.762985 0
1.15739 0 0.463533 0.142579 0 0.345495 0 -0.759721 0
1.1574 0 0.453071 0.143727 0 0.345886 0 -0.756457 0
1.1574 0 0.442608 0.144876 0 0.346276 0 -0.753193 0
1.15741 0 0.432145 0.146025 0 0.346666 0 -0.749929 0
1.15742 0 0.421683 0.147174 0 0.347056 0 -0.746665 0
1.15742 0 0.41122 0.148322 0 0.347446 0 -0.7434 0
1.15743 0 0.400757 0.149471 0 0.347836 0 -0.740136 0
1.15744 0 0.390311 0.15062 0 0.348199 0 -0.736896 0
1.15747 0 0.379908 0.151769 0 0.348485 0 -0.733719 0
1.1575 0 0.369505 0.152918 0 0.348771 0 -0.730542 0
1.15753 0 0.359102 0.154067 0 0.349057 0 -0.727365 0
1.15756 0 0.348699 0.155216 0 0.349343 0 -0.724188 0
1.15758 0 0.338297 0.156365 0 0.349629 0 -0.721011 0
1.15761 0 0.327894 0.157514 0 0.349915 0 -0.717834 0
1.15764 0 0.317491 0.158663 0 0.350202 0 -0.714658 0
1.15767 0 0.307088 0.159812 0 0.350488 0 -0.711481 0
1.15769 0 0.296685 0.160961 0 0.350774 0 -0.708304 0
1.15773 0 0.286293 0.16211 0 0.35104 0 -0.705144 0
1.15777 0 0.275948 0.16326 0 0.351223 0 -0.702054 0
1.15782 0 0.265602 0.164409 0 0.351405 0 -0.698964 0
1.15786 0 0.255256 0.165559 0 0.351588 0 -0.695875 0
1.15791 0 0.244911 0.166708 0 0.351771 0 -0.692785 0
1.15795 0 0.234565 0.167858 0 0.351953 0 -0.689695 0
1.158 0 0.22422 0.169007 0 0.352136 0 -0.686606 0
1.15804 0 0.213874 0.170157 0 0.352319 0 -0.683516 0
1.15809 0 0.203528 0.171306 0 0.352501 0 -0.680426 0
1.15814 0 0.193183 0.172456 0 0.352684 0 -0.677337 0
1.15818 0 0.182844 0.173605 0 0.352855 0 -0.674257 0
1.15824 0 0.172554 0.174755 0 0.352934 0 -0.671254 0
1.1583 0 0.162265 0.175905 0 0.353014 0 -0.668251 0
1.15836 0 0.151975 0.177055 0 0.353094 0 -0.665248 0
1.15843 0 0.141686 0.178206 0 0.353174 0 -0.662245 0
1.15849 0 0.131396 0.179356 0 0.353253 0 -0.659242 0
1.15855 0 0.121107 0.180506 0 0.353333 0 -0.656239 0
1.15861 0 0.110817 0.181656 0 0.353413 0 -0.653236 0
1.15867 0 0.100527 0.182806 0 0.353493 0 -0.650233 0
1.15873 0 0.0902379 0.183956 0 0.353573 0 -0.647231 0
1.15879 0 0.0799507 0.185106 0 0.353648 0 -0.644231 0
1.15887 0 0.0697171 0.186257 0 0.353625 0 -0.641314 0
1.15894 0 0.0594835 0.187408 0 0.353603 0 -0.638396 0
1.15901 0 0.04925 0.188559 0 0.35358 0 -0.635479 0
1.15909 0 0.0390164 0.189709 0 0.353558 0 -0.632561 0
1.15916 0 0.0287828 0.19086 0 0.353535 0 -0.629644 0
1.15924 0 0.0185492 0.192011 0 0.353513 0 -0.626726 0
1.15931 0 0.0083156 0.193162 0 0.35349 0 -0.623809 0
1.15939 0 -0.00191799 0.194313 0 0.353468 0 -0.620892 0
1.15946 0 -0.0121516 0.195464 0 0.353445 0 -0.617974 0
1.15953 0 -0.0223852 0.196614 0 0.353422 0 -0.615057 0
1.15962 0 -0.0325643 0.197766 0 0.353301 0 -0.61222 0
1.15971 0 -0.0427415 0.198918 0 0.353177 0 -0.609386 0
1.15979 0 -0.0529187 0.200069 0 0.353053 0 -0.606553 0
1.15988 0 -0.0630959 0.201221 0 0.352929 0 -0.603719 0
1.15997 0 -0.0732732 0.202373 0 0.352804 0 -0.600885 0
1.16005 0 -0.0834504 0.203525 0 0.35268 0 -0.598051 0
1.16014 0 -0.0936276 0.204676 0 0.352556 0 -0.595218 0
1.16023 0 -0.103805 0.205828 0 0.352431 0 -0.592384 0
1.16031 0 -0.113982 0.20698 0 0.352307 0 -0.58955 0
1.1604 0 -0.124159 0.208131 0 0.352183 0 -0.586716 0
1.16049 0 -0.134286 0.209284 0 0.351968 0 -0.583955 0
1.16059 0 -0.144406 0.210437 0 0.351743 0 -0.581202 0
1.16069 0 -0.154526 0.211589 0 0.351517 0 -0.578449 0
1.16078 0 -0.164646 0.212742 0 0.351291 0 -0.575697 0
1.16088 0 -0.174767 0.213895 0 0.351066 0 -0.572944 0
1.16098 0 -0.184887 0.215047 0 0.35084 0 -0.570191 0
1.16108 0 -0.195007 0.2162 0 0.350615 0 -0.567439 0
1.16117 0 -0.205127 0.217353 0 0.350389 0 -0.564686 0
1.16127 0 -0.215248 0.218505 0 0.350164 0 -0.561933 0
1.16137 0 -0.225368 0.219658 0 0.349938 0 -0.559181 0
1.16147 0 -0.235441 0.220811 0 0.349631 0 -0.556491 0
1.16157 0 -0.245504 0.221965 0 0.349305 0 -0.553816 0
1.16168 0 -0.255567 0.223119 0 0.348978 0 -0.551141 0
1.16178 0 -0.26563 0.224273 0 0.348652 0 -0.548466 0
1.16189 0 -0.275692 0.225426 0 0.348326 0 -0.54579 0
1.162 0 -0.285755 0.22658 0 0.348 0 -0.543115 0
1.1621 0 -0.295818 0.227734 0 0.347674 0 -0.54044 0
1.16221 0 -0.305881 0.228887 0 0.347348 0 -0.537765 0
1.16231 0 -0.315943 0.230041 0 0.347021 0 -0.53509 0
1.16242 0 -0.326006 0.231195 0 0.346695 0 -0.532415 0
1.16253 0 -0.336026 0.232349 0 0.346295 0 -0.529794 0
1.16264 0 -0.346031 0.233504 0 0.345869 0 -0.527192 0
1.16275 0 -0.356036 0.234659 0 0.345443 0 -0.52459 0
1.16286 0 -0.366042 0.235814 0 0.345016 0 -0.521988 0
1.16297 0 -0.376047 0.236969 0 0.34459 0 -0.519386 0
1.16308 0 -0.386052 0.238124 0 0.344164 0 -0.516784 0
1.16319 0 -0.396057 0.239278 0 0.343738 0 -0.514182 0
1.1633 0 -0.406062 0.240433 0 0.343312 0 -0.51158 0
1.16341 0 -0.416067 0.241588 0 0.342885 0 -0.508978 0
1.16352 0 -0.426072 0.242743 0 0.342459 0 -0.506376 0
1.16363 0 -0.43604 0.243898 0 0.341967 0 -0.503819 0
1.16375 0 -0.445987 0.245054 0 0.341441 0 -0.501285 0
1.16386 0 -0.455935 0.24621 0 0.340916 0 -0.498751 0
1.16397 0 -0.465883 0.247366 0 0.34039 0 -0.496217 0
1.16409 0 -0.475831 0.248522 0 0.339864 0 -0.493683 0
1.1642 0 -0.485779 0.249678 0 0.339338 0 -0.491149 0
1.16431 0 -0.495727 0.250834 0 0.338813 0 -0.488615 0
1.16443 0 -0.505675 0.25199 0 0.338287 0 -0.48608 0
1.16454 0 -0.515623 0.253146 0 0.337761 0 -0.483546 0
1.16465 0 -0.52557 0.254302 0 0.337236 0 -0.481012 0
1.16477 0 -0.535485 0.255459 0 0.336652 0 -0.478515 0
1.16488 0 -0.545377 0.256616 0 0.336027 0 -0.476043 0
1.16499 0 -0.555268 0.257773 0 0.335403 0 -0.47357 0
1.1651 0 -0.56516 0.25893 0 0.334778 0 -0.471098 0
1.16522 0 -0.575051 0.260087 0 0.334153 0 -0.468626 0
1.16533 0 -0.584943 0.261244 0 0.333529 0 -0.466154 0
1.16544 0 -0.594835 0.262401 0 0.332904 0 -0.463682 0
1.16555 0 -0.604726 0.263558 0 0.33228 0 -0.46121 0
1.16566 0 -0.614618 0.264715 0 0.331655 0 -0.458738 0
1.16578 0 -0.624509 0.265872 0 0.33103 0 -0.456266 0
1.16589 0 -0.634373 0.26703 0 0.330355 0 -0.453822 0
1.16599 0 -0.644209 0.268188 0 0.329632 0 -0.451405 0
1.1661 0 -0.654046 0.269346 0 0.328909 0 -0.448988 0
1.16621 0 -0.663883 0.270504 0 0.328186 0 -0.446572 0
1.16631 0 -0.673719 0.271663 0 0.327463 0 -0.444155 0
1.16642 0 -0.683556 0.272821 0 0.32674 0 -0.441738 0
1.16653 0 -0.693393 0.273979 0 0.326018 0 -0.439321 0
1.16664 0 -0.70323 0.275137 0 0.325295 0 -0.436905 0
1.16674 0 -0.713066 0.276295 0 0.324572 0 -0.434488 0
1.16685 0 -0.722903 0.277453 0 0.323849 0 -0.432071 0
1.16695 0 -0.732716 0.278612 0 0.323083 0 -0.429675 0
1.16705 0 -0.7425 0.279771 0 0.322262 0 -0.427307 0
1.16715 0 -0.752284 0.28093 0 0.321441 0 -0.424938 0
1.16725 0 -0.762067 0.282089 0 0.32062 0 -0.42257 0
1.16735 0 -0.771851 0.283248 0 0.3198 0 -0.420201 0
1.16744 0 -0.781634 0.284408 0 0.318979 0 -0.417833 0
1.16754 0 -0.791418 0.285567 0 0.318158 0 -0.415465 0
1.16764 0 -0.801202 0.286726 0 0.317337 0 -0.413096 0
1.16774 0 -0.810985 0.287885 0 0.316516 0 -0.410728 0
1.16784 0 -0.820769 0.289044 0 0.315696 0 -0.408359 0
1.16793 0 -0.830534 0.290204 0 0.31484 0 -0.406005 0
1.16801 0 -0.840267 0.291364 0 0.313921 0 -0.403678 0
1.1681 0 -0.849999 0.292524 0 0.313003 0 -0.40135 0
1.16819 0 -0.859732 0.293684 0 0.312085 0 -0.399023 0
1.16827 0 -0.869464 0.294844 0 0.311167 0 -0.396695 0
1.16836 0 -0.879197 0.296004 0 0.310249 0 -0.394368 0
1.16844 0 -0.888929 0.297164 0 0.309331 0 -0.39204 0
1.16853 0 -0.898662 0.298323 0 0.308413 0 -0.389713 0
1.16861 0 -0.908394 0.299483 0 0.307495 0 -0.387385 0
1.1687 0 -0.918127 0.300643 0 0.306576 0 -0.385058 0
1.16878 0 -0.927845 0.301804 0 0.305631 0 -0.38274 0
1.16885 0 -0.937529 0.302964 0 0.304616 0 -0.380446 0
1.16892 0 -0.947212 0.304125 0 0.303601 0 -0.378152 0
1.16899 0 -0.956895 0.305286 0 0.302586 0 -0.375858 0
1.16906 0 -0.966579 0.306446 0 0.301571 0 -0.373564 0
1.16913 0 -0.976262 0.307607 0 0.300556 0 -0.37127 0
1.1692 0 -0.985945 0.308768 0 0.299541 0 -0.368976 0
1.16927 0 -0.995629 0.309928 0 0.298526 0 -0.366682 0
1.16934 0 -1.00531 0.311089 0 0.297511 0 -0.364388 0
1.16941 0 -1.015 0.31225 0 0.296496 0 -0.362094 0
1.16947 0 -1.02467 0.313411 0 0.295461 0 -0.359806 0
1.16953 0 -1.0343 0.314572 0 0.294349 0 -0.357538 0
1.16958 0 -1.04394 0.315733 0 0.293238 0 -0.35527 0
1.16963 0 -1.05358 0.316894 0 0.292127 0 -0.353003 0
1.16968 0 -1.06321 0.318055 0 0.291015 0 -0.350735 0
1.16974 0 -1.07285 0.319217 0 0.289904 0 -0.348467 0
1.16979 0 -1.08248 0.320378 0 0.288793 0 -0.346199 0
1.16984 0 -1.09212 0.321539 0 0.287681 0 -0.343932 0
1.16989 0 -1.10175 0.3227 0 0.28657 0 -0.341664 0
1.16995 0 -1.11139 0.323861 0 0.285459 0 -0.339396 0
1.17 0 -1.12102 0.325023 0 0.284335 0 -0.337131 0
1.17003 0 -1.13061 0.326184 0 0.283127 0 -0.334883 0
1.17006 0 -1.1402 0.327346 0 0.28192 0 -0.332634 0
1.1701 0 -1.14979 0.328507 0 0.280713 0 -0.330386 0
1.17013 0 -1.15937 0.329669 0 0.279506 0 -0.328137 0
1.17017 0 -1.16896 0.330831 0 0.278298 0 -0.325889 0
1.1702 0 -1.17855 0.331992 0 0.277091 0 -0.32364 0
1.17024 0 -1.18814 0.333154 0 0.275884 0 -0.321392 0
1.17027 0 -1.19773 0.334315 0 0.274677 0 -0.319144 0
1.17031 0 -1.20732 0.335477 0 0.27347 0 -0.316895 0
1.17034 0 -1.2169 0.336638 0 0.272257 0 -0.314647 0
1.17036 0 -1.22645 0.3378 0 0.270954 0 -0.312411 0
1.17038 0 -1.23599 0.338962 0 0.269652 0 -0.310176 0
1.1704 0 -1.24553 0.340124 0 0.268349 0 -0.30794 0
1.17042 0 -1.25507 0.341285 0 0.267046 0 -0.305704 0
1.17044 0 -1.26462 0.342447 0 0.265744 0 -0.303468 0
1.17045 0 -1.27416 0.343609 0 0.264441 0 -0.301232 0
1.17047 0 -1.2837 0.344771 0 0.263138 0 -0.298996 0
1.17049 0 -1.29324 0.345932 0 0.261836 0 -0.29676 0
1.17051 0 -1.30278 0.347094 0 0.260533 0 -0.294525 0
1.17053 0 -1.31233 0.348256 0 0.25923 0 -0.292289 0
1.17054 0 -1.32182 0.349418 0 0.257834 0 -0.290059 0
1.17054 0 -1.33132 0.350579 0 0.256437 0 -0.28783 0
1.17055 0 -1.34081 0.351741 0 0.255039 0 -0.285601 0
1.17056 0 -1.35031 0.352903 0 0.253642 0 -0.283371 0
1.17056 0 -1.3598 0.354065 0 0.252244 0 -0.281142 0
1.17057 0 -1.3693 0.355227 0 0.250847 0 -0.278913 0
1.17058 0 -1.37879 0.356388 0 0.249449 0 -0.276683 0
1.17058 0 -1.38829 0.35755 0 0.248051 0 -0.274454 0
1.17059 0 -1.39778 0.358712 0 0.246654 0 -0.272225 0
1.1706 0 -1.40728 0.359874 0 0.245256 0 -0.269995 0
1.1706 0 -1.41673 0.361036 0 0.243773 0 -0.267767 0
1.1706 0 -1.42617 0.362198 0 0.242281 0 -0.265539 0
1.17061 0 -1.43562 0.363359 0 0.240789 0 -0.263311 0
1.17061 0 -1.44506 0.364521 0 0.239297 0 -0.261082 0
1.17061 0 -1.45451 0.365683 0 0.237805 0 -0.258854 0
1.17061 0 -1.46395 0.366845 0 0.236313 0 -0.256626 0
1.17062 0 -1.4734 0.368007 0 0.234821 0 -0.254398 0
1.17062 0 -1.48285 0.369169 0 0.233329 0 -0.25217 0
1.17062 0 -1.49229 0.37033 0 0.231837 0 -0.249941 0
1.17062 0 -1.50174 0.371492 0 0.230345 0 -0.247713 0
1.17063 0 -1.51114 0.372654 0 0.228774 0 -0.245482 0
1.17064 0 -1.52054 0.373816 0 0.227188 0 -0.24325 0
1.17065 0 -1.52993 0.374978 0 0.225602 0 -0.241019 0
1.17065 0 -1.53933 0.37614 0 0.224016 0 -0.238787 0
1.17066 0 -1.54872 0.377302 0 0.22243 0 -0.236556 0
1.17067 0 -1.55812 0.378464 0 0.220844 0 -0.234324 0
1.17068 0 -1.56751 0.379626 0 0.219258 0 -0.232092 0
1.17069 0 -1.57691 0.380788 0 0.217672 0 -0.229861 0
1.17069 0 -1.5863 0.381949 0 0.216086 0 -0.227629 0
1.1707 0 -1.5957 0.383111 0 0.2145 0 -0.225397 0
1.17064 0 -1.6054 0.384273 0 0.21284 0 -0.223166 0
1.17056 0 -1.61521 0.385434 0 0.211156 0 -0.220934 0
1.17049 0 -1.62502 0.386595 0 0.209472 0 -0.218702 0
1.17041 0 -1.63482 0.387756 0 0.207788 0 -0.216471 0
1.17033 0 -1.64463 0.388917 0 0.206104 0 -0.214239 0
1.17025 0 -1.65444 0.390078 0 0.20442 0 -0.212007 0
1.17017 0 -1.66424 0.391239 0 0.202736 0 -0.209776 0
1.17009 0 -1.67405 0.392401 0 0.201052 0 -0.207544 0
1.17001 0 -1.68386 0.393562 0 0.199368 0 -0.205312 0
1.16993 0 -1.69367 0.394723 0 0.197684 0 -0.203081 0
1.16985 0 -1.70347 0.395883 0 0.195933 0 -0.200849 0
1.16977 0 -1.71328 0.397044 0 0.194151 0 -0.198617 0
1.16969 0 -1.72308 0.398204 0 0.192369 0 -0.196386 0
1.16961 0 -1.73289 0.399364 0 0.190587 0 -0.194154 0
1.16952 0 -1.74269 0.400525 0 0.188804 0 -0.191922 0
1.16944 0 -1.7525 0.401685 0 0.187022 0 -0.189691 0
1.16936 0 -1.7623 0.402845 0 0.18524 0 -0.187459 0
1.16928 0 -1.77211 0.404006 0 0.183458 0 -0.185227 0
1.1692 0 -1.78191 0.405166 0 0.181676 0 -0.182996 0
1.16912 0 -1.79172 0.406326 0 0.179894 0 -0.180764 0
1.16904 0 -1.80152 0.407486 0 0.178052 0 -0.178532 0
1.16895 0 -1.81133 0.408645 0 0.176172 0 -0.176301 0
1.16887 0 -1.82113 0.409805 0 0.174292 0 -0.174069 0
1.16879 0 -1.83093 0.410964 0 0.172412 0 -0.171837 0
1.16871 0 -1.84074 0.412124 0 0.170532 0 -0.169606 0
1.16862 0 -1.85054 0.413283 0 0.168652 0 -0.167374 0
1.16854 0 -1.86034 0.414443 0 0.166772 0 -0.165143 0
1.16846 0 -1.87015 0.415602 0 0.164891 0 -0.162911 0
1.16838 0 -1.87995 0.416762 0 0.163011 0 -0.160679 0
1.16829 0 -1.88975 0.417921 0 0.161131 0 -0.158448 0
1.16821 0 -1.89955 0.41908 0 0.159199 0 -0.156216 0
1.16813 0 -1.90936 0.420239 0 0.157221 0 -0.153984 0
1.16804 0 -1.91916 0.421398 0 0.155243 0 -0.151753 0
1.16796 0 -1.92896 0.422556 0 0.153265 0 -0.149521 0
1.16788 0 -1.93876 0.423715 0 0.151286 0 -0.147289 0
1.16779 0 -1.94856 0.424874 0 0.149308 0 -0.145058 0
1.16771 0 -1.95836 0.426032 0 0.14733 0 -0.142826 0
1.16762 0 -1.96817 0.427191 0 0.145352 0 -0.140594 0
1.16754 0 -1.97797 0.42835 0 0.143374 0 -0.138363 0
1.16746 0 -1.98777 0.429508 0 0.141396 0 -0.136131 0
1.16737 0 -1.99757 0.430666 0 0.139373 0 -0.133899 0
1.16728 0 -2.00737 0.431824 0 0.137297 0 -0.131668 0
1.1672 0 -2.01717 0.432982 0 0.135221 0 -0.129436 0
1.16711 0 -2.02697 0.43414 0 0.133145 0 -0.127204 0
1.16703 0 -2.03677 0.435298 0 0.131068 0 -0.124973 0
1.16694 0 -2.04657 0.436455 0 0.128992 0 -0.122741 0
1.16686 0 -2.05637 0.437613 0 0.126916 0 -0.120509 0
1.16677 0 -2.06617 0.438771 0 0.12484 0 -0.118278 0
1.16669 0 -2.07597 0.439929 0 0.122764 0 -0.116046 0
1.1666 0 -2.08577 0.441087 0 0.120688 0 -0.113814 0
1.16652 0 -2.09556 0.442244 0 0.118574 0 -0.111583 0
1.16643 0 -2.10536 0.443401 0 0.1164 0 -0.109351 0
1.16634 0 -2.11516 0.444558 0 0.114226 0 -0.107119 0
1.16625 0 -2.12496 0.445715 0 0.112052 0 -0.104888 0
1.16617 0 -2.13475 0.446872 0 0.109878 0 -0.102656 0
1.16608 0 -2.14455 0.448029 0 0.107704 0 -0.100425 0
1.16599 0 -2.15435 0.449186 0 0.10553 0 -0.0981929 0
1.16591 0 -2.16415 0.450343 0 0.103355 0 -0.0959612 0
1.16582 0 -2.17395 0.451499 0 0.101181 0 -0.0937295 0
1.16573 0 -2.18374 0.452656 0 0.0990072 0 -0.0914979 0
1.16565 0 -2.19354 0.453813 0 0.0968034 0 -0.0892662 0
1.16556 0 -2.20334 0.454969 0 0.0945314 0 -0.0870346 0
1.16547 0 -2.21313 0.456125 0 0.0922593 0 -0.0848029 0
1.16538 0 -2.22293 0.457281 0 0.0899872 0 -0.0825713 0
1.16529 0 -2.23272 0.458437 0 0.0877151 0 -0.0803396 0
1.1652 0 -2.24252 0.459593 0 0.085443 0 -0.078108 0
1.16512 0 -2.25231 0.460749 0 0.0831709 0 -0.0758763 0
1.16503 0 -2.26211 0.461905 0 0.0808988 0 -0.0736446 0
1.16494 0 -2.27191 0.463061 0 0.0786267 0 -0.071413 0
1.16485 0 -2.2817 0.464217 0 0.0763546 0 -0.0691813 0
1.16476 0 -2.2915 0.465373 0 0.0740603 0 -0.0669497 0
1.16467 0 -2.30129 0.466528 0 0.0716903 0 -0.064718 0
1.16458 0 -2.31108 0.467684 0 0.0693203 0 -0.0624864 0
1.16449 0 -2.32088 0.468839 0 0.0669502 0 -0.0602547 0
1.16441 0 -2.33067 0.469994 0 0.0645802 0 -0.058023 0
1.16432 0 -2.34046 0.471149 0 0.0622102 0 -0.0557914 0
1.16423 0 -2.35026 0.472304 0 0.0598402 0 -0.0535597 0
1.16414 0 -2.36005 0.473459 0 0.0574701 0 -0.0513281 0
1.16405 0 -2.36985 0.474614 0 0.0551001 0 -0.0490964 0
1.16396 0 -2.37964 0.47577 0 0.0527301 0 -0.0468648 0
1.16387 0 -2.38943 0.476925 0 0.0503452 0 -0.0446331 0
1.16378 0 -2.39922 0.478079 0 0.0478773 0 -0.0424015 0
1.16369 0 -2.40902 0.479233 0 0.0454093 0 -0.0401698 0
1.1636 0 -2.41881 0.480387 0 0.0429414 0 -0.0379381 0
1.1635 0 -2.4286 0.481541 0 0.0404735 0 -0.0357065 0
1.16341 0 -2.43839 0.482696 0 0.0380055 0 -0.0334748 0
1.16332 0 -2.44818 0.48385 0 0.0355376 0 -0.0312432 0
1.16323 0 -2.45797 0.485004 0 0.0330696 0 -0.0290115 0
1.16314 0 -2.46777 0.486158 0 0.0306017 0 -0.0267799 0
1.16305 0 -2.47756 0.487313 0 0.0281337 0 -0.0245482 0
1.16296 0 -2.48735 0.488467 0 0.0256584 0 -0.0223166 0
1.16287 0 -2.49714 0.48962 0 0.0230926 0 -0.0200849 0
1.16278 0 -2.50693 0.490773 0 0.0205267 0 -0.0178532 0
1.16268 0 -2.51672 0.491927 0 0.0179609 0 -0.0156216 0
1.16259 0 -2.52651 0.49308 0 0.015395 0 -0.0133899 0
1.1625 0 -2.5363 0.494233 0 0.0128292 0 -0.0111583 0
1.16241 0 -2.54609 0.495387 0 0.0102634 0 -0.00892662 0
1.16232 0 -2.55588 0.49654 0 0.00769752 0 -0.00669497 0
1.16222 0 -2.56567 0.497693 0 0.00513168 0 -0.00446331 0
1.16213 0 -2.57546 0.498847 0 0.00256584 0 -0.00223166 0
1.16204 0 -2.58525 0.5 0 1.88734e-14 0 3.10598e-15 0
0 0 0 0 0 0 0 7.40561e-38 0
