46.2053 53.5032 -33.3313 51.018
47.0645 53.0185 -32.4887 50.6441
47.9598 52.5899 -31.6994 50.335
48.805 52.1939 -30.8877 50.0275
49.6863 51.767 -30.0871 49.7094
52.2243 50.854 -26.9991 48.6147
53.643 46.7459 -25.8362 43.7478
55.2298 43.6408 -24.824 41.5453
56.1229 43.2302 -24.036 41.2462
57.68 39.0688 -22.9717 39.4424
58.8037 38.5893 -22.1711 39.1376
60.3781 35.9467 -20.9069 35.5873
61.7995 33.3318 -19.964 33.6723
63.0188 32.7768 -18.8643 33.2328
61.7216 28.8604 -18.2592 29.8269
62.9398 28.3048 -17.1603 29.3871
51.4483 23.5669 -17.6348 23.2675
52.6632 23.009 -16.538 22.8267
53.8782 22.4512 -15.4412 22.386
52.0297 20.8119 -14.6241 18.8573
53.2438 20.2534 -14.0504 18.5925
48.2481 17.5599 -13.2704 16.6827
42.3541 15.1705 -12.5171 13.4549
43.8379 14.4907 -11.9793 13.1396
42.136 12.7846 -11.6424 11.9243
27.819 4.29265 -15.4336 6.69058
29.2913 3.60319 -14.0694 6.10954
24.4369 -1.06833 -12.8148 -1.52767
25.9032 -1.7636 -11.4544 -2.11157
25.8759 -3.30969 -10.3069 -3.79128
27.4149 -5.23544 -8.88851 -5.32463
22.57 -6.17107 -8.89109 -7.47484
24.2535 -6.96487 -7.29286 -8.19216
23.6982 -8.10409 -5.69464 -8.90948
23.4805 -9.28993 -5.04672 -11.3319
25.161 -10.0866 -3.45026 -12.0509
23.6217 -11.422 -4.03447 -12.5029
21.2027 -11.5339 -3.53442 -13.2064
22.8787 -12.3354 -1.94026 -13.9279
22.6639 -13.7447 -2.47679 -15.1465
20.014 -13.9691 -3.21631 -15.5114
21.809 -14.8223 -1.47807 -16.3242
22.0788 -15.5412 -0.655888 -17.4507
21.6376 -15.7923 -0.301393 -17.8034
21.4334 -16.1984 0.172987 -18.4306
20.8289 -16.3073 0.333371 -18.6708
20.1572 -16.3648 0.418551 -18.8484
19.9474 -16.561 0.656742 -19.212
19.4533 -16.4948 0.615014 -19.2165
21.2787 -17.2074 0.525803 -19.19
18.9557 -16.4756 0.605627 -19.3608
18.7734 -16.3168 0.526207 -19.2441
18.6497 -16.1458 0.533808 -19.2047
19.0025 -16.1347 0.658391 -19.2985
20.9747 -17.0658 2.63645 -20.2821
19.549 -15.7572 0.534467 -18.9753
19.6649 -15.3815 0.250553 -18.5281
17.1546 -14.7541 -4.26071 -15.5077
19.1241 -15.6913 -2.28496 -16.4965
17.689 -14.769 -4.06971 -15.0025
15.007 -8.63127 -5.87636 -13.2918
12.6799 -5.72378 -7.18573 -11.8985
14.7448 -6.68273 -5.05215 -13.0104
16.8096 -7.64169 -2.91857 -14.1223
14.7132 -4.63441 -3.73973 -13.0097
16.7783 -5.595 -1.60649 -14.1233
16.901 -5.86523 0.490839 -14.4245
16.7433 -3.87422 -0.853872 -13.5469
16.4851 -2.8128 -0.784945 -13.0062
16.2691 -1.92075 -0.777218 -12.4695
11.9602 2.4459 -4.3668 -9.14508
14.0548 1.48365 -2.16894 -10.3183
16.1808 0.525915 0.102031 -11.5522
14.2128 3.0991 -1.37156 -9.68106
16.3394 2.13981 0.899473 -10.9166
16.3532 2.90596 1.15745 -10.5357
18.4413 2.87705 1.38222 -11.0116
16.3756 4.31302 1.48486 -9.61852
16.2224 5.08173 1.30981 -8.82944
18.3503 4.11936 3.58122 -10.0682
8.72734 11.1807 -6.30723 -1.73584
10.8662 10.227 -3.98744 -3.02335
7.53814 15.0686 -5.76099 -1.19509
9.66072 14.9509 -4.40275 -2.16212
7.99238 16.6555 -4.13121 -1.42664
10.1485 15.7185 -1.73808 -2.78677
11.1036 15.6647 -0.432592 -3.41627
10.5591 16.5294 -0.933177 -2.62923
12.7174 15.59 1.46026 -3.99126
13.5378 15.4737 2.34039 -4.23712
14.1561 15.6194 1.06499 -3.42962
13.4924 15.811 1.59858 -2.88562
15.6435 14.9287 4.09639 -4.35984
15.0365 15.0476 2.55927 -2.78615
17.1873 14.1646 5.05739 -4.26163
17.9011 13.8325 5.5061 -4.24336
18.443 13.5447 3.13933 -2.92047
20.6022 12.5136 5.63738 -4.39808
19.7559 12.4821 5.82585 -3.40581
20.263 12.0417 5.62871 -2.80197
20.7882 11.4693 5.40004 -2.26461
21.4637 10.7906 5.45497 -2.05115
20.4322 10.5247 2.71179 0.277324
22.5446 9.72133 5.30265 -1.31204
24.6674 8.60762 5.37719 -1.94501
22.1155 8.80776 2.56704 0.495867
24.2269 8.00297 5.13733 -0.316949
24.8252 7.40587 5.14352 -0.0495698
20.8948 7.35852 -2.49258 5.54592
21.7751 6.69513 -1.85505 5.20424
23.8848 5.88716 0.738675 3.60894
24.8933 5.24326 1.68361 3.0225
24.2525 5.0583 0.0704199 4.31725
26.2928 4.35987 2.74443 2.61237
27.0355 3.84609 3.36555 2.25519
26.229 3.54328 1.43639 3.63284
28.2683 2.84335 4.11109 1.92592
28.8997 2.34737 4.53416 1.7191
27.8833 2.08748 -2.28458 6.28151
29.9218 1.38665 0.391122 4.57108
26.6361 1.42963 -1.93551 5.86735
28.6639 0.738977 0.747087 4.14485
30.6044 0.173075 3.49385 2.32458
26.208 1.46169 -0.896829 3.8828
27.3636 1.08826 1.84982 2.05828
28.3041 0.857747 3.23698 1.1841
29.0144 0.658636 2.38444 1.61959
29.6497 0.358469 5.13086 -0.206995
31.5876 -0.212349 7.87734 -2.03362
33.5255 -0.780118 8.88218 -2.91832
35.4634 -1.3508 11.6285 -4.7456
22.1899 3.33117 0.222742 -2.04772
23.5541 3.36017 3.55273 -4.20268
24.2387 3.4722 5.22716 -5.58556
26.0507 3.05625 7.00867 -6.95558
27.8651 2.52842 9.813 -8.9057
28.1793 2.51617 11.6139 -10.3665
28.8334 2.34921 10.1393 -9.77492
30.6452 1.9327 12.9426 -11.7266
29.959 1.71292 13.5604 -11.534
30.2749 1.4604 13.5221 -11.2671
30.512 1.15425 10.4858 -8.94201
32.1951 0.425087 13.3446 -10.9998
30.7806 0.863246 13.2214 -10.7763
30.7019 0.82658 12.657 -10.0886
32.3762 0.0126233 12.0562 -10.7933
30.5936 0.556436 11.7243 -9.21345
30.435 0.498094 10.9319 -8.32058
32.0987 0.270876 13.7952 -10.3874
30.1991 0.281495 9.7304 -7.18501
30.0119 0.2401 8.88405 -6.23974
26.3913 0.0897573 1.50482 -0.423005
27.9065 0.0511975 4.41945 -2.5915
21.9688 2.20619 -5.83974 4.90817
23.4599 2.19509 -2.91525 2.71851
23.7221 2.6598 0.00914037 0.528776
24.5461 2.9507 1.24779 -0.609884
25.1734 3.15049 2.61706 -1.53542
26.6641 3.13837 3.81205 -3.03931
26.2951 3.33957 5.16886 -3.62892
26.7127 3.40871 5.88901 -4.02877
28.2031 3.39565 8.8148 -6.22182
27.3087 3.63582 7.35334 -5.24968
26.4836 4.33822 8.43069 -6.19613
27.7878 4.15865 8.9245 -6.43164
27.9139 4.37131 9.39526 -6.77837
27.8974 4.51829 9.34506 -6.60869
27.8069 4.02441 9.2211 -5.55435
29.1058 4.25986 12.2073 -7.86565
30.4046 4.49531 15.1935 -10.1769
25.2865 5.12451 5.80287 -3.54837
26.5882 4.91086 7.04211 -5.16849
26.7408 5.23131 7.49675 -5.25724
25.5044 6.01063 7.62737 -5.2918
26.5984 5.86293 8.10231 -5.89419
27.6907 5.70068 8.38888 -6.18756
21.3172 3.35011 -5.19258 3.16754
22.4023 3.86119 -2.14023 0.722055
23.6474 4.2301 1.22105 -2.08107
24.7321 4.74134 3.79049 -3.99561
25.7217 4.79262 6.49567 -6.29823
25.5713 4.8502 6.85224 -6.47614
26.5151 5.04217 8.51569 -7.99353
27.372 5.8632 11.6298 -10.5645
27.7784 6.36021 13.3568 -12.1176
28.0515 6.48661 13.8356 -12.2177
28.9164 6.42138 14.2127 -12.5766
28.0475 7.10294 14.7656 -13.2203
27.9785 7.22409 14.5729 -12.9501
28.8434 6.93066 14.2484 -14.1415
28.6608 7.12801 14.2131 -12.8239
27.4786 7.52451 13.545 -12.1377
27.0832 7.74294 12.8983 -10.307
26.6424 8.15795 12.6185 -11.6233
26.358 8.58386 12.6708 -11.827
26.0118 8.73197 11.765 -10.8298
25.5897 10.3097 11.4044 -12.1152
25.2661 9.32492 10.9658 -10.4283
24.8932 9.41072 10.0387 -9.57099
24.4331 11.0044 13.2301 -12.2744
24.068 9.79499 8.72677 -8.78785
23.7628 9.77354 7.77896 -7.91872
23.2886 8.47518 6.9637 -7.33342
23.6385 10.0126 10.2338 -10.1734
21.2041 8.56222 0.122148 -2.22862
21.5531 10.1 3.39742 -5.06984
21.0203 9.56739 1.08777 -3.11127
21.0763 9.7465 1.34598 -3.25415
21.4247 11.2847 4.62523 -6.09614
20.9912 10.4815 2.37188 -4.43539
21.3347 12.0288 5.65564 -7.27694
20.4023 8.24353 -2.81488 -0.211595
20.638 9.95039 0.505735 -3.11452
20.7208 10.5994 3.87798 -6.09939
20.7966 12.5464 7.24892 -9.08437
20.6793 12.7976 5.31243 -7.52648
20.7682 12.9449 5.29002 -9.15458
20.6526 13.2796 5.74415 -8.23458
20.2401 9.20787 -0.830651 -3.10245
20.5096 11.0747 2.55076 -6.08943
20.8079 11.3222 0.969261 -5.73181
20.9012 11.4164 4.36191 -7.56544
21.1801 11.8328 5.22624 -8.41866
21.071 12.2216 2.33596 -7.46185
20.861 14.6135 5.81809 -10.5985
20.9954 9.70611 -0.908941 -3.64631
20.7841 12.0989 2.5822 -6.78154
21.2022 10.8701 3.91269 -8.11557
21.3704 11.031 4.48425 -8.54704
21.159 13.4245 7.97883 -11.6819
21.2378 13.743 8.49037 -12.2299
21.3401 12.0273 6.01383 -10.1953
21.2766 10.4247 3.18644 -8.04491
20.7725 13.2989 6.79977 -11.3355
20.5249 13.9695 7.2682 -11.8639
20.4493 12.3368 7.67111 -10.7504
20.053 15.1671 7.99566 -12.7424
19.8214 15.6997 8.26318 -13.0932
19.7438 13.6997 4.54428 -10.0347
19.237 16.5752 8.17031 -13.3233
18.9994 16.9761 8.20683 -13.4758
18.9794 14.7685 1.25721 -7.67589
18.4516 15.5353 4.91594 -10.9936
18.0501 18.7638 8.67773 -14.4462
17.8222 16.2747 9.14819 -14.9283
17.6692 19.4005 12.9127 -18.379
17.0681 20.2744 8.49979 -14.6725
16.7267 20.4094 7.78012 -14.1493
15.9777 20.8183 7.03982 -15.8379
15.7557 21.3088 6.88617 -14.0648
15.592 21.1242 6.03398 -13.3968
15.3305 18.0414 5.30049 -12.9987
15.0756 21.2566 5.13777 -13.2679
14.5103 22.1577 5.05659 -13.4094
14.3222 18.9897 4.4698 -12.9568
13.8854 22.6659 4.101 -12.91
13.4281 23.4211 4.26969 -13.4488
13.3428 23.277 3.71531 -13.0098
12.2213 27.2328 7.66724 -16.6263
12.7724 23.9591 3.38822 -13.3645
12.8395 23.6157 2.8341 -12.923
16.0792 12.3386 6.85964 -16.5143
16.3329 12.7457 6.45939 -9.95615
16.4571 13.8258 -5.13703 -7.72897
21.9831 3.83723 -8.81573 -2.38488
20.6033 5.91614 -4.64485 -6.17933
19.1651 10.4779 -1.96859 -8.1765
21.1558 11.259 1.20285 -10.7125
21.9283 11.2803 2.7867 -11.4968
22.1041 9.52552 4.33459 -11.5044
21.8973 13.5847 6.20851 -14.4153
23.6585 10.1707 4.09973 -12.0043
22.207 14.7317 8.2956 -15.7814
20.4573 19.9124 12.6808 -19.7461
21.216 18.359 11.2739 -18.4905
21.3322 18.5038 11.366 -18.2076
19.5644 23.7118 15.7724 -22.1752
22.8439 13.0453 4.38742 -12.2475
21.0735 18.2549 8.80859 -16.2114
22.5611 14.7213 5.98804 -13.5824
22.1768 16.1943 6.81446 -14.0399
23.6175 15.9946 3.27407 -10.7776
21.834 21.2026 7.7189 -14.7323
21.267 19.243 8.61684 -15.5348
20.9697 20.0678 8.69042 -15.43
31.2591 -3.07267 -5.84418 -0.840679
29.1475 2.83448 -1.1194 -4.98072
29.0363 5.25699 0.800142 -6.61507
29.1234 7.11661 3.7822 -8.59113
29.0851 9.03604 6.51678 -10.422
26.9619 14.9415 11.2576 -14.5545
28.519 12.6422 10.3096 -13.0532
30.014 9.33968 7.34447 -9.95658
27.6294 15.8514 12.3201 -14.2605
26.5438 18.6977 13.8233 -15.5676
27.3511 16.0619 10.1041 -14.1445
24.8962 22.7186 15.1405 -16.4935
24.1134 24.6224 15.8111 -16.9256
23.6084 25.5937 20.8642 -21.2584
22.454 27.8789 15.8289 -16.9983
21.8619 28.7144 15.1314 -16.3176
22.335 25.223 9.25202 -11.8469
19.8592 31.8776 14.3389 -16.1655
18.9991 33.5591 14.2801 -16.2019
17.8349 36.1123 15.1122 -16.9879
15.0309 43.5749 20.525 -21.5346
15.1526 38.9335 19.6823 -18.4359
15.8015 39.0564 13.2236 -13.0743
12.989 46.5192 18.6658 -17.6097
13.8552 41.7669 11.9478 -15.7477
11.0446 49.2342 17.3923 -20.2863
21.9693 22.5309 -8.60598 -0.647209
19.1316 29.9963 -3.11657 -5.16852
19.2886 27.0022 -2.66313 -6.70909
18.9077 34.2318 3.19878 -11.4749
19.5304 29.8582 5.42375 -11.1632
19.4648 30.8405 6.78018 -12.088
16.2856 39.1828 7.937 -15.2656
18.1576 34.6624 9.64408 -14.9761
18.61 28.4819 9.99356 -12.9166
15.4303 36.8327 15.9149 -17.6523
16.9085 37.7069 16.2175 -18.6743
19.4972 30.6993 6.00495 -13.4046
16.1065 39.5987 12.1939 -18.2876
15.5266 41.1784 13.2508 -19.2366
11.9802 50.4713 19.631 -24.2203
11.7446 50.9369 19.4403 -22.1095
14.1975 43.7842 20.1598 -22.2533
16.2106 43.5475 13.4239 -18.3018
12.6394 52.8424 19.8492 -23.2653
15.1274 45.6263 13.3633 -21.4862
15.5795 38.1132 6.79773 -17.1672
11.9952 47.4158 13.1966 -19.5141
11.655 48.1863 13.2827 -22.519
10.691 50.4728 20.2818 -25.6325
6.75024 60.8043 27.2575 -30.8461
20.4541 24.8163 28.4803 -21.3987
17.2845 26.8416 35.5684 -26.5083
13.3316 37.1941 42.6239 -31.6604
13.2765 39.0831 34.7676 -28.7477
39.4949 -13.6557 -16.7308 -2.94211
35.4823 -3.28854 -9.6219 -8.101
39.8719 -8.52022 -4.10035 -10.6135
35.6888 2.33044 2.26065 -15.5807
35.4379 5.88414 7.39339 -18.1713
35.318 8.27959 15.1226 -23.5997
34.0681 12.8576 15.3802 -22.9216
33.6512 15.0974 17.712 -23.9763
32.6457 18.0518 25.3919 -26.7677
31.1017 22.2197 21.7822 -26.6575
30.5989 23.812 22.145 -26.3404
29.5946 26.1929 29.9133 -31.7491
27.9627 29.857 22.9154 -26.8219
27.2775 31.3555 22.5078 -26.1928
25.724 34.5817 14.9615 -23.7732
23.7335 38.9698 23.4146 -26.8849
22.3789 42.0993 24.2136 -27.2811
21.4878 43.6328 23.5147 -26.4957
19.06 55.3885 24.0086 -29.9099
18.3559 50.1067 24.0326 -27.236
19.9767 50.0725 22.552 -26.0549
19.6136 43.1617 11.7915 -19.7566
14.5708 55.955 20.4737 -25.3601
9.48717 69.0847 20.259 -28.6028
11.8516 62.214 21.8133 -26.3942
11.7815 62.0051 20.6427 -25.2608
6.35906 76.1166 19.3907 -28.3047
8.63097 67.7719 19.2134 -25.2531
8.23235 67.9653 17.3753 -24.1388
2.6439 82.1089 26.9667 -30.0204
5.78488 71.7089 15.2709 -23.9561
2.22197 72.4853 13.2957 -22.8921
15.0463 45.3366 -6.78562 -12.5434
9.44943 59.8115 3.04348 -18.5011
3.32878 75.4739 13.666 -24.7198
-2.67026 91.1166 16.0585 -28.8368
2.80599 79.184 18.3379 -27.5171
2.79256 78.9459 17.422 -26.6311
-3.25092 94.6125 16.4569 -29.8707
1.06255 82.196 16.6298 -27.6748
1.2964 80.8237 14.9524 -26.8691
-4.79363 96.5165 25.6579 -33.0351
6.59378 65.9361 1.39869 -20.8154
0.238961 81.8802 12.351 -26.9978
-2.45025 97.6119 24.2121 -33.5128
-0.0784138 84.1258 15.2018 -29.4798
0.183129 83.2435 14.6024 -29.1354
0.168962 83.4229 13.6419 -29.1759
-0.676244 85.3669 14.3786 -30.3192
0.00714249 83.3233 13.201 -29.7659
-6.77098 100.754 25.1953 -36.2147
-4.38693 86.1112 14.9961 -31.82
35.572 0.344424 -13.269 -15.1023
28.6373 17.9982 -1.03993 -21.491
27.6613 22.6077 8.87456 -25.6141
23.1122 25.9774 17.0749 -28.9262
26.9689 28.9495 23.7478 -31.662
34.5036 27.2577 10.833 -28.8986
26.7467 46.66 24.4022 -35.5516
18.9899 66.0623 37.9714 -42.2045
2.0449 11.2639 44.4517 -29.3893
-5.80822 30.9355 58.3486 -35.737
-13.6656 50.6048 64.4112 -37.9401
-2.64188 20.1815 74.9686 -41.8127
4.69389 2.57782 70.9973 -39.4708
-3.86089 24.4319 86.0226 -41.2274
4.18016 37.3801 92.5719 -42.6969
-4.51085 59.2275 93.9945 -41.624
21.5582 25.8781 79.0429 -37.6089
12.8741 47.7858 94.359 -40.7288
10.9475 53.7023 97.3359 -41.0598
15.6603 40.1582 71.6682 -34.3963
6.88188 62.1158 86.8685 -35.562
3.01967 69.6936 87.2601 -35.2081
0.654596 73.901 85.5113 -33.0005
-2.42418 80.006 82.985 -31.2233
-6.68686 88.5335 86.7121 -31.2117
-8.66183 91.3212 85.7288 -28.9771
-11.1593 95.7887 83.0251 -32.4758
-14.9848 102.941 81.5032 -26.213
-16.3232 103.944 77.0487 -23.0426
-11.3575 88.1228 52.4828 -13.1606
-21.6697 112.593 70.3939 -19.8312
-31.7307 137.095 88.2678 -26.6508
-24.6824 118.98 69.0746 -22.7074
-25.6476 120.349 65.6994 -16.4274
-36.7834 147.634 85.7731 -23.655
-10.3234 78.9801 21.9145 -0.528604
-21.6477 106.419 42.1896 -7.68127
-32.9719 133.858 62.4637 -14.8335
-21.5505 106.756 42.6933 -7.45697
-32.9672 134.278 63.0515 -14.5742
-35.0297 138.116 62.9104 -15.3027
-23.9044 110.035 38.1083 -7.85893
-36.4113 139.988 60.4531 -15.2298
-23.4392 109.737 41.0055 -9.4819
-36.3792 140.576 64.0606 -16.9193
-30.1725 114.133 45.0048 -14.6508
-36.7251 142.041 67.8732 -19.0187
-38.3405 145.497 69.5846 -20.0908
-22.574 108.113 66.7089 -15.8932
-35.8356 139.271 90.0477 -23.1473
-11.1872 83.4465 32.5027 -13.0082
-24.6573 114.815 55.9574 -20.2892
-39.16 148.584 81.3069 -27.8498
-41.6873 155.82 76.7656 -30.1929
-48.1894 186.552 102.638 -33.19
-37.6632 150.931 103.977 -33.9178
-53.5986 185.931 130.557 -41.0651
-43.5613 154.282 126.461 -39.9648
-20.8674 107.955 64.7183 -25.3483
3.66681 41.3061 39.7865 -20.4108
-12.1239 77.2257 43.5004 -22.2021
-6.00096 77.0884 52.7119 -25.7138
6.31407 40.7271 57.6119 -26.5939
-11.7186 81.2603 66.414 -29.9777
-8.53578 86.5711 75.6721 -32.5892
10.3803 46.9607 79.573 -32.7237
-8.08413 87.8488 109.916 -40.3912
-11.9218 96.394 93.7841 -37.8124
-4.36771 90.0606 93.8738 -32.9643
-10.8686 94.254 124.441 -40.5414
-14.4654 101.384 96.1637 -38.6477
-5.98589 93.1381 64.3192 -31.0524
-13.4842 99.2794 96.9662 -38.9063
-19.0694 110.587 102.636 -39.9535
-19.0282 109.557 73.2712 -32.4124
-23.8306 120.042 107.902 -40.4015
-26.1713 125.092 113.102 -41.3024
-12.5241 86.5436 79.2544 -35.8625
-29.7657 131.613 113.837 -40.7049
-31.5716 135.238 116.631 -41.1047
-16.3057 93.1953 78.1615 -31.8664
-33.8864 138.735 113.238 -39.7775
-38.8937 142.853 116.331 -29.606
-66.356 197.609 155.995 -37.1255
-19.4867 89.318 69.0716 -28.4338
11.2113 11.2128 88.3144 -30.428
-16.811 68.5341 128.213 -38.2962
-45.3338 125.679 168.295 -45.5038
-66.0819 162.928 208.224 -53.215
-19.2859 65.0184 134.618 -36.8908
-27.4267 98.7728 174.859 -44.7892
-56.1541 157.286 176.754 -45.2096
-70.9859 189.828 190.202 -47.6477
-60.7395 175.586 187.775 -44.341
-94.5924 242.743 232.991 -52.5464
-73.5114 202.828 194.205 -44.0323
-72.4593 199.704 186.297 -40.5139
-84.2872 218.132 185.22 -38.859
-119.351 286.844 175.609 -42.3299
-90.1177 228.079 172.392 -35.4309
-86.7125 217.886 161.36 -25.8988
-122.809 287.972 207.47 -34.0677
-34.8499 112.499 83.3323 -18.532
-54.2933 149.077 126.772 -25.5832
-63.1956 178.926 133.992 -30.0506
-82.2271 215.612 177.238 -34.0955
-37.3398 121.012 182.063 -34.2981
-9.33311 69.7509 112.283 -23.6801
-28.8609 107.374 155.858 -31.4806
5.30943 -9.42504 22.7367 -4.83779
-15.5359 30.4388 67.1307 -12.1975
-25.4718 48.7013 93.3286 -18.7461
-14.787 28.3154 111.127 -21.2871
-5.78393 2.51806 156.333 -26.3024
-6.44903 9.82666 144.005 -27.085
19.5624 -47.3352 157.611 -24.5021
7.66485 -20.0179 168.629 -28.8308
-4.88894 -0.333483 185.961 -31.65
-4.66794 -3.18482 194.296 -31.2808
5.07594 -25.2012 199.267 -27.3324
-12.7521 6.54265 210.083 -31.8493
-23.643 24.0223 220.966 -32.5799
-40.4981 51.5341 208.925 -25.3957
-55.186 74.5624 201.426 -27.3505
-57.9961 78.1679 196.413 -24.8286
-36.2616 39.5085 179.395 -14.6622
-21.4561 13.8571 162.54 -15.4646
-30.9991 29.8029 163.474 -14.4169
-34.0575 34.2748 157.452 -6.9433
-35.52 34.2603 150.58 -8.78577
-41.2803 46.8572 158.685 -9.09392
-49.385 64.6955 157.286 -10.9493
-61.2467 84.7448 204.589 -17.6563
-30.8245 29.2043 98.8549 5.25516
-37.9949 41.5408 146.814 -1.93595
-45.3834 53.6942 194.806 -8.34643
-46.3861 54.3583 208.095 -8.73476
-23.6161 16.1991 217.156 -4.29206
-25.8493 24.9772 265.517 -11.3436
-22.2888 19.4516 211.431 -3.84363
-15.5757 8.29192 244.955 -28.2264
-22.4726 20.3333 294.006 -42.4259
-27.5774 28.763 298.033 -48.0667
-7.80667 -5.91818 301.686 -48.6418
-11.187 -0.446396 350.055 -55.3524
-10.1899 -0.195232 294.792 -50.402
-9.37052 -2.89379 225.398 -41.625
-12.8275 2.56932 273.663 -48.907
-12.8795 0.633556 266.443 -48.6019
-10.1807 -4.21808 89.2851 -23.1283
-13.769 1.25845 137.473 -31.0661
-16.4476 8.58366 100.816 -25.9012
-19.834 13.6486 148.975 -34.1084
-14.0002 6.76965 149.862 -33.4762
-10.5736 4.60578 141.96 -32.4412
-1.37704 -8.94038 138.543 -31.6721
0.675014 -11.0628 186.496 -38.7413
-41.1073 56.0789 -23.5558 -1.4107
-41.2599 56.2487 24.1797 -10.008
-7.78716 30.7494 30.8966 -38.7968
-20.7349 49.488 80.5456 -48.5051
-34.3522 67.6499 113.556 -62.7072
-7.66143 28.2279 160.497 -71.8026
32.0116 -14.7583 150.425 -71.5877
4.1707 17.9507 158.503 -72.6813
6.67422 14.735 204.659 -80.8765
-29.8721 55.5305 170.09 -74.5976
6.1788 9.69942 169.613 -73.2315
1.91291 16.1148 215.692 -81.6912
-11.8625 26.7926 170.337 -72.4901
-17.8729 31.6528 166.379 -70.7584
4.02486 1.57182 212.468 -79.3674
-4.49497 11.6421 163.04 -68.8703
-7.8372 13.5293 158.378 -66.1733
-9.27755 11.9288 110.167 -53.1498
-5.20007 7.16202 154.648 -62.172
-2.70475 3.077 162.025 -62.5448
-2.18235 -0.0127283 116.357 -49.7378
2.10973 -4.969 160.893 -58.3298
2.03239 -7.7691 68.8037 -36.1985
6.25846 -12.5414 113.232 -45.1586
10.5437 -17.2778 157.846 -53.595
14.3086 -21.8115 165.55 -54.016
19.4382 -27.6854 172.518 -56.6488
15.1774 -23.9761 164.373 -51.0643
8.53844 -19.5503 105.281 -33.6008
15.1191 -26.7267 147.406 -41.434
21.6997 -33.9031 189.368 -50.5064
25.3174 -36.4548 148.464 -39.244
13.5528 -26.5151 93.5337 -22.1452
20.1939 -33.615 135.504 -30.6041
11.605 -22.3927 134.247 -29.2619
9.46928 -21.2298 128.792 -25.1882
17.4068 -29.5503 121.057 -20.998
17.6402 -28.2486 118.947 -18.4316
6.6514 -16.2447 35.8317 6.885
12.7528 -21.758 74.7145 -2.95736
21.5651 -30.7321 113.721 -10.4208
8.1193 -14.6946 49.6766 5.52979
17.0019 -23.546 88.5371 -2.24767
25.8845 -32.3974 127.398 -10.0251
8.07494 -12.4725 66.2279 1.33949
14.5116 -17.7052 74.301 2.97431
28.4135 -29.7192 85.2955 0.211479
28.851 -29.3361 89.4407 1.42298
32.3084 -32.0337 96.6053 0.317164
35.9952 -34.7933 103.429 -0.256827
46.9901 -44.8821 138.71 -6.22198
15.8625 -14.8273 80.1733 7.38879
26.8088 -24.8484 115.316 0.878614
37.755 -34.8695 150.459 -5.63156
36.9959 -31.792 87.3189 3.87019
48.0308 -41.6312 122.274 -2.93303
49.4753 -39.8735 138.865 -7.54269
62.1326 -51.0392 170.302 -11.967
42.5682 -36.9039 104.67 -2.39594
55.2559 -47.9639 135.91 -7.19355
35.0505 -32.8158 81.9259 4.9139
47.7875 -43.709 113.076 -0.0448359
60.5245 -54.6022 144.227 -5.00357
45.1881 -42.1703 117.636 0.973275
57.9503 -52.9495 148.759 -4.09849
38.4994 -35.5284 147.251 -2.14467
21.6232 -25.3924 140.414 2.83377
35.7659 -37.1662 130.61 8.82268
34.1889 -34.2876 124.393 13.2402
33.4023 -34.2836 116.759 18.5291
21.1695 -25.1317 79.2879 29.0831
35.3469 -36.5969 107.103 26.1207
42.0902 -41.8684 106.516 28.0456
18.5332 -18.248 75.9238 48.5322
32.7578 -29.4794 103.039 39.3139
31.1648 -33.6481 102.518 34.3178
41.198 -40.9327 128.546 25.3644
44.7155 -43.3242 103.139 37.7544
32.1808 -34.0016 99.7034 41.4013
42.7606 -44.7008 124.56 41.1271
34.7696 -35.6048 94.2683 47.6394
32.953 -34.0826 92.8859 49.9553
8.91842 -15.9243 64.2893 54.8685
24.4012 -27.3886 68.638 63.2394
36.971 -35.9569 98.0276 62.2817
58.7219 -50.5259 110.826 53.0951
43.4462 -39.5742 123.192 61.438
12.5952 -16.4438 -55.3235 59.7238
28.9626 -28.2692 -102.828 63.4562
45.3299 -40.0947 -150.333 67.1887
61.7811 -51.5918 -17.4789 73.1033
58.2956 -48.0312 26.618 63.6419
13.4765 -14.6691 15.8599 50.3525
37.7118 -30.6223 20.5651 58.1526
57.3454 -42.4128 24.7411 55.1051
47.1935 -35.665 32.1759 61.074
46.0553 -34.4917 35.5584 47.571
14.2598 -13.6604 30.0883 52.6901
31.4315 -25.1332 41.6022 57.6907
44.7634 -33.2243 40.8453 47.829
42.4769 -31.787 44.5635 58.2522
59.6552 -43.0988 56.0327 63.2438
28.9174 -24.7546 44.7825 47.5928
46.1073 -35.8702 48.8518 57.6292
46.1934 -33.6267 47.6474 46.1907
30.5101 -23.5757 39.0206 39.3336
47.7245 -34.4406 50.408 44.5754
20.4721 -15.5562 11.5112 19.7811
38.2276 -26.4745 20.4665 27.9414
41.6837 -24.5585 -1.11436 -8.60468
59.4804 -35.1596 4.95723 1.55263
68.9501 -40.4271 8.93263 -0.249681
19.6511 -12.5231 5.53319 -10.0298
37.4366 -22.8181 14.4294 -1.82985
55.2221 -33.113 23.3256 6.37009
71.6251 -41.9805 26.6355 5.34949
89.4403 -52.1702 35.4793 13.6028
48.8894 -28.8538 30.565 7.69971
67.146 -39.2115 36.8327 19.2362
85.4099 -49.569 43.1005 30.7728
59.8953 -36.9967 35.815 -1.00704
32.5796 -23.6797 36.1732 0.310482
21.8099 -18.3785 31.7195 -6.03323
41.0289 -28.4445 32.5183 9.538
56.6666 -36.2713 31.2931 12.9637
46.6063 -31.402 27.7432 2.90098
64.7984 -41.2637 34.0451 14.4872
34.3191 -24.7183 21.3691 14.0239
52.8001 -34.6955 25.2263 29.0428
57.3857 -36.7466 23.0361 34.0705
56.3562 -36.434 21.1582 38.8591
53.6911 -35.1685 19.6585 43.1533
33.8576 -27.9769 14.0982 35.3848
27.806 -23.0267 18.0367 50.4369
40.4135 -28.4851 17.3843 53.9458
39.4304 -27.6733 17.7012 55.3394
54.7784 -37.2611 18.0222 57.6319
52.902 -34.4638 15.6929 64.4081
40.211 -27.4279 14.3874 68.4517
34.0361 -24.2689 9.21869 60.8882
44.083 -28.6829 10.9035 79.573
54.1734 -32.762 9.78527 83.858
13.3551 -13.8381 8.47417 69.6152
31.822 -22.8773 10.2492 88.3237
50.344 -31.83 11.8395 107.053
32.5103 -18.8446 3.81681 47.9682
50.914 -27.4863 5.70111 66.7244
56.6241 -28.8888 1.87284 56.0845
49.412 -26.2914 0.63062 59.499
67.9585 -34.9183 0.299066 82.0411
56.974 -30.9077 -4.81158 72.689
42.4482 -24.3601 -3.04618 73.1041
36.2808 -22.05 -3.46193 76.3811
54.757 -30.3993 -3.62218 98.9604
64.9968 -34.163 -8.87133 88.9241
72.39 -35.5222 -5.4674 90.1744
28.3863 -18.0959 -3.46157 69.2083
46.8572 -26.2148 -5.02828 94.6542
65.3625 -34.3759 -7.2653 121.272
66.2424 -30.3095 -8.98378 70.4332
84.6747 -38.2446 -10.9671 97.0951
103.107 -46.1798 -12.9503 123.757
41.4749 -23.7058 -10.2773 99.5482
59.8636 -31.5103 -12.1573 126.233
43.2847 -25.7702 -11.8143 130.124
28.5526 -20.5312 -10.0909 130.756
24.626 -9.71221 5.25367 12.9041
42.8633 -17.0257 2.28655 42.3784
63.5493 -24.0835 -6.10923 34.7469
71.3915 -26.5828 -9.71243 65.8316
89.6341 -33.8309 -17.7642 80.1039
43.7713 -15.2991 -15.4748 80.6638
48.8289 -25.4776 -9.34904 75.039
42.4155 -21.6257 -12.8314 106.166
45.9673 -22.8246 -18.0164 96.5623
39.1187 -21.1763 -21.9892 80.6775
45.3481 -22.8731 -18.3996 105.156
52.4811 -25.0765 -19.928 112.354
42.9057 -22.3291 -25.4607 99.2786
57.5342 -30.1112 -30.5646 135.191
40.951 -21.7343 -24.5743 134.876
17.3028 -11.9595 -15.8944 128.308
35.2995 -18.6136 -25.4797 145.752
42.484 -21.6141 -25.9839 151.152
17.1707 -11.3488 -13.791 139.914
35.0864 -17.8476 -23.893 154.549
41.5076 -20.6649 -23.9638 161.324
14.8768 -11.5981 -13.0827 151.756
32.706 -17.9894 -20.1276 192.927
31.9103 -16.2453 -14.7082 167.254
49.6895 -22.5366 -26.9099 185.447
53.8069 -23.3032 -27.597 190.903
71.5658 -29.5352 -34.268 232.212
40.7717 -19.951 -27.1586 198.929
43.2205 -22.154 -20.2059 164.101
60.8835 -28.2767 -26.5572 205.561
41.8512 -18.441 -15.2122 137.999
44.5115 -18.5399 -22.2864 181.894
62.0454 -24.4885 -30.6946 229.21
67.731 -25.7142 -32.2007 232.866
57.3976 -24.457 -32.6649 235.183
36.702 -19.4896 -31.8712 235.934
24.3081 -15.8039 -31.2549 240.237
41.7154 -21.6125 -39.3874 287.751
44.5834 -20.597 -31.5919 251.978
39.4043 -19.2166 -29.528 247.355
31.0501 -17.1743 -29.0684 252.635
37.2897 -18.468 -29.0681 255.506
45.4593 -20.2392 -30.3095 261.442
38.1553 -18.5448 -29.9204 261.365
32.047 -15.3289 -45.8067 284.743
17.06 -12.0083 -22.0246 222.056
34.1128 -17.4653 -31.7394 276.848
51.1656 -22.9224 -41.4649 331.639
57.9858 -22.8347 -33.7331 285.891
74.9813 -28.2412 -31.2707 324.549
52.7149 -22.1967 -35.4652 283.79
9.68044 -9.10057 -34.0645 278.789
26.4922 -14.3401 -29.3841 320.017
31.3907 -17.1493 -51.6914 317.879
22.9578 -13.264 -27.6321 241.919
39.6718 -18.4495 -39.1401 305.481
48.4273 -17.8867 -39.9999 119.073
29.8054 -13.5297 -20.2202 143.283
42.9726 -16.9386 -33.0436 109.617
59.5246 -22.051 -43.5335 174.379
46.9522 -18.7426 -30.6273 162.963
26.622 -13.5293 -18.864 142.694
42.9866 -18.5098 -38.4249 180.989
23.1999 -13.0397 -25.4384 169.821
39.5117 -17.9943 -39.0305 244.798
41.3668 -18.3255 -51.6801 215.928
13.175 -8.55641 -36.1346 88.375
29.3772 -13.4609 -48.7657 164.725
45.5548 -18.4241 -61.0896 241.157
61.7504 -23.3495 -79.0176 278.295
57.4361 -20.1551 -67.5425 255.568
10.4512 -7.37322 -48.1643 221.711
26.4097 -12.167 -69.7519 264.551
31.6238 -12.1996 -73.2196 288.89
31.0146 -11.0592 -87.2163 379.18
38.9287 -11.8092 -77.0991 311.231
14.0393 -3.64723 -55.6293 274.509
29.8427 -8.40455 -70.8833 365.699
45.6154 -13.2631 -95.6255 359.038
30.9903 -1.76977 -36.5301 -24.7696
46.5896 -6.5563 -49.6798 70.4485
54.321 -10.3555 -40.3139 97.1245
70.5902 -15.381 -51.8266 156.335
69.6083 -16.6839 -57.1086 131.322
85.8822 -21.5714 -68.9041 190.676
87.8357 -23.6898 -73.5177 176.001
59.8459 -18.249 -71.3314 35.0005
45.1215 -15.223 -69.9543 -51.3251
33.1401 -12.3323 -67.781 -103.617
28.6616 -10.5802 -85.0799 -82.9525
39.2684 -12.2578 -65.4173 -65.2506
38.6757 -12.7307 -69.2195 -81.9402
27.85 -6.97112 -51.7498 -74.8967
44.0402 -11.8893 -62.4517 -23.9506
57.2178 -17.0787 -68.7463 -31.38
52.9636 -13.8988 -61.0499 -7.67335
9.97128 -1.48313 -42.6139 -99.8409
25.9914 -6.53982 -40.6598 -126.118
38.0558 -7.30546 -42.9277 30.4712
53.9835 -12.3052 -58.092 82.4506
55.035 -13.2213 -60.2039 180.813
29.891 -6.57274 -40.2882 125.226
45.8384 -11.5504 -53.8196 167.851
49.6629 -12.5676 -51.3071 150.416
46.2965 -9.68635 -64.4484 191.825
31.9574 -6.20303 -40.274 135.331
40.909 -8.31591 -54.7387 161.021
43.5336 -9.28742 -58.9244 126.486
59.2827 -14.3389 -72.3035 168.378
74.935 -19.7503 -84.6246 210.658
78.5829 -19.6056 -98.8332 234.779
63.2327 -14.1435 -73.8669 218.677
78.9269 -19.1814 -86.8936 252.471
43.1681 -16.8505 -39.5608 87.5659
58.808 -21.9314 -53.3953 118.977
70.5275 -25.3283 -59.9939 145.311
35.6497 -15.1588 -39.4924 107.164
51.1672 -20.3629 -53.3613 138.645
40.7894 -17.1791 -50.8258 63.1125
56.2615 -22.4456 -64.7015 94.8196
34.893 -13.863 -48.232 66.7083
33.6234 -12.5832 -46.2359 66.0186
22.8936 -7.07761 -28.9903 35.8879
38.269 -12.1465 -42.3542 57.9015
45.6426 -13.6476 -43.01 63.764
40.7935 -12.1739 -38.5928 43.2497
41.6573 -12.4504 -25.4363 23.0564
56.9323 -17.5806 -39.1366 44.9579
47.5086 -14.0795 -40.379 54.4174
25.5063 -7.29171 -23.9043 24.129
40.6806 -12.4132 -37.818 45.9994
44.1821 -13.4775 -39.4295 54.1024
25.4406 -7.43966 -35.6537 39.2614
40.4794 -12.4824 -35.0807 34.1777
44.3199 -13.5982 -35.3104 33.3175
38.5882 -12.1671 -31.4774 17.4693
40.3044 -12.5997 -31.301 15.867
23.4032 -7.22373 -18.4029 4.82895
38.3062 -12.3061 -31.3146 17.6081
39.9901 -12.9114 -32.4506 22.3844
35.4108 -11.7979 -18.505 3.04848
50.2465 -16.9338 -32.199 23.7336
43.4308 -14.2528 -17.7956 6.10377
58.1156 -19.2914 -29.2348 10.7732
39.6664 -13.1886 -28.2168 4.72241
15.4424 -5.36095 -25.3603 -4.51172
30.0359 -10.391 -22.5359 -17.0406
35.3436 -11.8514 -24.8953 -3.37006
16.5032 -5.51922 -24.8061 -1.38621
31.0202 -10.571 -36.3322 3.05084
10.3481 -2.28905 -25.3074 2.35843
24.7472 -7.38531 -36.8451 6.76797
43.0049 -13.8787 -1.63468 5.49749
57.2321 -18.8953 -11.3528 2.63119
23.1125 -8.22304 -0.76787 -16.5036
37.2775 -13.2453 -10.4645 -19.4619
38.2062 -17.2168 -14.9418 -18.4086
52.3388 -22.2903 -24.6408 -21.3814
66.4704 -27.3637 -34.3398 -24.3542
45.6535 -20.4004 -37.2986 -6.23685
59.7372 -25.4756 -37.7586 -18.8188
48.7555 -21.9878 -39.3194 -17.2417
34.0156 -16.8466 -38.1285 -18.345
17.972 -4.93149 14.7484 -29.0555
31.6782 -9.96178 7.21639 -38.2535
34.4958 -15.0356 -7.22097 2.96169
48.1459 -20.1061 -14.6697 -6.29408
51.7832 -22.4162 -16.7287 -22.9741
44.732 -20.7392 -19.2571 -31.8648
43.3457 -20.471 -22.7857 -37.3926
37.2702 -18.3572 -27.7964 -33.6229
31.9648 -15.9186 -39.8759 -21.6563
36.1098 -16.286 -32.9148 -33.1692
34.6675 -14.8401 -32.5181 -37.1297
47.9933 -19.8419 -37.9104 -51.3945
36.2854 -13.1601 -29.0108 -48.7126
34.7108 -11.8748 -29.1358 -47.5414
47.9841 -16.8892 -34.4542 -61.7873
35.9607 -10.7804 -27.7984 -47.6868
34.4662 -9.82522 -27.845 -44.543
47.6997 -14.8215 -33.0459 -58.777
28.0307 -6.1356 -8.02919 -58.2928
41.1456 -11.1007 -12.6142 -73.6283
54.0401 -16.067 -16.0023 -91.9761
51.2702 -14.9377 -13.0271 -72.8002
43.1292 -12.9496 -7.43463 -65.7017
32.6873 -9.88538 -20.8497 -45.8472
32.5314 -9.79549 -16.1426 -53.002
36.2922 -11.0298 -10.8807 -62.3318
33.2561 -10.2841 -11.9101 -55.6299
28.9517 -8.93001 -13.3566 -46.7859
32.5574 -10.2294 -9.77814 -51.9137
42.2748 -16.6604 -9.11506 -49.2223
25.5449 -8.20409 5.13114 -55.0158
37.975 -12.9793 4.36573 -76.3582
42.501 -12.9596 3.60032 -97.7006
46.2508 -16.9488 10.6184 -93.7201
38.6165 -15.1804 -0.20498 -70.1295
34.1119 -9.76193 -0.778561 -91.3196
9.70168 -0.49495 21.5582 -18.4931
22.0196 -5.26302 21.4026 -39.3559
34.3376 -10.0311 21.2471 -60.2187
49.962 -19.1586 33.4938 -81.9403
33.4058 -16.3454 45.5457 -116.255
45.3238 -21.0202 29.7497 -91.9036
37.5388 -19.5386 14.259 -71.0595
28.2702 -16.7751 2.34026 -53.5686
22.4132 -14.4381 -1.921 -47.5939
10.5966 -6.78272 5.32053 -42.1777
22.4651 -11.4711 7.34066 -65.1029
27.9434 -13.9275 4.74268 -44.5395
39.7858 -18.6537 6.85608 -67.3363
40.3131 -18.3787 -1.64756 -63.9453
41.2519 -17.0085 15.3653 -85.413
52.6673 -21.637 18.9021 -110.053
16.7909 -6.2242 15.4761 -47.5425
28.1929 -10.7857 19.3894 -71.843
36.7311 -13.3813 30.2307 -65.4986
48.1107 -17.9529 34.3411 -89.5791
46.3993 -18.7796 51.756 -118.347
57.7566 -23.3517 55.9531 -142.315
59.5397 -25.2966 48.5427 -141.547
43.7915 -21.3134 2.2237 -66.2566
27.6676 -16.0775 7.81169 -91.3378
23.8039 -14.0287 -13.4119 -39.9034
22.7965 -10.5248 -7.70251 -64.8506
24.8221 -11.3393 0.0327515 -72.0646
24.6402 -10.0309 -4.84701 -38.6049
23.0585 -8.46811 0.992481 -63.2823
27.1057 -9.0486 9.19341 -70.9473
37.98 -13.4412 15.0788 -95.5354
21.7595 -5.98663 24.1883 -66.5994
32.603 -10.3849 30.2247 -90.9201
33.9714 -11.3185 19.7182 -59.178
36.8066 -10.3378 26.9946 -84.1501
33.0637 -12.019 23.3484 -78.1415
26.9122 -10.4136 10.2902 -41.0337
29.1323 -9.02001 17.719 -65.7029
28.5542 -10.9631 24.3828 -72.1144
25.4108 -10.1281 16.1339 -42.4871
25.4277 -7.21628 23.7162 -66.8594
24.5566 -9.97817 28.29 -71.3438
23.3691 -9.82937 8.56471 -28.9389
33.3074 -13.8799 17.0383 -53.3206
23.9675 -9.99385 23.8511 -59.5068
22.5936 -9.64392 30.4625 -58.4647
13.3824 -5.7891 31.3547 -54.2311
23.2029 -9.79153 29.5365 -59.8717
27.0251 -11.1276 47.3202 -85.6338
13.75 -5.55311 59.8402 -110.779
14.7204 -8.17298 63.7762 -59.0405
24.4701 -12.221 76.1875 -82.636
29.3595 -15.3438 67.3393 -85.2423
21.12 -11.4315 25.7385 -42.5632
27.9622 -16.4468 31.826 -65.1474
29.1852 -16.6421 30.0633 -68.9227
14.742 -7.29011 10.8906 -46.7884
21.0546 -12.5658 26.5482 -70.2815
22.958 -12.3132 30.6035 -76.1669
21.7799 -11.2811 1.94783 -37.9631
30.9749 -15.1404 11.9259 -60.6756
23.3015 -10.3491 19.0097 -65.2176
32.4445 -14.3001 16.884 -62.4028
20.3992 -8.37806 32.7773 -85.1173
13.1465 -4.18675 31.9607 -59.0044
21.7726 -7.78775 42.4908 -80.9569
30.3987 -11.3887 53.0209 -102.909
22.3327 -7.80059 20.8549 -38.8877
30.7018 -11.0151 31.4743 -60.5546
39.3062 -14.6254 42.0936 -82.2215
41.1815 -15.8473 44.8123 -85.9579
31.359 -13.0779 55.4481 -107.557
25.4074 -11.2075 24.0802 -64.7969
4.26954 2.23581 45.4961 -55.3404
12.2621 -1.10386 56.3789 -75.9986
10.1847 -8.98122 40.9144 -39.7901
15.1604 -11.3332 28.1001 -40.3797
23.0654 -14.8042 39.0687 -60.3833
28.6991 -16.4736 41.9038 -71.7796
30.7495 -16.8845 40.683 -78.5954
17.0804 -7.65324 27.8775 -73.9239
21.6904 -12.7088 16.1083 -67.465
22.4252 -11.9898 17.6316 -70.721
13.2624 -4.57841 14.1982 -68.0776
18.4425 -8.76749 10.5681 -63.4577
21.159 -8.3253 17.2038 -66.8502
21.469 -6.63883 16.1058 -63.5469
17.7088 -6.38807 13.2682 -58.3201
19.8725 -6.67808 19.8851 -60.8905
12.7455 -1.18051 19.0292 -57.5855
19.9986 -4.36633 29.9153 -76.1769
19.6239 -6.3692 23.1626 -55.5239
18.7822 -6.24298 22.3861 -52.5962
16.7744 -5.77124 19.3787 -47.6367
23.3372 -8.66568 29.9723 -64.7705
16.9805 -5.89296 25.3452 -45.7055
16.08 -5.75393 25.3424 -43.0332
9.80244 -3.30268 24.9852 -30.5755
16.3537 -6.19769 35.6722 -47.4382
19.9817 -6.70048 33.9467 -49.5724
7.94942 -3.75217 20.5226 -26.2156
9.49834 -4.31646 31.31 -34.066
16.0374 -7.22096 42.0498 -50.7307
21.1407 -9.13121 51.1708 -57.8207
8.16533 -4.76293 21.6753 -28.932
13.9687 -7.34541 31.8352 -43.9712
13.457 -7.16479 29.5757 -41.6003
7.27235 -4.07732 23.0518 -35.5846
13.0711 -6.66204 25.5819 -35.5426
15.1436 -7.14635 30.6523 -37.54
13.7494 -6.65307 27.3962 -34.2005
11.6618 -5.9851 25.3747 -29.4537
17.4437 -8.59425 35.5628 -44.256
23.0029 -11.101 45.4983 -58.5622
4.05417 -2.07912 19.7897 -11.1204
9.05216 -4.32531 29.1567 -23.9922
14.0501 -6.5715 38.5236 -36.8639
13.38 -5.90272 29.7606 -18.7523
18.3684 -8.16 39.1445 -31.5124
18.372 -8.68787 17.0633 -16.4145
14.5199 -7.68123 26.4497 -29.1257
13.3011 -7.26485 26.0255 -30.4097
3.68405 -2.20132 10.5067 -9.01301
7.14573 -3.21965 19.6307 -21.2359
11.5237 -4.71363 29.5455 -22.232
15.6562 -6.6102 37.7433 -32.8809
12.4558 -5.54249 29.9449 -26.1425
4.54777 -2.73389 10.1776 -11.8426
8.67567 -4.63466 18.3854 -22.4167
9.58453 -4.85364 20.5511 -24.3169
6.31516 -3.03577 14.2421 -15.54
10.4377 -4.94372 22.4447 -26.0697
8.31093 -2.24664 25.786 -28.5469
10.4674 -4.95793 21.9077 -26.7088
9.92725 -4.67723 21.0515 -25.3934
4.24476 -0.677126 3.87881 -9.3396
5.68045 -3.00402 11.2394 -17.4167
6.14243 -2.91217 13.544 -17.0306
7.43481 -3.17837 17.7834 -18.0646
10.646 -4.68539 24.4933 -26.3482
7.60879 -3.18753 18.6781 -17.1283
6.87357 -3.0191 16.6031 -15.7864
10.0806 -4.53197 23.3088 -24.0369
6.97707 -3.09669 16.9552 -15.4359
5.79059 -2.60682 14.5237 -12.6681
4.35592 -1.94942 15.7766 -11.8749
4.51592 -1.90893 16.6865 -11.3242
4.84377 -2.00859 16.1614 -10.4407
7.07703 -3.08076 21.0674 -16.2699
1.29965 -0.851477 7.83838 0.149258
2.38809 -0.856245 13.6371 -5.2719
4.62134 -1.92569 18.5573 -11.0513
5.35809 -3.15201 20.9926 -13.0992
5.83323 -2.58342 25.3675 -19.0923
4.63129 -2.17254 15.03 -10.5162
1.98642 -1.70054 8.04614 -6.10164
3.18034 -2.27954 10.8511 -9.24839
1.49024 -0.706607 4.93433 -1.76761
-0.142751 0.67148 1.03814 2.91054
0.659633 -0.0823878 5.43791 0.448478
1.31503 -0.155063 7.45839 0.124433
2.42508 -0.776235 10.2552 -3.02279
1.90366 -0.470356 8.06466 -0.0404643
1.85052 -0.526616 7.2913 0.031883
-1.12842 0.945518 2.47468 6.34681
-1.04709 0.90751 2.29931 6.86164
-0.926796 0.955078 2.85239 6.78787
-0.84565 0.915832 2.73835 6.31965
-1.06572 0.973541 2.06792 7.06763
-1.12092 0.967807 0.725053 7.20477
-1.06331 0.94884 1.07981 6.9461
-0.90605 0.883047 0.611667 7.25775
-0.826738 0.84171 0.762775 3.07964
-0.0298453 0.257453 0.238855 0.23385
-0.925722 0.74064 -1.74927 2.60363
-1.85458 1.08807 -3.64147 4.77317
-3.04938 1.71966 -6.70916 8.01023
-4.14053 2.31293 -8.85941 11.0432
-4.44835 2.60209 -9.71908 12.8414
-3.50353 2.93667 -5.06612 10.1307
-4.59238 3.53461 -7.40029 13.0927
-3.69473 2.58501 -6.2146 14.0337
-3.35791 2.44165 -5.1184 13.6951
-2.97631 2.23566 -3.99143 13.0656
-2.42334 1.81004 -3.2216 10.9682
-3.80346 -14.0149 -8.63229 -10.2117
-3.80346 -14.0149 -8.63229 -10.2117
-3.76923 -14.071 -8.79649 -10.6387
-5.18045 -12.0181 -7.19167 -9.77217
-5.18045 -12.0181 -7.19167 -9.77217
-4.99505 -10.5458 -6.72801 -8.67133
-5.2321 -9.37311 -6.03112 -7.90629
-5.2321 -9.37311 -6.03112 -7.90629
-5.28436 -7.42977 -4.79818 -6.55704
-5.17507 -6.62664 -4.27809 -5.96158
-4.7929 -5.29512 -4.04773 -5.16277
-4.7929 -5.29512 -4.04773 -5.16277
-4.5545 -4.74089 -3.02122 -4.47471
-4.3075 -4.24134 -2.69079 -4.06184
-4.54665 -3.98918 -2.69079 -4.06184
-4.04829 -3.80013 -1.95243 -3.53239
-3.03832 -2.4435 -1.66209 -2.75695
-3.03832 -2.4435 -1.66209 -2.75695
-3.03832 -2.4435 -1.66209 -2.75695
-2.80929 -2.17927 -1.28983 -2.26767
-2.81246 -2.17521 -1.13219 -2.05379
-2.47238 -1.62849 -0.992961 -1.85791
-2.47238 -1.62849 -0.992961 -1.85791
-2.00026 -1.34334 -0.751167 -1.51844
-1.82367 -1.17841 -0.64773 -1.37044
-1.6607 -1.02539 -0.55769 -1.23461
-1.6607 -1.02539 -0.472444 -1.11176
-1.35682 -0.763747 -0.397607 -0.998986
-1.35682 -0.763747 -0.397607 -0.998986
-1.1295 -0.501524 -0.171204 -0.767176
-1.1295 -0.501524 -0.171204 -0.767176
-0.626352 -0.224824 -0.123241 -0.566915
-0.626352 -0.224824 -0.123241 -0.566915
-0.653333 -0.196501 -0.0835644 -0.501159
-0.561102 -0.125849 -0.0485764 -0.441748
-0.561102 -0.125849 -0.0485764 -0.441748
0.804387 -1.97582 20.9097 -36.6846
-0.515768 -11.6727 25.0649 -198.673
-0.908528 -11.8092 20.5895 -198.805
-1.19659 -12.033 21.9794 -202.394
-1.21736 -12.2679 16.9044 -210.696
-1.21736 -12.2679 16.9044 -210.696
-3.93272 -13.988 -72.2805 18.3704
-2.62755 -13.7072 -119.98 123.776
-2.62755 -13.7072 -108.388 123.359
-1.20009 -13.1616 -98.2846 116.902
0.210514 -12.5739 -90.2439 110.949
1.49921 -12.0161 -84.2096 106.377
2.60548 -11.5059 -78.9307 102.796
4.45398 -10.728 -70.0757 99.7053
4.45398 -10.728 -70.0757 99.7053
5.07331 -10.2858 -64.7578 94.1763
5.67408 -9.95867 -59.3286 89.2563
6.29608 -9.73351 -55.7858 89.2869
5.31873 -8.92368 -47.7348 83.916
2.87521 -7.69325 -36.3427 75.9385
2.87521 -7.69325 -39.0757 79.9808
6.00678 -6.67629 -130.547 79.0458
9.2081 -7.56162 -150.658 80.7663
9.2081 -7.56162 -150.658 80.7663
12.3571 -10.5008 -110.521 64.4496
7.74568 -14.8751 -11.0759 29.0726
7.74568 -14.8751 -11.0759 29.0726
14.4737 -29.3681 6.59472 22.3539
14.4737 -29.3681 6.59472 22.3539
14.1215 -31.3915 13.482 20.0142
15.6748 -33.5255 17.8679 20.1911
16.2302 -35.9476 24.6115 15.5875
17.1479 -38.3153 29.5319 13.6049
18.4902 -40.2743 29.5335 13.6029
18.9618 -42.1445 37.7856 10.7033
19.2701 -44.0465 41.2754 9.25126
18.9969 -44.0972 41.9114 8.0992
20.1168 -47.0292 47.101 7.37078
20.2782 -48.4469 49.5221 6.53083
20.3323 -49.753 51.7161 5.74784
19.957 -51.052 53.7469 4.71727
19.957 -51.052 53.7469 4.71727
19.8443 -52.1471 57.9404 4.79544
19.8443 -52.1471 57.9404 4.79544
19.8443 -52.1471 58.9715 5.16641
19.3653 -56.9195 62.2045 2.21897
19.3653 -56.9195 62.2045 2.21897
18.7036 -57.8409 63.1986 1.52893
19.0857 -58.723 63.1986 1.52893
19.0398 -59.6854 64.8779 1.42041
19.073 -60.7197 64.9388 0.962731
18.4773 -63.9351 62.629 2.04521
18.4773 -63.9351 62.629 2.04521
17.9375 -65.123 61.089 2.8003
17.9375 -65.123 61.089 2.8003
17.6146 -65.6357 61.0071 2.70458
17.7624 -67.4698 59.1886 3.38235
17.7624 -67.4698 59.1886 3.38235
17.9274 -68.6234 58.6325 3.20938
18.1987 -69.6492 58.6325 3.20938
18.0076 -70.8656 57.5701 3.50986
18.4527 -70.914 57.5701 3.50986
18.8701 -73.0411 56.5913 4.09988
19.0653 -74.3516 56.1743 3.87916
19.2008 -75.2348 55.7331 4.3046
