0.192757 -0.124032 -0.168614 -0.174019
0.192752 -0.124037 -0.168615 -0.174025
0.192751 -0.124038 -0.168615 -0.174025
0.19275 -0.124038 -0.168614 -0.174026
0.192747 -0.12404 -0.168616 -0.174026
0.192755 -0.124041 -0.168603 -0.174029
0.192746 -0.124085 -0.168615 -0.174084
0.192741 -0.12414 -0.168621 -0.17414
0.192741 -0.12414 -0.168621 -0.17414
0.192723 -0.124218 -0.168623 -0.17418
0.19273 -0.124219 -0.168618 -0.17418
0.192723 -0.124267 -0.168639 -0.174269
0.192717 -0.124314 -0.168644 -0.174327
0.192717 -0.124314 -0.168644 -0.174327
0.192679 -0.124434 -0.168667 -0.174452
0.192679 -0.124434 -0.168667 -0.174452
0.192473 -0.124735 -0.168744 -0.174738
0.192473 -0.124735 -0.168744 -0.174738
0.192473 -0.124735 -0.168744 -0.174738
0.19241 -0.124806 -0.16878 -0.174902
0.19241 -0.124806 -0.168788 -0.174904
0.192242 -0.124989 -0.168812 -0.174991
0.192053 -0.125168 -0.168852 -0.175167
0.192053 -0.125169 -0.168865 -0.175172
0.191951 -0.125263 -0.168894 -0.175267
0.191246 -0.125956 -0.169104 -0.175902
0.191246 -0.125956 -0.169104 -0.175902
0.190737 -0.126375 -0.169279 -0.176388
0.190737 -0.126375 -0.169279 -0.176388
0.190631 -0.126482 -0.169321 -0.176488
0.1906 -0.126575 -0.169346 -0.17656
0.19031 -0.126786 -0.169446 -0.176786
0.19031 -0.126786 -0.169446 -0.176786
0.190204 -0.126877 -0.169446 -0.176786
0.190092 -0.126981 -0.169533 -0.176978
0.190092 -0.126981 -0.169533 -0.176978
0.189887 -0.127155 -0.169615 -0.177164
0.189703 -0.127256 -0.169668 -0.177243
0.189703 -0.127256 -0.169668 -0.177243
0.189567 -0.127424 -0.169782 -0.177482
0.189373 -0.127555 -0.169852 -0.177563
0.189373 -0.127555 -0.169852 -0.177563
0.18927 -0.127632 -0.169923 -0.177665
0.189177 -0.127688 -0.169952 -0.177696
0.18908 -0.127749 -0.170004 -0.177756
0.188979 -0.127811 -0.170062 -0.177806
0.188885 -0.127856 -0.17011 -0.177863
0.18879 -0.127903 -0.170165 -0.177911
0.188693 -0.127951 -0.170225 -0.177948
0.188683 -0.12798 -0.170277 -0.177991
0.188512 -0.128018 -0.170334 -0.178026
0.188421 -0.128052 -0.170396 -0.178051
0.188336 -0.128073 -0.170452 -0.17808
0.188251 -0.128097 -0.170514 -0.178098
0.188251 -0.128097 -0.170514 -0.178098
0.188093 -0.128123 -0.170634 -0.178129
0.188017 -0.12813 -0.170697 -0.178137
0.187797 -0.128151 -0.170894 -0.178125
0.187797 -0.12815 -0.170894 -0.178125
0.187658 -0.128158 -0.171021 -0.178117
0.187541 -0.128083 -0.171153 -0.178082
0.187409 -0.128041 -0.171284 -0.178042
0.187409 -0.128041 -0.171284 -0.178042
0.187409 -0.128041 -0.171284 -0.178042
0.187277 -0.12799 -0.171415 -0.177989
0.187277 -0.12799 -0.171415 -0.177989
0.187197 -0.128003 -0.171415 -0.177956
0.187146 -0.127932 -0.171544 -0.177926
0.187081 -0.127899 -0.171609 -0.177892
0.187016 -0.127864 -0.171673 -0.177857
0.186824 -0.127752 -0.171864 -0.177744
0.186824 -0.127752 -0.171864 -0.177744
0.186824 -0.127752 -0.171864 -0.177744
0.186698 -0.127672 -0.171989 -0.177663
0.186698 -0.127672 -0.171989 -0.177663
0.186631 -0.127636 -0.172057 -0.177615
0.18665 -0.127585 -0.172127 -0.177617
0.186512 -0.127545 -0.172174 -0.177535
0.186448 -0.127503 -0.172238 -0.177487
0.186448 -0.127503 -0.172238 -0.177487
0.186072 -0.12728 -0.172595 -0.177222
0.186072 -0.12728 -0.172595 -0.177222
0.18587 -0.127066 -0.172813 -0.177054
0.185884 -0.127024 -0.172878 -0.177051
0.18572 -0.126951 -0.172962 -0.176938
0.18572 -0.126951 -0.172962 -0.176938
0.185672 -0.126915 -0.17301 -0.176902
0.185578 -0.126846 -0.173103 -0.176832
0.185578 -0.126846 -0.173103 -0.176832
0.185533 -0.126812 -0.173148 -0.176798
0.1855 -0.126745 -0.173251 -0.176767
0.185398 -0.126716 -0.173283 -0.176702
0.185398 -0.126716 -0.173283 -0.176702
0.185311 -0.126658 -0.17337 -0.176642
0.185311 -0.126658 -0.17337 -0.176642
0.185269 -0.12663 -0.173413 -0.176613
0.185234 -0.12659 -0.173515 -0.176598
0.185241 -0.126572 -0.173515 -0.176598
0.185143 -0.126548 -0.173542 -0.176532
0.185101 -0.126521 -0.173584 -0.176506
0.185059 -0.126495 -0.173627 -0.176481
0.185018 -0.126471 -0.17367 -0.176458
0.184936 -0.126423 -0.173755 -0.176412
0.184936 -0.126423 -0.173755 -0.176412
0.184952 -0.126399 -0.173815 -0.176436
0.184813 -0.126357 -0.1739 -0.176394
0.184813 -0.126357 -0.173882 -0.176347
0.184772 -0.126336 -0.173925 -0.176327
0.184609 -0.126258 -0.174095 -0.176252
0.184569 -0.126242 -0.174137 -0.176236
0.184569 -0.126242 -0.174137 -0.176236
0.18453 -0.126226 -0.174178 -0.176222
0.184452 -0.126195 -0.17426 -0.176191
0.184452 -0.126195 -0.17426 -0.176191
0.184412 -0.126181 -0.174301 -0.176177
0.184334 -0.126154 -0.174384 -0.176151
0.184334 -0.126154 -0.174384 -0.176151
0.184294 -0.126141 -0.174425 -0.176138
0.184253 -0.126059 -0.174594 -0.176091
0.184253 -0.126059 -0.174594 -0.176091
0.184064 -0.126061 -0.174719 -0.176062
0.184064 -0.126061 -0.174719 -0.176062
0.184064 -0.126061 -0.174719 -0.176062
0.183828 -0.126009 -0.17496 -0.17602
0.183779 -0.12602 -0.17496 -0.17602
0.183742 -0.126016 -0.174998 -0.176014
0.183715 -0.125994 -0.175076 -0.176
0.183666 -0.126005 -0.175076 -0.176
0.183666 -0.126005 -0.175076 -0.176001
0.183678 -0.125988 -0.175115 -0.175995
0.183678 -0.125988 -0.175115 -0.175995
0.182996 -0.12596 -0.175766 -0.175949
0.182949 -0.125957 -0.175805 -0.175949
0.182898 -0.125962 -0.175855 -0.175952
0.182897 -0.125964 -0.175881 -0.175953
0.182897 -0.125963 -0.175881 -0.175953
0.182847 -0.125966 -0.175906 -0.175955
0.182825 -0.125961 -0.175962 -0.175959
0.182825 -0.125961 -0.175962 -0.175959
0.182767 -0.125964 -0.175987 -0.175951
0.182739 -0.125961 -0.176016 -0.175947
0.182721 -0.125939 -0.176077 -0.175938
0.182717 -0.12595 -0.176077 -0.175938
0.182649 -0.125944 -0.176109 -0.175932
0.182635 -0.12591 -0.176117 -0.175949
0.182629 -0.125926 -0.17619 -0.17595
0.182551 -0.125916 -0.176211 -0.175906
0.18254 -0.125871 -0.176215 -0.175927
0.18254 -0.125871 -0.176215 -0.175927
0.182447 -0.125879 -0.176322 -0.17587
0.182411 -0.125864 -0.17636 -0.175855
0.182318 -0.125798 -0.176439 -0.175849
0.182318 -0.125798 -0.176439 -0.175849
0.182064 -0.125694 -0.176773 -0.175691
0.182064 -0.125694 -0.176773 -0.175691
0.181995 -0.125671 -0.176749 -0.175716
0.18196 -0.125672 -0.176836 -0.175666
0.181948 -0.125637 -0.176844 -0.175676
0.181948 -0.125637 -0.176911 -0.175677
0.181874 -0.125638 -0.176927 -0.175629
0.181846 -0.125627 -0.176956 -0.175616
0.181846 -0.125627 -0.176956 -0.175616
0.18179 -0.125603 -0.177016 -0.175593
0.181741 -0.125564 -0.177017 -0.175611
0.181735 -0.12558 -0.177074 -0.17557
0.181707 -0.125568 -0.177103 -0.175557
0.181679 -0.125556 -0.177133 -0.175543
0.181692 -0.125493 -0.177074 -0.175554
0.181692 -0.125493 -0.177074 -0.175554
0.181692 -0.125493 -0.177074 -0.175554
0.181497 -0.125444 -0.177258 -0.175461
0.181487 -0.125468 -0.177339 -0.17546
0.181462 -0.125456 -0.177367 -0.175447
0.181421 -0.125406 -0.177357 -0.175472
0.18141 -0.125433 -0.177423 -0.175422
0.181427 -0.125421 -0.177451 -0.17541
0.181069 -0.12531 -0.177798 -0.175305
0.181069 -0.12531 -0.177798 -0.175305
0.18107 -0.125298 -0.177794 -0.175319
0.18107 -0.125298 -0.177815 -0.175305
0.181046 -0.125315 -0.177823 -0.175306
0.181032 -0.1253 -0.177822 -0.175323
0.181024 -0.125319 -0.177848 -0.175306
0.181024 -0.125319 -0.177848 -0.175306
0.181017 -0.125319 -0.177856 -0.175307
0.181028 -0.125293 -0.177839 -0.17533
0.181017 -0.125319 -0.177875 -0.175301
0.180993 -0.125317 -0.177885 -0.1753
0.180984 -0.125315 -0.177896 -0.175296
0.180996 -0.125312 -0.177924 -0.175332
0.180988 -0.125308 -0.177919 -0.175289
0.180956 -0.125304 -0.177931 -0.175284
0.18098 -0.125248 -0.177874 -0.175275
0.180935 -0.125293 -0.177958 -0.175274
0.180925 -0.125286 -0.177971 -0.17527
0.180954 -0.125223 -0.177928 -0.17532
0.180924 -0.125223 -0.178023 -0.175319
0.180893 -0.125267 -0.178012 -0.17525
0.180929 -0.125195 -0.177962 -0.175308
0.180896 -0.125196 -0.177962 -0.175308
0.180862 -0.125246 -0.178054 -0.175229
0.180852 -0.125239 -0.178068 -0.175221
0.180867 -0.125225 -0.178009 -0.175288
0.180867 -0.125225 -0.178009 -0.175288
0.180861 -0.125132 -0.178059 -0.175268
0.180861 -0.125132 -0.178059 -0.175268
0.180798 -0.125196 -0.178151 -0.175185
0.180845 -0.125119 -0.178087 -0.175254
0.180845 -0.125119 -0.178087 -0.175254
0.180787 -0.125187 -0.178173 -0.175175
0.180839 -0.125113 -0.178101 -0.175249
0.180785 -0.125183 -0.178193 -0.175169
0.180785 -0.125183 -0.178193 -0.175169
0.180807 -0.125182 -0.178119 -0.175244
0.180807 -0.125182 -0.178119 -0.175244
0.180789 -0.125185 -0.178197 -0.17517
0.18081 -0.125188 -0.178229 -0.175246
0.180814 -0.125191 -0.178198 -0.175173
0.180836 -0.125207 -0.178187 -0.175194
0.180825 -0.125207 -0.178187 -0.175194
0.180889 -0.125135 -0.178202 -0.175276
0.180854 -0.125222 -0.178174 -0.175206
0.180858 -0.12523 -0.178167 -0.175214
0.180928 -0.125157 -0.178179 -0.175301
0.180928 -0.125157 -0.178179 -0.175301
0.180988 -0.125195 -0.178104 -0.175272
0.180988 -0.125195 -0.178104 -0.175272
0.180967 -0.125299 -0.17809 -0.175284
0.180986 -0.125313 -0.178075 -0.175295
0.180986 -0.125313 -0.178075 -0.175295
0.181067 -0.125241 -0.177977 -0.175391
0.181049 -0.125352 -0.178027 -0.175331
0.181094 -0.125376 -0.177992 -0.175357
0.181094 -0.125376 -0.177992 -0.175357
0.181118 -0.125389 -0.177973 -0.17537
0.181164 -0.125417 -0.177831 -0.175398
0.181168 -0.125417 -0.177934 -0.175397
0.181195 -0.12543 -0.177913 -0.175411
0.181249 -0.125458 -0.177869 -0.175438
0.181249 -0.125458 -0.177869 -0.175438
0.181349 -0.12537 -0.177747 -0.175555
0.181404 -0.125399 -0.177773 -0.175499
0.181354 -0.125518 -0.177773 -0.175499
0.181368 -0.125518 -0.177773 -0.175499
0.181423 -0.125554 -0.177641 -0.175624
0.181434 -0.125553 -0.177641 -0.175624
0.181468 -0.12557 -0.177692 -0.175546
0.181584 -0.125472 -0.17755 -0.175679
0.181528 -0.125608 -0.177673 -0.175677
0.181575 -0.125625 -0.177604 -0.1756
0.181614 -0.125645 -0.177573 -0.175618
0.18168 -0.125688 -0.177418 -0.175763
0.181693 -0.125688 -0.177507 -0.175661
0.181735 -0.125708 -0.177472 -0.175683
0.181806 -0.125757 -0.177308 -0.175836
0.181824 -0.125757 -0.177399 -0.175728
0.18187 -0.125779 -0.17736 -0.175755
0.182013 -0.125669 -0.177186 -0.175916
0.182013 -0.125669 -0.177186 -0.175916
0.182017 -0.12586 -0.177236 -0.175835
0.18207 -0.12589 -0.177192 -0.175863
0.182395 -0.12587 -0.17649 -0.176573
0.182356 -0.126044 -0.176419 -0.176033
0.182419 -0.126076 -0.176929 -0.176166
0.182689 -0.126219 -0.176652 -0.176211
0.182711 -0.126256 -0.176526 -0.176339
0.182711 -0.126256 -0.176588 -0.176249
0.182834 -0.126291 -0.176523 -0.176287
0.182908 -0.126333 -0.176456 -0.176321
0.183005 -0.126411 -0.17623 -0.176396
0.18306 -0.126409 -0.17632 -0.176395
0.183308 -0.126353 -0.176052 -0.176598
0.183308 -0.126353 -0.176052 -0.176598
0.183308 -0.126353 -0.176052 -0.176598
0.183373 -0.126557 -0.17604 -0.176543
0.18355 -0.126459 -0.175833 -0.176713
0.18355 -0.126459 -0.175833 -0.176713
0.18378 -0.126744 -0.175677 -0.176725
0.18378 -0.126744 -0.175677 -0.176725
0.183947 -0.126818 -0.175527 -0.176801
0.184032 -0.126853 -0.175451 -0.176837
0.184285 -0.126737 -0.175296 -0.176912
0.184285 -0.126737 -0.175296 -0.176912
0.184293 -0.126969 -0.175218 -0.176951
0.184382 -0.127009 -0.175139 -0.176987
0.185029 -0.127274 -0.174461 -0.177275
0.185029 -0.127274 -0.174461 -0.177275
0.185228 -0.127165 -0.174329 -0.177455
0.185224 -0.127353 -0.174383 -0.177353
0.185424 -0.127246 -0.174152 -0.177532
0.185424 -0.127246 -0.174152 -0.177532
0.185521 -0.127474 -0.174115 -0.177467
0.18572 -0.127557 -0.173936 -0.177541
0.18572 -0.127557 -0.173936 -0.177541
0.18582 -0.127594 -0.173845 -0.17758
0.186021 -0.127673 -0.173705 -0.177768
0.18602 -0.127672 -0.173665 -0.177656
0.186236 -0.127545 -0.173415 -0.177852
0.186223 -0.127755 -0.173414 -0.177853
0.186324 -0.127792 -0.173393 -0.177772
0.186549 -0.127657 -0.173131 -0.177978
0.186759 -0.127732 -0.172942 -0.178067
0.186759 -0.127732 -0.172942 -0.178067
0.186735 -0.127959 -0.173027 -0.177936
0.186972 -0.127809 -0.17275 -0.17816
0.186972 -0.127809 -0.17275 -0.17816
0.186982 -0.128101 -0.172605 -0.17807
0.187302 -0.127944 -0.172403 -0.178167
0.187302 -0.127944 -0.172403 -0.178167
0.187381 -0.128251 -0.172454 -0.178223
0.187381 -0.128251 -0.172454 -0.178223
0.188193 -0.128321 -0.171836 -0.178597
0.188193 -0.128321 -0.171836 -0.178597
0.188346 -0.128458 -0.171659 -0.178862
0.188441 -0.128451 -0.171659 -0.178862
0.188453 -0.128813 -0.171502 -0.178803
0.188729 -0.128674 -0.171182 -0.179071
0.188729 -0.128674 -0.171317 -0.179073
0.188841 -0.12904 -0.171157 -0.179021
0.189002 -0.12921 -0.170781 -0.179173
0.189002 -0.12921 -0.170781 -0.179173
0.189242 -0.12928 -0.170662 -0.179255
0.189516 -0.129449 -0.170555 -0.179424
0.189516 -0.129449 -0.170555 -0.179423
0.189821 -0.129296 -0.170202 -0.179729
0.189821 -0.129296 -0.170202 -0.179729
0.189964 -0.129384 -0.170031 -0.179683
0.190084 -0.129808 -0.169897 -0.179772
0.190523 -0.129638 -0.169632 -0.179964
0.190523 -0.129637 -0.169632 -0.179963
0.190828 -0.129822 -0.169406 -0.180302
0.191018 -0.130025 -0.169129 -0.180508
0.191018 -0.130025 -0.169083 -0.180364
0.190988 -0.130398 -0.169249 -0.180368
0.191335 -0.130222 -0.168682 -0.180719
0.191335 -0.130222 -0.168682 -0.180719
0.19196 -0.131049 -0.167537 -0.181006
0.191992 -0.131177 -0.167266 -0.181259
0.191992 -0.131177 -0.167266 -0.181259
0.192162 -0.13129 -0.167252 -0.181242
0.193551 -0.132109 -0.166967 -0.182116
0.193551 -0.132109 -0.166967 -0.182116
0.193923 -0.132342 -0.166517 -0.182354
0.193923 -0.132342 -0.166633 -0.182358
0.194289 -0.1322 -0.166219 -0.182699
0.194298 -0.132583 -0.166219 -0.182699
0.194485 -0.132695 -0.166129 -0.182698
0.194856 -0.132549 -0.16571 -0.183038
0.19486 -0.132929 -0.165672 -0.182913
0.195047 -0.133036 -0.165626 -0.183029
0.195425 -0.132874 -0.165197 -0.183374
0.195422 -0.133264 -0.165194 -0.183385
0.195609 -0.133369 -0.165124 -0.183357
0.195797 -0.133482 -0.164956 -0.183464
0.196188 -0.133295 -0.164668 -0.18383
0.196173 -0.133696 -0.164622 -0.18368
0.196361 -0.133803 -0.164455 -0.183787
0.196764 -0.133603 -0.163993 -0.184154
0.196917 -0.133583 -0.164167 -0.184162
0.196932 -0.134132 -0.163949 -0.184109
0.197503 -0.133896 -0.163466 -0.184498
0.197513 -0.13447 -0.163435 -0.184442
0.197747 -0.134129 -0.163115 -0.184728
0.197746 -0.134129 -0.163313 -0.184737
0.197908 -0.134694 -0.163086 -0.184674
0.198354 -0.134465 -0.162573 -0.185088
0.198354 -0.134464 -0.162785 -0.185098
0.198515 -0.135068 -0.162552 -0.185036
0.198721 -0.135201 -0.16237 -0.185161
0.19898 -0.134821 -0.162014 -0.185475
0.199141 -0.135463 -0.162001 -0.185428
0.199186 -0.135632 -0.161812 -0.185565
0.200016 -0.13604 -0.161231 -0.186009
0.200016 -0.13604 -0.161231 -0.186009
0.200292 -0.135635 -0.160852 -0.186338
0.200292 -0.135635 -0.16108 -0.186351
0.200474 -0.136348 -0.160827 -0.186319
0.200998 -0.136094 -0.160226 -0.186817
0.200998 -0.136094 -0.160464 -0.18683
0.201186 -0.136849 -0.160201 -0.186809
0.201734 -0.136583 -0.159571 -0.187338
0.201734 -0.136583 -0.159571 -0.187338
0.202183 -0.137567 -0.159325 -0.187525
0.202497 -0.13711 -0.158895 -0.187892
0.202714 -0.137072 -0.158896 -0.187891
0.202703 -0.137948 -0.158866 -0.18791
0.203298 -0.137674 -0.158185 -0.188484
0.20324 -0.138355 -0.158394 -0.188305
0.203513 -0.138554 -0.158154 -0.188513
0.204131 -0.138275 -0.157447 -0.189109
0.204131 -0.138275 -0.157447 -0.189109
0.204108 -0.139232 -0.157408 -0.189151
0.206138 -0.140503 -0.155739 -0.190505
0.206138 -0.140503 -0.155739 -0.190505
0.206776 -0.140229 -0.154983 -0.191102
0.206461 -0.141004 -0.155134 -0.190954
0.207057 -0.141167 -0.154831 -0.191174
0.208614 -0.14029 -0.153831 -0.192154
0.208614 -0.14029 -0.153831 -0.192154
0.208614 -0.14029 -0.153831 -0.192154
0.209701 -0.143517 -0.150919 -0.193824
0.209969 -0.143166 -0.150571 -0.194096
0.209969 -0.143166 -0.150626 -0.193991
0.209856 -0.14396 -0.150333 -0.194158
0.209932 -0.144545 -0.149797 -0.194599
0.209932 -0.144545 -0.149766 -0.194444
0.210341 -0.144647 -0.149458 -0.194645
0.210608 -0.144256 -0.149191 -0.194766
0.211249 -0.145119 -0.148666 -0.195298
0.211249 -0.145119 -0.14863 -0.195113
0.211563 -0.145269 -0.148358 -0.195262
0.21219 -0.14558 -0.147892 -0.195759
0.21219 -0.14558 -0.147843 -0.195554
0.212499 -0.145719 -0.147585 -0.195701
0.213157 -0.145368 -0.14686 -0.196201
0.213119 -0.146025 -0.14707 -0.195991
0.213426 -0.146166 -0.146801 -0.19614
0.214113 -0.145776 -0.146022 -0.196671
0.214046 -0.146485 -0.146306 -0.196704
0.214357 -0.146633 -0.145985 -0.196601
0.215077 -0.14621 -0.145164 -0.197167
0.215303 -0.147134 -0.145155 -0.197098
0.215721 -0.146522 -0.144592 -0.197515
0.215721 -0.146522 -0.144592 -0.197515
0.215949 -0.14749 -0.144635 -0.197733
0.216278 -0.14769 -0.1443 -0.197645
0.216278 -0.14769 -0.1443 -0.197645
0.217632 -0.148512 -0.14311 -0.19848
0.217632 -0.148512 -0.14311 -0.19848
0.217632 -0.148512 -0.14311 -0.198479
0.21834 -0.148983 -0.14249 -0.198935
0.218339 -0.148981 -0.14249 -0.198936
0.218699 -0.149218 -0.142173 -0.19918
0.219438 -0.149733 -0.141524 -0.199693
0.219438 -0.149732 -0.141525 -0.199692
0.220202 -0.150289 -0.140854 -0.200241
0.220202 -0.150289 -0.140854 -0.200241
0.220583 -0.150977 -0.1402 -0.201062
0.220988 -0.15087 -0.140163 -0.200822
0.22139 -0.151163 -0.139809 -0.201125
0.222214 -0.15181 -0.138687 -0.201706
0.222214 -0.15181 -0.138687 -0.201706
0.223487 -0.152761 -0.13796 -0.202767
0.223487 -0.152761 -0.13796 -0.202767
0.223487 -0.152761 -0.13796 -0.202767
0.224463 -0.152291 -0.137213 -0.20365
0.224968 -0.152147 -0.137181 -0.203444
0.224812 -0.153822 -0.13679 -0.203791
0.22538 -0.152995 -0.136033 -0.204302
0.225217 -0.154696 -0.135625 -0.204662
0.227247 -0.154421 -0.134376 -0.205791
0.227501 -0.156588 -0.133546 -0.20656
0.227499 -0.156585 -0.133939 -0.206414
0.228526 -0.15679 -0.133515 -0.206804
0.228915 -0.157759 -0.132278 -0.207714
0.228914 -0.157757 -0.13266 -0.207582
0.229984 -0.157953 -0.132229 -0.207971
0.230971 -0.15875 -0.130982 -0.208872
0.230971 -0.15875 -0.130982 -0.208872
0.231464 -0.159123 -0.130926 -0.209136
0.233217 -0.158402 -0.129622 -0.209849
0.23246 -0.159921 -0.129622 -0.209849
0.232957 -0.160294 -0.129612 -0.2103
0.23475 -0.159536 -0.128728 -0.211079
0.233963 -0.161091 -0.128728 -0.211079
0.234466 -0.161463 -0.128283 -0.211469
0.235645 -0.160895 -0.12739 -0.212246
0.23548 -0.16224 -0.12739 -0.212246
0.235989 -0.162623 -0.126941 -0.212633
0.236353 -0.163632 -0.126064 -0.213624
0.237014 -0.163405 -0.126038 -0.213406
0.237528 -0.163789 -0.125584 -0.213793
0.237881 -0.164809 -0.124669 -0.214568
0.238567 -0.164572 -0.12467 -0.214568
0.241957 -0.160751 -0.120357 -0.216659
0.241957 -0.160751 -0.120357 -0.216659
0.241545 -0.166697 -0.121832 -0.21689
0.242588 -0.167783 -0.119552 -0.218259
0.242588 -0.167783 -0.119552 -0.218259
0.243254 -0.166824 -0.118682 -0.21874
0.242872 -0.16811 -0.118682 -0.21874
0.244173 -0.16816 -0.117953 -0.219555
0.243993 -0.169454 -0.117953 -0.219555
0.243993 -0.169453 -0.118354 -0.219426
0.244463 -0.169753 -0.117876 -0.219776
0.245724 -0.169109 -0.116475 -0.22062
0.245724 -0.169109 -0.116475 -0.22062
0.246099 -0.17082 -0.116443 -0.220824
0.246646 -0.171199 -0.115965 -0.221172
0.247971 -0.170403 -0.114468 -0.222061
0.24797 -0.170401 -0.115036 -0.22214
0.248281 -0.172255 -0.11452 -0.222245
0.249674 -0.171435 -0.112916 -0.222894
0.249674 -0.171435 -0.112916 -0.222894
0.25103 -0.174047 -0.112045 -0.224119
0.251849 -0.172864 -0.110985 -0.224653
0.252799 -0.172471 -0.111566 -0.22473
0.252802 -0.172473 -0.111544 -0.224487
0.252072 -0.174829 -0.111042 -0.224856
0.253496 -0.173993 -0.110068 -0.225845
0.253496 -0.173992 -0.110062 -0.225851
0.255483 -0.176687 -0.106042 -0.228225
0.255496 -0.1767 -0.106023 -0.228059
0.256117 -0.176518 -0.105962 -0.228463
0.257101 -0.175514 -0.104514 -0.229238
0.256206 -0.176807 -0.104498 -0.229088
0.256907 -0.176605 -0.104428 -0.229487
0.257 -0.176821 -0.102991 -0.230082
0.257406 -0.176644 -0.103415 -0.230145
0.257646 -0.176592 -0.102912 -0.230472
0.257887 -0.17654 -0.102409 -0.230789
0.258096 -0.176484 -0.100977 -0.231348
0.258376 -0.176361 -0.101425 -0.231402
0.258629 -0.176198 -0.100919 -0.231714
0.259017 -0.175719 -0.0995061 -0.232242
0.259146 -0.175648 -0.100014 -0.232302
0.259426 -0.175311 -0.0995791 -0.232585
0.260447 -0.173952 -0.0981817 -0.233067
0.26005 -0.174707 -0.0987605 -0.233132
0.260381 -0.174315 -0.098353 -0.233403
0.261445 -0.172822 -0.0969625 -0.233863
0.26085 -0.173568 -0.0975553 -0.233927
0.261477 -0.172954 -0.0971463 -0.234189
0.26244 -0.171759 -0.0967656 -0.234655
0.263149 -0.170676 -0.0957926 -0.23506
0.264085 -0.169611 -0.0950668 -0.235652
0.264085 -0.169611 -0.0950668 -0.235652
0.26477 -0.168543 -0.0941108 -0.236041
0.263909 -0.169606 -0.0945979 -0.235725
0.264907 -0.168353 -0.0931851 -0.236172
0.265193 -0.168208 -0.0931851 -0.236172
0.265695 -0.167508 -0.093299 -0.236471
0.266529 -0.166295 -0.0919745 -0.237239
0.26678 -0.166165 -0.0919757 -0.237248
0.267289 -0.165446 -0.0920462 -0.237675
0.26812 -0.164213 -0.0907093 -0.238429
0.26812 -0.164213 -0.0907093 -0.238429
0.268683 -0.163464 -0.0908487 -0.238853
0.270074 -0.161554 -0.0900731 -0.239664
0.270074 -0.161554 -0.0900731 -0.239664
0.270504 -0.161086 -0.0897007 -0.240066
0.272722 -0.157739 -0.0882363 -0.241686
0.272725 -0.157741 -0.0882363 -0.241686
0.274057 -0.155688 -0.0875154 -0.242464
0.273909 -0.15591 -0.0875154 -0.242464
0.275133 -0.153899 -0.0861984 -0.243196
0.275303 -0.153798 -0.0868088 -0.243227
0.275779 -0.153071 -0.0864384 -0.243618
0.276413 -0.152089 -0.085461 -0.243973
0.279674 -0.1466 -0.0843638 -0.245781
0.279674 -0.1466 -0.0843638 -0.245781
0.284238 -0.139287 -0.0814669 -0.248305
0.284484 -0.139074 -0.081796 -0.248303
0.285506 -0.137213 -0.0807771 -0.2492
0.285453 -0.137306 -0.0807698 -0.249204
0.286348 -0.136239 -0.0807277 -0.249594
0.287296 -0.134459 -0.0796522 -0.250322
0.287301 -0.134462 -0.0796522 -0.250322
0.287904 -0.133382 -0.0796351 -0.250713
0.28879 -0.131648 -0.0785224 -0.251418
0.288806 -0.131644 -0.0785224 -0.251418
0.289251 -0.130724 -0.0785759 -0.25179
0.289652 -0.129816 -0.0782388 -0.252138
0.290032 -0.128983 -0.0774451 -0.252474
0.290417 -0.128082 -0.0775807 -0.252823
0.290772 -0.127191 -0.077259 -0.253156
0.291442 -0.125407 -0.0766069 -0.253744
0.291445 -0.125402 -0.0766233 -0.25381
0.291784 -0.124511 -0.0762941 -0.254132
0.292419 -0.122707 -0.0756315 -0.254703
0.29242 -0.122704 -0.0756315 -0.254703
0.29336 -0.119963 -0.0746867 -0.255683
0.29336 -0.119963 -0.0746867 -0.255683
0.293768 -0.118965 -0.0738115 -0.255943
0.293668 -0.119042 -0.0743549 -0.255925
0.29398 -0.118116 -0.0740593 -0.256291
0.294281 -0.117163 -0.0737503 -0.256582
0.295114 -0.114356 -0.0722389 -0.257427
0.295114 -0.114356 -0.0722389 -0.257427
0.295114 -0.114356 -0.0722591 -0.257484
0.295481 -0.113242 -0.0725365 -0.257751
0.296019 -0.111321 -0.0719446 -0.258318
0.296019 -0.111321 -0.0719446 -0.258318
0.296386 -0.110137 -0.0716511 -0.258608
0.296936 -0.108158 -0.0704506 -0.259147
0.296936 -0.108158 -0.0710713 -0.259177
0.297313 -0.106934 -0.0707845 -0.259466
0.298299 -0.103712 -0.0699033 -0.26024
0.298261 -0.103631 -0.0699385 -0.260327
0.298261 -0.103631 -0.0699385 -0.260327
0.299239 -0.10029 -0.0691107 -0.261206
0.299239 -0.10029 -0.0691107 -0.261206
0.299239 -0.10029 -0.0691107 -0.261206
0.300518 -0.0959287 -0.0674974 -0.262462
0.300531 -0.0957632 -0.068029 -0.262409
0.30086 -0.0946563 -0.067761 -0.26272
0.301469 -0.0926025 -0.0666746 -0.263243
0.301498 -0.0924259 -0.0672305 -0.263344
0.301807 -0.0913175 -0.066967 -0.263661
0.302081 -0.0903908 -0.0661553 -0.263871
0.302953 -0.0868782 -0.0653944 -0.264829
0.302953 -0.0868782 -0.0653944 -0.264829
0.302953 -0.0868782 -0.0653944 -0.264829
0.304004 -0.0828155 -0.0644128 -0.266152
0.304004 -0.0828155 -0.0644128 -0.266152
0.304583 -0.0806872 -0.0634243 -0.266676
0.304583 -0.0806872 -0.0634243 -0.266676
0.304875 -0.0787855 -0.0639236 -0.267722
0.304875 -0.0787855 -0.0639236 -0.267722
0.305432 -0.0757853 -0.0632109 -0.268804
0.305432 -0.0757853 -0.0632109 -0.268804
0.305432 -0.0757853 -0.0632109 -0.268804
0.305755 -0.0737696 -0.0627457 -0.269543
0.305761 -0.0737712 -0.0627457 -0.269543
0.306008 -0.0723989 -0.062509 -0.269918
0.306123 -0.0707084 -0.0615149 -0.270472
0.306131 -0.0707108 -0.0620752 -0.270666
0.306371 -0.0692682 -0.0618387 -0.271053
0.306481 -0.0682216 -0.0616219 -0.271436
0.306684 -0.0661082 -0.0611994 -0.272217
0.306684 -0.0661082 -0.0611994 -0.272217
0.306789 -0.0650581 -0.0609932 -0.272614
0.307391 -0.0624017 -0.0603218 -0.272818
0.307391 -0.0624017 -0.0604562 -0.273116
0.307048 -0.061112 -0.0596114 -0.274006
0.307143 -0.0607235 -0.0597548 -0.274326
0.307235 -0.0596389 -0.0600187 -0.274665
0.307309 -0.058522 -0.0598345 -0.27509
0.307263 -0.057884 -0.0590476 -0.275264
0.307461 -0.0562805 -0.0594747 -0.275956
0.307531 -0.0551514 -0.0592994 -0.276399
0.307658 -0.0528585 -0.058959 -0.277302
0.307799 -0.0519934 -0.0586049 -0.277386
0.307734 -0.0517292 -0.0586049 -0.277386
0.307826 -0.0506266 -0.0586277 -0.27823
0.307888 -0.0494778 -0.0582644 -0.278312
0.308052 -0.0460137 -0.0580097 -0.280174
0.308052 -0.0460137 -0.0580097 -0.280174
0.308052 -0.0460137 -0.0580097 -0.280174
0.308243 -0.0447556 -0.0576388 -0.28025
0.308182 -0.0437581 -0.0577167 -0.281188
0.308873 -0.0377182 -0.0566804 -0.283934
0.308386 -0.0380188 -0.0570372 -0.283852
0.308556 -0.0361565 -0.0561773 -0.284554
0.308512 -0.0358403 -0.0565066 -0.284478
0.308557 -0.0347425 -0.0566536 -0.285535
0.308602 -0.0325157 -0.0561168 -0.286183
0.308601 -0.0325155 -0.0561216 -0.286182
0.30863 -0.0314303 -0.0562921 -0.287277
0.308643 -0.0303337 -0.0558738 -0.287348
0.308643 -0.0303337 -0.0558738 -0.287348
0.30856 -0.0275691 -0.0552494 -0.289209
0.308561 -0.0275693 -0.0555191 -0.289143
0.308619 -0.0259449 -0.0557308 -0.290301
0.308582 -0.0237796 -0.0555221 -0.29155
0.308582 -0.0237797 -0.0555221 -0.29155
0.308447 -0.018475 -0.0550397 -0.294756
0.308447 -0.018475 -0.0550397 -0.294756
0.308426 -0.0139025 -0.0544025 -0.298087
0.308426 -0.0139025 -0.0545929 -0.298037
0.308441 -0.0126585 -0.0545068 -0.298699
0.308317 -0.00976255 -0.053856 -0.300106
0.308317 -0.00976255 -0.053856 -0.300106
0.308317 -0.00976255 -0.053856 -0.300106
0.308365 -0.00810928 -0.053151 -0.300884
0.308365 -0.00810928 -0.053151 -0.300884
0.308155 -0.0052507 -0.0525192 -0.302279
0.308157 -0.00525093 -0.0525192 -0.302279
0.308157 -0.00525093 -0.0525192 -0.302279
0.308039 -0.00428605 -0.0537731 -0.304661
0.307887 -0.0032891 -0.0537015 -0.305334
0.307738 -0.00110837 -0.053437 -0.306696
0.3076 -0.00132683 -0.0535616 -0.306661
0.307488 -0.000375252 -0.0534925 -0.307324
0.307341 0.00121049 -0.0532428 -0.308699
0.307341 0.00121049 -0.0532428 -0.308699
0.306892 0.00357541 -0.0532424 -0.309999
0.306892 0.00357541 -0.0532424 -0.309999
0.306741 0.0051543 -0.0525735 -0.310778
0.306598 0.00554653 -0.0531287 -0.311347
0.30644 0.00654494 -0.0530753 -0.312026
0.306091 0.00790242 -0.0529776 -0.313398
0.306064 0.00861251 -0.0529776 -0.313398
0.305897 0.00962707 -0.0529304 -0.314086
0.305699 0.0112244 -0.0522957 -0.314886
0.305566 0.0110009 -0.0528436 -0.315488
0.305397 0.0120726 -0.0528024 -0.316187
0.305176 0.0137448 -0.0527636 -0.316901
0.304849 0.0151626 -0.0526917 -0.318333
0.304804 0.0158091 -0.0526917 -0.318333
0.304634 0.0168193 -0.0526574 -0.319057
0.304226 0.0188991 -0.0525973 -0.320541
0.304226 0.0188991 -0.0525973 -0.320541
0.304194 0.019422 -0.0520432 -0.320633
0.303328 0.0243218 -0.051927 -0.324411
0.303323 0.0243221 -0.051927 -0.324411
0.303061 0.0256765 -0.0524276 -0.325872
0.302841 0.0271018 -0.0518807 -0.326751
0.302841 0.0271018 -0.0518807 -0.326751
0.302638 0.0280473 -0.0524374 -0.328237
0.302294 0.0294234 -0.0523686 -0.329066
0.302032 0.0308264 -0.0518501 -0.329965
0.302032 0.0308264 -0.0518501 -0.329965
0.301769 0.0316112 -0.0524394 -0.331489
0.301511 0.0330652 -0.0523311 -0.332341
0.301004 0.0353235 -0.0518507 -0.334111
0.301004 0.0353235 -0.0518507 -0.334111
0.301004 0.0353235 -0.0518507 -0.334111
0.30028 0.0383609 -0.0523118 -0.337435
0.30028 0.0383609 -0.0523118 -0.337435
0.30028 0.0383609 -0.0523118 -0.337435
0.299792 0.0401274 -0.0523157 -0.339209
0.299792 0.0401274 -0.0523168 -0.339209
0.29951 0.0410351 -0.052323 -0.340101
0.299211 0.0419524 -0.0523311 -0.34101
0.297656 0.0477494 -0.0516931 -0.346662
0.297656 0.0477494 -0.0516931 -0.346662
0.297449 0.0488022 -0.0520241 -0.34842
0.297352 0.0492354 -0.0520241 -0.34842
0.297352 0.0492354 -0.0527322 -0.349192
0.296948 0.0508805 -0.052063 -0.350283
0.296764 0.0508605 -0.0517301 -0.351359
0.296616 0.0514966 -0.0517301 -0.351359
0.296361 0.0522589 -0.0524809 -0.353105
0.295977 0.0531645 -0.0529259 -0.354933
0.295825 0.0537829 -0.0525223 -0.355051
0.29557 0.0545241 -0.0525443 -0.356026
0.295241 0.0555269 -0.0530446 -0.357878
0.295166 0.0553496 -0.0530503 -0.357878
0.294711 0.0567913 -0.0526198 -0.359009
0.29419 0.0584486 -0.0518743 -0.36022
0.29419 0.0584486 -0.0526724 -0.361049
0.293847 0.0590138 -0.0527041 -0.362077
0.293319 0.0606235 -0.0519219 -0.363335
0.293319 0.0606235 -0.0527612 -0.364195
0.292979 0.0611732 -0.0527948 -0.365249
0.292388 0.0625789 -0.0519991 -0.366547
0.292388 0.0625789 -0.0519991 -0.366547
0.291895 0.0640075 -0.0520356 -0.368732
0.291895 0.0640075 -0.052923 -0.369623
0.291585 0.0645525 -0.0529557 -0.370746
0.291567 0.0646336 -0.0528539 -0.370759
0.291001 0.0658427 -0.0530255 -0.373042
0.290667 0.0663632 -0.0530958 -0.375377
0.290667 0.0663632 -0.0530958 -0.375377
0.289906 0.0682623 -0.0532054 -0.378932
0.289695 0.0689001 -0.0532054 -0.378932
0.289695 0.0689001 -0.0532054 -0.378932
0.289484 0.0695374 -0.0532419 -0.380155
0.289131 0.0698978 -0.0532803 -0.381404
0.288825 0.0704245 -0.0533775 -0.382668
0.288451 0.0708441 -0.0534348 -0.383942
0.288451 0.0708441 -0.0534368 -0.383942
0.287942 0.0720541 -0.0534452 -0.386511
0.287659 0.0725535 -0.0534864 -0.387846
0.287388 0.0729413 -0.0536847 -0.389144
0.287093 0.0735206 -0.0535712 -0.390509
0.286837 0.0739641 -0.0536132 -0.39187
0.286598 0.0742468 -0.053884 -0.393237
0.286322 0.0749903 -0.0550836 -0.394328
0.285786 0.0754646 -0.0540627 -0.397468
0.285786 0.0754646 -0.0540632 -0.397468
0.285786 0.0754646 -0.0540632 -0.397468
0.285329 0.0761764 -0.0541525 -0.400359
0.285329 0.0761764 -0.0526677 -0.400714
0.284808 0.0770576 -0.0539589 -0.40336
0.28429 0.0779148 -0.0543793 -0.40485
0.28429 0.0779148 -0.0526988 -0.405241
0.283981 0.0780624 -0.0557987 -0.40757
0.283495 0.0786308 -0.0541819 -0.411117
0.283495 0.0786308 -0.0541819 -0.411117
0.283119 0.0786829 -0.0581873 -0.418234
0.282585 0.0796794 -0.0544019 -0.419081
0.282505 0.0795571 -0.0564478 -0.421916
0.282505 0.0795571 -0.0564478 -0.421916
0.282074 0.0802009 -0.0545342 -0.423958
0.281685 0.0805541 -0.0530672 -0.425966
0.281685 0.0805541 -0.0546256 -0.427255
0.281288 0.0808996 -0.0530797 -0.429256
0.281288 0.0808996 -0.0530833 -0.429255
0.281086 0.0810712 -0.0547637 -0.43224
0.28047 0.0815627 -0.0548989 -0.437302
0.28047 0.0815627 -0.0548989 -0.437302
0.28057 0.0812014 -0.0554731 -0.437228
0.28057 0.0812014 -0.0571629 -0.438533
0.280128 0.081826 -0.0549825 -0.440686
0.279668 0.0821232 -0.0532702 -0.442802
0.279668 0.0821232 -0.0550576 -0.444184
0.279468 0.0822387 -0.055093 -0.445898
0.279276 0.0823372 -0.0559191 -0.445793
0.279099 0.0824046 -0.0551518 -0.449413
0.278744 0.0824861 -0.0532602 -0.451596
0.278734 0.0824867 -0.053269 -0.451595
0.278902 0.0818673 -0.0581465 -0.454298
0.278147 0.081661 -0.0582561 -0.465018
0.278147 0.081661 -0.0582561 -0.465018
0.278163 0.0809163 -0.0552955 -0.469759
0.278336 0.0803112 -0.0563247 -0.469635
0.278131 0.0806566 -0.0553821 -0.471156
0.278146 0.0806553 -0.0553726 -0.471156
0.278301 0.0797548 -0.0565639 -0.472423
0.277982 0.080174 -0.0556449 -0.474339
0.277866 0.0799661 -0.0557971 -0.476165
0.277897 0.0791048 -0.0570569 -0.477838
0.277535 0.0796035 -0.0592003 -0.479215
0.277424 0.0794128 -0.0557888 -0.481179
0.277573 0.0776279 -0.0613511 -0.484408
0.27701 0.0788864 -0.0551454 -0.485253
0.27701 0.0788864 -0.0551454 -0.485253
0.27706 0.0778791 -0.0575706 -0.487215
0.276777 0.0785027 -0.0545167 -0.487596
0.276482 0.0773044 -0.0562918 -0.489695
0.276666 0.0766344 -0.0501851 -0.491424
0.275965 0.0770673 -0.0537908 -0.493831
0.275966 0.0770672 -0.0537784 -0.493832
0.275875 0.0768327 -0.0508124 -0.494391
0.275623 0.0763776 -0.0494278 -0.495296
0.275623 0.0763776 -0.0494268 -0.495296
0.275507 0.0761329 -0.0487105 -0.495792
0.275419 0.0760299 -0.0499811 -0.495663
0.275272 0.0746895 -0.0519223 -0.497184
0.275032 0.0751998 -0.0524131 -0.497498
0.274848 0.0745837 -0.050944 -0.498358
0.274848 0.0745837 -0.050944 -0.498358
0.27519 0.073266 -0.0533567 -0.498101
0.274965 0.0737604 -0.0539367 -0.498461
0.274511 0.0735959 -0.0500226 -0.499604
0.274511 0.0735959 -0.0500226 -0.499604
0.273977 0.0725573 -0.039556 -0.500964
0.273977 0.0725573 -0.039556 -0.500964
0.273851 0.0722795 -0.038952 -0.501283
0.273321 0.0724762 -0.0357971 -0.501689
0.273497 0.0718101 -0.0370263 -0.501598
0.273274 0.071619 -0.0370583 -0.502498
0.273451 0.0709311 -0.038331 -0.5024
0.27282 0.0712712 -0.03558 -0.50323
0.2726 0.071103 -0.0347749 -0.503546
0.272183 0.0707626 -0.0330606 -0.504097
0.272183 0.0707626 -0.0330606 -0.504097
0.271994 0.070575 -0.0321753 -0.504304
0.271962 0.0696928 -0.0325923 -0.504443
0.271761 0.0695126 -0.0290646 -0.504605
0.271761 0.0695126 -0.0290646 -0.504605
0.271204 0.0698308 -0.0284792 -0.504969
0.270776 0.0694663 -0.0265559 -0.505161
0.270776 0.0694663 -0.0265559 -0.505161
0.270576 0.069271 -0.0255873 -0.505203
0.270142 0.0688999 -0.0261549 -0.505355
0.270143 0.0688998 -0.0236133 -0.505264
0.269941 0.0687009 -0.022626 -0.505248
0.269887 0.0678191 -0.0229396 -0.505174
0.269498 0.0683261 -0.0206212 -0.505185
0.269061 0.067944 -0.0186035 -0.504995
0.269061 0.067944 -0.0186035 -0.504995
0.268841 0.0677525 -0.0175895 -0.504858
0.26877 0.0668848 -0.0154946 -0.504491
0.26877 0.0668848 -0.0155376 -0.504525
0.268335 0.0664956 -0.0134632 -0.504086
0.268335 0.0664956 -0.0134632 -0.504086
0.267704 0.0668122 -0.012474 -0.503879
0.267203 0.0664697 -0.0127436 -0.503596
0.267203 0.0664697 -0.0104248 -0.503377
0.266971 0.0662852 -0.00935846 -0.503039
0.266477 0.0659408 -0.00960333 -0.502672
0.266477 0.0659408 -0.00960333 -0.502672
0.265431 0.0649324 -0.0112042 -0.501853
0.265431 0.0649324 -0.0112042 -0.501853
0.26544 0.0640601 -0.000530707 -0.499403
0.26544 0.0640601 -0.000530707 -0.499403
0.264752 0.0638186 0.00144335 -0.498369
0.264752 0.0638186 0.00144335 -0.498369
0.264623 0.0628784 0.00119071 -0.497828
0.264628 0.0628771 0.00119071 -0.497828
0.264628 0.0628771 0.00119071 -0.497828
0.263962 0.0627897 0.00256136 -0.496834
0.263966 0.0627883 0.00399608 -0.4966
0.263728 0.0626373 0.00461314 -0.496138
0.263451 0.0625275 0.00527853 -0.495638
0.26206 0.0607293 0.00948719 -0.491481
0.26206 0.0607293 0.00948719 -0.491481
0.261615 0.0598881 0.0121372 -0.48931
0.261615 0.0598881 0.0121372 -0.48931
0.261625 0.0591914 0.0114959 -0.48895
0.261396 0.0594328 0.0125494 -0.488541
0.261253 0.0592438 0.0127534 -0.488143
0.261178 0.0586237 0.0121058 -0.48772
0.260881 0.0589627 0.0123836 -0.487406
0.260699 0.0588315 0.0135459 -0.48672
0.260607 0.0582242 0.0129487 -0.486208
0.260603 0.0582253 0.0129487 -0.486208
0.260086 0.0585207 0.0146842 -0.485016
0.259985 0.057905 0.0141663 -0.484397
0.259985 0.057905 0.0141663 -0.484397
0.259433 0.0582482 0.0162113 -0.482953
0.259208 0.058157 0.0168026 -0.482184
0.259208 0.058157 0.0168026 -0.482184
0.258546 0.0578377 0.0187894 -0.47976
0.258546 0.0578377 0.0187894 -0.47976
0.258665 0.0572811 0.0177359 -0.479793
0.258151 0.0575505 0.0201803 -0.478037
0.258041 0.0568582 0.0211253 -0.476786
0.25778 0.0567481 0.0206218 -0.476113
0.257408 0.0571955 0.0224616 -0.475061
0.257173 0.0570577 0.0232517 -0.474049
0.257046 0.0563511 0.0229952 -0.473026
0.256656 0.05681 0.0249014 -0.471848
0.25641 0.0566696 0.0257365 -0.470731
0.256444 0.0559352 0.0265848 -0.469572
0.255797 0.0556609 0.0272062 -0.467368
0.255799 0.05566 0.0272062 -0.467368
0.25553 0.0562123 0.0272062 -0.467368
0.255227 0.0558845 0.0298041 -0.465097
0.255096 0.0551744 0.0295487 -0.463941
0.254794 0.0557936 0.0295487 -0.463941
0.253821 0.0554324 0.0351914 -0.456338
0.253821 0.0554324 0.0351914 -0.456338
0.253821 0.0554324 0.0351914 -0.456338
0.253194 0.0543839 0.0364339 -0.4542
0.252854 0.0539392 0.0370349 -0.452978
0.252864 0.0539352 0.0374916 -0.452167
0.252646 0.0537636 0.0379671 -0.451035
0.252399 0.0536272 0.0384346 -0.449846
0.252139 0.0535123 0.0389038 -0.448636
0.251715 0.0534614 0.0398502 -0.446235
0.251715 0.0534614 0.0398502 -0.446235
0.251486 0.052708 0.040771 -0.443813
0.251486 0.052708 0.040771 -0.443813
0.25124 0.0526144 0.0403925 -0.442906
0.250701 0.0528829 0.0416677 -0.441372
0.250799 0.0523948 0.0407997 -0.44145
0.249847 0.0520378 0.0425966 -0.436337
0.249847 0.0520378 0.0425966 -0.436337
0.249471 0.0517796 0.0446642 -0.432581
0.249471 0.0517796 0.0446642 -0.432581
0.248923 0.0517378 0.0452682 -0.430519
0.248923 0.0517378 0.0452682 -0.430519
0.24876 0.0515739 0.0454987 -0.42949
0.248627 0.051032 0.0458804 -0.427107
0.248249 0.0514235 0.04589 -0.427112
0.248072 0.0509224 0.0463261 -0.424428
0.247797 0.0514864 0.0463261 -0.424428
0.247444 0.0512945 0.0466018 -0.423062
0.247269 0.0507897 0.0471995 -0.420132
0.246912 0.051226 0.0472015 -0.420133
0.246662 0.051176 0.0475265 -0.418657
0.246662 0.051176 0.0475265 -0.418657
0.245926 0.0509967 0.0485417 -0.414136
0.245926 0.0509967 0.0485417 -0.414136
0.245785 0.0504485 0.0491813 -0.411086
0.245537 0.050953 0.0491813 -0.411086
0.24522 0.0507552 0.0494803 -0.409513
0.245054 0.0502246 0.05006 -0.406241
0.244795 0.0507501 0.05006 -0.406241
0.244465 0.0505421 0.0503468 -0.404634
0.244303 0.0500089 0.0508864 -0.401321
0.244035 0.0505515 0.0508864 -0.401321
0.243693 0.0503415 0.0511418 -0.39969
0.24353 0.0498156 0.0516004 -0.396272
0.24353 0.0498156 0.0516004 -0.396272
0.24293 0.050139 0.0518191 -0.394592
0.242768 0.0496191 0.051898 -0.392621
0.242176 0.0499376 0.0521082 -0.390872
0.242176 0.0499377 0.0523949 -0.389467
0.241947 0.0498528 0.052295 -0.389187
0.241078 0.0494788 0.0500298 -0.389205
0.240511 0.0488258 0.0526146 -0.376943
0.240511 0.0488258 0.0531066 -0.37663
0.24038 0.0486568 0.0530063 -0.375578
0.240139 0.0484774 0.0524094 -0.373437
0.240071 0.0483822 0.0526522 -0.37328
0.239912 0.0482603 0.0524553 -0.372143
0.239604 0.048201 0.0517931 -0.369921
0.23953 0.048099 0.0520442 -0.369756
0.239341 0.0480273 0.0518465 -0.368563
0.239212 0.0475966 0.0511827 -0.366098
0.239212 0.0475966 0.0511827 -0.366098
0.238733 0.0478739 0.0512139 -0.364617
0.238875 0.0471161 0.0504251 -0.363315
0.238312 0.047797 0.0507066 -0.363129
0.237902 0.0477091 0.0504737 -0.359066
0.237902 0.0477091 0.0504737 -0.359066
0.237902 0.0477091 0.0504737 -0.359066
0.237394 0.0471514 0.0497035 -0.353497
0.237173 0.047426 0.0497035 -0.353497
0.237173 0.047426 0.0497035 -0.353497
0.23708 0.0469578 0.0491974 -0.351988
0.2368 0.0472781 0.0491974 -0.351988
0.236587 0.0472303 0.0489841 -0.349062
0.235927 0.0473563 0.0479955 -0.34698
0.235927 0.0473563 0.0479955 -0.34698
0.234888 0.0447698 0.0445101 -0.332807
0.234678 0.0446246 0.0441173 -0.331655
0.234731 0.0443199 0.0436782 -0.33171
0.234627 0.0444354 0.04369 -0.331124
0.234563 0.0442653 0.0432486 -0.330557
0.234394 0.0440901 0.0423353 -0.329935
0.234349 0.0440269 0.042288 -0.329107
0.234231 0.0439261 0.0418193 -0.328315
0.234004 0.0438363 0.0409048 -0.327499
0.233955 0.0437756 0.0408799 -0.326479
0.233862 0.0437556 0.040437 -0.32551
0.233777 0.043363 0.0395223 -0.324515
0.233515 0.0435815 0.0395453 -0.32334
0.233368 0.0435145 0.0391208 -0.322217
0.233106 0.0434597 0.0382152 -0.321084
0.233106 0.0434597 0.0382152 -0.321084
0.232899 0.0433253 0.0378376 -0.318557
0.232739 0.0432595 0.0374102 -0.317276
0.232634 0.0428524 0.0364992 -0.316005
0.232634 0.0428524 0.0364992 -0.316005
0.232247 0.0430606 0.0361094 -0.313278
0.232085 0.0429889 0.0356731 -0.311925
0.231763 0.0428373 0.0348128 -0.309284
0.231763 0.0428373 0.0348128 -0.309284
0.231669 0.0428136 0.0341668 -0.308166
0.23129 0.0425916 0.0334359 -0.305303
0.231134 0.0425077 0.0329919 -0.304048
0.231135 0.0425071 0.0329856 -0.304044
0.230998 0.0424041 0.0325391 -0.302829
0.230678 0.0422459 0.0315269 -0.300237
0.230682 0.0422437 0.031528 -0.300238
0.23058 0.041835 0.0305761 -0.298988
0.230207 0.0420164 0.0300379 -0.297661
0.230206 0.0420166 0.0299428 -0.296322
0.23006 0.0419319 0.0294198 -0.295052
0.229907 0.0418554 0.0288759 -0.293757
0.229861 0.0411281 0.0276097 -0.292399
0.229861 0.0411281 0.0276097 -0.292399
0.229861 0.0411281 0.0276097 -0.292399
0.229044 0.0413569 0.0255908 -0.286367
0.229044 0.0413569 0.0255908 -0.286367
0.229044 0.0413569 0.0255908 -0.286367
0.228622 0.0408718 0.023466 -0.282227
0.228621 0.0408724 0.023466 -0.282227
0.228576 0.0404321 0.0223307 -0.280241
0.228413 0.0406264 0.0223307 -0.280241
0.228302 0.0405135 0.0217547 -0.27926
0.228015 0.0398812 0.0196293 -0.276367
0.227905 0.0401132 0.0196293 -0.276367
0.227835 0.0396259 0.018548 -0.27462
0.227835 0.0396259 0.018548 -0.27462
0.227614 0.0396628 0.0178284 -0.272929
0.227428 0.0394109 0.016676 -0.271232
0.227428 0.0394109 0.016676 -0.271232
0.227338 0.039282 0.0161057 -0.270404
0.22716 0.0390266 0.0149585 -0.268752
0.22716 0.0390266 0.0149585 -0.268752
0.227025 0.0388081 0.0140345 -0.267971
0.226987 0.0387659 0.0138144 -0.267131
0.226901 0.0386358 0.0132382 -0.266321
0.226755 0.0384345 0.0120058 -0.26469
0.226763 0.0380897 0.0116923 -0.26466
0.226628 0.0382628 0.0114665 -0.263827
0.226595 0.0378277 0.0105417 -0.263044
0.226594 0.0378283 0.0105417 -0.263044
0.226388 0.0378555 0.00974997 -0.261452
0.226356 0.0374191 0.00882345 -0.260679
0.226356 0.0374191 0.00882345 -0.260679
0.226158 0.0374352 0.00802486 -0.259134
0.226085 0.037291 0.00745302 -0.258382
0.226057 0.0368491 0.00654764 -0.257663
0.225944 0.0369962 0.00633958 -0.256949
0.225881 0.0368405 0.00578746 -0.256257
0.225926 0.0365446 0.00544585 -0.256262
0.22572 0.036037 0.00357838 -0.253702
0.22565 0.0361921 0.00361993 -0.253659
0.22565 0.0361921 0.00361993 -0.253659
0.225624 0.0356934 0.00276722 -0.253081
0.225559 0.0358388 0.00280069 -0.253047
0.225514 0.0356613 0.00205603 -0.25194
0.225484 0.0351687 0.00119107 -0.251365
0.225484 0.0351687 0.00119107 -0.251365
0.225381 0.0351253 0.00047188 -0.250261
0.225328 0.0347765 -0.000572861 -0.249251
0.225306 0.0347538 -0.000545912 -0.249224
0.225295 0.0345801 -0.00103625 -0.248744
0.225317 0.0342687 -0.00136356 -0.24874
0.225264 0.033869 -0.00232734 -0.247831
0.225202 0.033953 -0.00247698 -0.247409
0.225141 0.0330932 -0.00428819 -0.245927
0.225179 0.0328049 -0.00471794 -0.245616
0.225133 0.0326336 -0.00513661 -0.245331
0.225171 0.0323458 -0.00544516 -0.245309
0.225133 0.0323983 -0.00555161 -0.245062
0.225174 0.0318717 -0.0062707 -0.244793
0.225151 0.031925 -0.0062707 -0.244793
0.22546 0.0290849 -0.00960486 -0.244253
0.22546 0.0290849 -0.00999915 -0.243258
0.22564 0.0261487 -0.0136118 -0.242809
0.22567 0.0258629 -0.0139281 -0.242794
0.225644 0.0256979 -0.0143193 -0.242595
0.225698 0.0251307 -0.0149568 -0.24254
0.225698 0.0251308 -0.0149593 -0.242543
0.225724 0.0248476 -0.0152802 -0.242511
0.225787 0.0242737 -0.0158804 -0.242533
0.225786 0.0242746 -0.0158804 -0.242533
0.225828 0.0239619 -0.0161701 -0.242557
0.225894 0.0233719 -0.0167663 -0.242585
0.22591 0.02335 -0.016728 -0.242682
0.225952 0.0230407 -0.0170044 -0.242757
0.226042 0.022411 -0.0175352 -0.242963
0.226042 0.022411 -0.0175352 -0.242963
0.226087 0.0220944 -0.0178057 -0.243083
0.226142 0.0215367 -0.0183781 -0.243142
0.226142 0.0215367 -0.0183781 -0.243142
0.226189 0.02132 -0.0185914 -0.243322
0.226241 0.0208052 -0.019184 -0.243338
0.226241 0.0208052 -0.019184 -0.243338
0.226268 0.0207441 -0.0193621 -0.243412
0.226294 0.0205836 -0.0196166 -0.243414
0.22635 0.0202976 -0.0201859 -0.243444
0.22635 0.0202976 -0.0201859 -0.243444
0.226379 0.0201693 -0.0203755 -0.243356
0.226435 0.0197305 -0.0209759 -0.243286
0.226383 0.0198734 -0.0209759 -0.243286
0.226468 0.0196164 -0.0211505 -0.243168
0.226596 0.0195349 -0.021978 -0.243059
0.226596 0.0195349 -0.021978 -0.243059
0.226596 0.0195349 -0.021978 -0.243059
0.226633 0.0194498 -0.0221305 -0.242937
0.226653 0.0191301 -0.0223844 -0.242849
0.226683 0.0191193 -0.0229875 -0.242727
0.226683 0.0191193 -0.0229875 -0.242727
0.226811 0.0191215 -0.0231297 -0.242578
0.226858 0.0190444 -0.0233793 -0.242479
0.226927 0.0186464 -0.0239828 -0.242341
0.226927 0.0186464 -0.0238814 -0.24227
0.227006 0.0188206 -0.0241284 -0.242165
0.227006 0.0188206 -0.0241284 -0.242165
0.227068 0.0185183 -0.0248833 -0.241818
0.227068 0.0185183 -0.0248833 -0.241818
0.227387 0.0182207 -0.0257303 -0.241559
0.227387 0.0182207 -0.0257303 -0.241559
0.227323 0.0183884 -0.0256276 -0.24148
0.2274 0.0179942 -0.0262275 -0.24132
0.2274 0.0179942 -0.0262275 -0.24132
0.227532 0.018072 -0.0259552 -0.242808
0.229202 0.0143115 -0.0289624 -0.298007
0.229275 0.0142803 -0.0301397 -0.298683
0.229367 0.0140453 -0.030152 -0.302691
0.229462 0.0136732 -0.0342466 -0.308863
0.229462 0.0136732 -0.0342466 -0.308863
0.229603 0.0133671 -0.0347029 -0.310529
0.229757 0.0128922 -0.0351857 -0.304751
0.229757 0.0128922 -0.0355251 -0.304928
0.229853 0.012633 -0.0358814 -0.302647
0.229969 0.0121338 -0.036533 -0.300387
0.230078 0.0120682 -0.0365734 -0.298238
0.230205 0.0117622 -0.036913 -0.296069
0.230464 0.011151 -0.0375889 -0.293837
0.230464 0.011151 -0.0375889 -0.293837
0.230629 0.0107458 -0.0379074 -0.289682
0.230809 0.00996421 -0.0387392 -0.285628
0.23094 0.00998392 -0.0385505 -0.285521
0.231095 0.0094921 -0.0389083 -0.283569
0.231326 0.00796373 -0.0402594 -0.28173
0.231326 0.00796373 -0.0403591 -0.279941
0.231579 0.00716617 -0.0433125 -0.278912
0.231952 0.00517191 -0.0469807 -0.277362
0.231952 0.00517191 -0.0469807 -0.277362
0.23219 0.00393472 -0.049697 -0.275011
0.232991 -0.00354113 -0.0581637 -0.268089
0.232991 -0.00354113 -0.0581637 -0.268089
0.233716 -0.00865971 -0.0604206 -0.265993
0.233716 -0.00865971 -0.0604206 -0.265993
0.233844 -0.0119983 -0.0630283 -0.264601
0.234033 -0.0126032 -0.062482 -0.264323
0.23419 -0.0146156 -0.0634791 -0.262952
0.234218 -0.0180998 -0.0659847 -0.261584
0.234366 -0.0187606 -0.0659833 -0.261586
0.234551 -0.0210051 -0.0662244 -0.260028
0.234503 -0.0246345 -0.0686371 -0.258666
0.234511 -0.0246289 -0.0686439 -0.25848
0.234784 -0.0277534 -0.0687285 -0.257169
0.234825 -0.0300648 -0.0695198 -0.256226
0.234845 -0.0324015 -0.0702922 -0.255288
0.234631 -0.0361789 -0.0725769 -0.253926
0.234631 -0.0361789 -0.0725769 -0.253926
0.234669 -0.0386695 -0.0716912 -0.252178
0.234669 -0.0386695 -0.0716912 -0.252178
0.234669 -0.0386695 -0.0708749 -0.251759
0.234341 -0.0492538 -0.0752575 -0.248798
0.234341 -0.0492538 -0.0752575 -0.248798
0.233916 -0.0532506 -0.0773962 -0.247423
0.233978 -0.0541788 -0.0773962 -0.247423
0.23376 -0.0566558 -0.0771945 -0.246038
0.233519 -0.059142 -0.0786606 -0.245534
0.232326 -0.0691081 -0.0803633 -0.241484
0.232326 -0.0691081 -0.0803633 -0.241484
0.231546 -0.0741027 -0.0816538 -0.239555
0.231546 -0.0741027 -0.0816538 -0.239555
0.231076 -0.0764519 -0.0830627 -0.238997
0.230221 -0.0815761 -0.0836065 -0.236748
0.230221 -0.0815761 -0.0836065 -0.236748
0.229236 -0.0854254 -0.0856418 -0.235317
0.229224 -0.0865783 -0.0856418 -0.235317
0.228167 -0.0904281 -0.0869504 -0.233425
0.228176 -0.0904245 -0.0869504 -0.233425
0.227559 -0.0941096 -0.0869106 -0.232038
0.226416 -0.0979491 -0.0889292 -0.230581
0.226335 -0.099142 -0.0882483 -0.230144
