-44.9056 60.7347 38.9487 41.3882
-44.1025 60.0602 39.6216 40.8902
-43.3479 59.4429 40.343 40.437
-42.5841 58.7997 41.0453 39.9477
-40.1886 53.018 44.362 33.233
-39.4345 52.4002 45.0831 32.7797
-38.6803 51.783 45.8043 32.3266
-37.0535 47.749 46.7778 29.484
-35.9847 45.0208 47.5657 27.5318
-35.231 44.4036 48.2865 27.0786
-33.8081 38.7363 48.9506 23.3108
-32.6422 35.3984 49.6327 21.2185
-31.6114 34.5613 50.6346 20.5646
-30.4058 28.4428 50.7434 17.0988
-29.3774 27.6069 51.1635 16.7801
-28.6593 21.6757 51.1468 13.6181
-28.0138 18.4538 51.0479 12.2006
-27.3576 15.1182 50.9343 10.7055
-26.8285 11.9303 50.6829 9.37639
-27.9166 4.60559 47.2229 7.39373
-26.8933 3.76807 48.2197 6.73879
-26.4402 0.720572 47.925 5.45888
-25.1838 -0.297164 49.1676 4.61562
-25.0659 -5.1849 48.935 3.28498
-23.8123 -6.20309 50.177 2.44165
-29.813 -14.8283 40.0797 -0.402462
-28.567 -15.848 41.3159 -1.24823
-28.7193 -18.8423 41.0545 -2.3792
-28.6246 -19.1349 40.9331 -2.44248
-28.6658 -20.775 40.473 -4.65196
-29.0867 -23.0597 40.0016 -5.51478
-29.0485 -23.3335 38.1411 -6.75125
-27.6167 -24.4977 39.5853 -7.77642
-30.0893 -25.6083 37.5773 -8.31903
-28.6615 -26.774 39.0194 -9.34539
-28.4878 -27.8142 33.6973 -9.55253
-27.0643 -28.9817 35.1352 -10.5815
-25.6119 -30.0046 31.3989 -10.299
-24.7598 -30.0191 32.8313 -11.3298
-23.3385 -31.1877 34.2662 -12.3609
-22.1706 -31.7023 34.0648 -13.0077
-21.5751 -31.5941 33.6051 -13.1319
-29.6664 -18.9957 22.8176 -10.0603
-28.0953 -20.2759 24.4254 -11.2667
-30.6696 -14.6788 23.3208 -12.4946
-29.0989 -15.9622 24.9249 -13.7045
-33.2409 -9.11903 24.1109 -14.9364
-34.3267 -7.20625 24.6554 -15.7396
-38.512 -2.18384 24.1682 -16.2557
-36.9426 -3.47098 25.7666 -17.4706
-38.364 -1.48742 26.2838 -18.231
-36.7203 -2.82117 27.9781 -19.5452
-39.75 1.7461 27.2072 -19.5024
-40.2243 3.26243 27.4816 -19.8552
-38.3392 3.0957 29.2501 -21.0902
-40.9447 5.806 28.051 -20.6402
-41.4377 7.30582 28.1099 -20.622
-43.8914 11.149 26.6199 -19.5137
-42.2032 9.77903 28.3659 -20.8952
-42.553 11.0647 28.5212 -21.0041
-43.0568 12.5011 28.459 -20.7482
-47.4361 18.6139 25.1925 -17.937
-45.6594 17.1991 27.0674 -19.4727
-43.8827 15.7842 28.9422 -21.0084
-43.9523 16.6682 29.3386 -21.401
-42.1759 15.2519 31.2124 -22.9381
-42.1621 16.7559 22.939 -17.1646
-49.4995 24.5515 25.0412 -17.3459
-49.0311 25.5059 25.7292 -18.0119
-47.2545 24.0822 27.5984 -19.5561
-49.936 26.8015 25.6409 -17.9674
-48.0712 25.7877 26.5317 -18.9428
-47.4973 25.2282 28.5266 -20.553
-46.9354 25.1445 27.4262 -19.9346
-45.0186 24.2224 29.4041 -21.6255
-46.2573 25.034 30.0108 -21.4354
-46.014 24.9438 30.1433 -21.2726
-44.1749 23.5913 30.1157 -21.7071
-45.3262 24.1587 30.4904 -21.2097
-45.1061 23.9664 28.5914 -19.6026
-43.2723 22.5265 30.5666 -21.2987
-44.2567 22.9567 30.8658 -20.6937
-43.9801 22.6941 30.8704 -20.2822
-42.115 21.2789 32.9401 -22.1147
-44.4408 22.3339 29.4932 -18.4407
-42.5765 20.9165 31.562 -20.2757
-42.0939 20.3449 31.6932 -19.9604
-40.2299 18.9269 33.7619 -21.7961
-41.123 19.0822 32.0237 -19.6243
-40.8822 18.2876 32.034 -18.1127
-39.0192 16.8677 34.103 -19.9505
-39.9645 16.9825 31.8278 -18.2971
-47.0011 20.3359 22.6372 -10.5181
-45.1384 18.967 24.7831 -12.4967
-43.0193 17.4306 27.348 -15.108
-41.103 16.0306 29.7482 -17.5629
-39.3122 14.6899 31.6692 -19.2115
-37.8721 13.2046 33.1452 -20.3098
-36.3309 12.0586 35.2904 -22.2897
-34.8431 10.4909 35.9184 -22.5753
-33.6984 9.29659 36.6044 -22.7218
-31.8413 7.94873 36.1717 -22.3697
-31.3762 6.58447 36.0258 -22.3133
-30.4124 5.55838 35.2899 -21.5469
-29.4346 4.4211 34.4528 -20.7387
-27.5916 3.14231 36.6641 -22.8461
-27.2881 2.05596 34.5165 -20.2577
-26.4385 1.18356 34.0877 -19.424
-24.5962 -0.0954648 33.3305 -19.6254
-24.6043 -0.906025 33.7142 -18.3389
-23.8573 -1.64671 33.4939 -17.5025
-22.0224 -2.90917 35.7177 -19.6282
-22.272 -3.32031 33.7478 -16.5968
-21.6685 -3.79691 33.8396 -15.9073
-22.229 -3.57711 31.6588 -12.3223
-20.4666 -4.93741 33.9271 -14.5588
-19.7761 -5.60071 34.742 -14.4439
-17.9756 -6.75559 37.0124 -16.6792
-21.1445 -4.86477 33.5695 -9.25192
-21.4192 -4.33216 32.4651 -6.64446
-19.6175 -5.48197 33.382 -7.10331
-19.6383 -5.25387 34.1809 -7.29265
-17.9017 -6.25543 36.5027 -9.65425
-17.3282 -6.3887 35.1267 -6.88434
-16.63 -6.67348 37.4505 -9.24699
-16.0736 -6.83693 37.9153 -9.14956
-15.7214 -6.84306 37.9991 -8.46431
-15.2071 -7.00082 40.3252 -10.8276
-14.781 -7.24007 38.6188 -8.0337
-14.5334 -7.21736 40.9457 -10.3904
-18.921 -4.07923 31.3806 2.41474
-17.1876 -5.08016 33.7114 0.0446252
-16.4967 -4.80791 32.449 2.16836
-14.8425 -5.62367 34.8218 -0.321387
-13.1186 -6.09954 37.1946 -2.81113
-11.464 -6.91518 39.5674 -5.30087
-13.3988 -5.01197 39.6506 -4.84009
-13.0066 -4.46523 40.1019 -3.36753
-12.7182 -4.33622 40.2012 -4.39498
-12.3741 -4.45971 40.7087 -4.84119
-12.2446 -4.28657 40.7067 -4.39761
-10.591 -5.10488 43.0826 -6.89099
-9.02613 -5.72181 34.6522 -2.47437
-7.47029 -6.31865 37.0602 -5.0923
-5.91444 -6.91549 39.4681 -7.71023
-13.4603 -2.29285 38.8416 -2.32727
-11.9055 -2.89267 41.4051 -4.2388
-11.8469 -2.52452 41.348 -3.71037
-13.5855 -1.04976 41.0856 -3.12014
-12.0871 -1.93067 43.5019 -5.73955
-12.1262 -1.77308 40.9943 -3.05166
-14.104 -0.623559 37.8195 0.702954
-14.2815 -0.282074 40.2664 -2.02572
-12.8408 -0.631463 42.8951 -3.93437
-12.8934 -0.278611 40.5214 -2.7565
-13.1807 -0.395908 40.0227 -1.90318
-13.3888 0.407095 39.7244 -1.66112
-13.552 0.68551 39.785 -2.03869
-13.8316 1.03463 39.4024 -1.59691
-15.7894 1.8808 39.0675 -1.34882
-14.3501 1.52906 38.8698 -1.37165
-14.4817 1.68367 38.8585 -1.64087
-14.8305 2.14315 38.485 -1.33039
-15.2071 2.58502 38.2018 -1.3018
-16.9957 3.39552 38.2764 -1.8709
-15.6872 3.32871 40.7632 -4.75272
-15.8844 3.65163 38.2468 -2.52705
-16.1921 3.97342 37.904 -2.32778
-14.884 3.9063 40.3911 -5.21263
-16.7535 4.49378 37.7087 -3.08037
-17.0623 4.74484 37.3367 -2.90697
-21.4167 6.95842 34.8516 0.461974
-20.4971 5.72916 37.366 -2.51943
-20.5111 6.11843 33.1362 -0.797101
-20.6009 6.5338 33.3866 -1.4646
-20.7095 6.87473 33.6999 -2.36946
-20.6438 7.91203 36.3367 -4.86606
-20.829 7.49942 34.6907 -4.87537
-21.1282 6.88446 26.8758 1.3559
-19.9634 7.13432 29.3934 -1.67595
-24.1482 7.96009 30.5634 -3.74357
-27.5241 7.76999 25.1128 -0.779887
-26.5688 7.69628 27.6508 -3.90372
-26.0645 8.08894 29.4379 -6.79122
-25.2001 7.98327 31.9852 -9.96354
-25.0916 9.24151 32.1225 -11.0913
-24.935 8.91974 33.0616 -12.655
-24.8575 8.45205 32.6564 -13.3524
-23.8442 9.0525 35.2037 -16.5291
-27.5961 8.10407 28.8755 -12.1985
-26.5833 8.70387 31.4203 -15.3796
-26.2086 8.19591 32.6434 -17.0124
-25.7536 9.35754 33.3042 -19.0136
-25.7685 9.12846 34.6249 -20.3022
-25.7222 9.58448 35.1178 -21.2081
-25.7922 10.0401 33.3408 -20.6378
-25.848 10.5854 35.9246 -23.9637
-25.8796 10.9977 36.4324 -24.1377
-26.0132 11.2763 36.2569 -24.0747
-28.2323 10.5543 30.3952 -19.4937
-27.3775 11.543 33.1947 -21.8517
-26.5226 12.5317 35.7777 -25.1803
-26.5574 12.9913 36.3921 -25.9646
-27.1147 12.2095 35.7257 -25.2577
-26.4234 13.6224 38.6015 -27.6555
-27.5651 14.8634 34.7992 -25.3636
-27.908 15.2656 33.5788 -24.4443
-27.2223 16.6695 36.2179 -27.912
-28.667 16.3723 32.0594 -23.7511
-28.942 16.6424 31.4023 -23.0463
-29.577 15.5848 31.0373 -21.0673
-30.413 16.3876 28.8666 -19.5512
-29.7911 17.9908 31.5222 -23.1006
-30.4427 18.9483 28.1565 -20.9644
-30.3116 18.9718 30.8411 -24.6074
-30.3526 21.2447 31.0932 -22.9583
-31.7449 18.47 25.1755 -15.6099
-31.226 20.3459 27.8759 -19.2504
-32.4395 13.9305 21.7244 -11.1208
-31.9183 15.8069 24.4267 -14.7673
-31.097 14.4227 24.4449 -14.3
-30.4612 14.4769 25.4654 -15.3332
-30.0379 14.8371 26.4851 -16.5455
-29.687 17.211 29.2564 -20.3596
-29.3873 16.4148 28.968 -19.8612
-29.0739 16.8036 29.5356 -20.3607
-28.9025 17.2791 30.0964 -21.0121
-28.553 19.654 32.8747 -24.8269
-28.5422 18.4629 31.548 -22.9699
-28.7319 16.6403 31.9414 -21.4546
-28.1449 18.8416 34.7281 -25.2692
-28.1577 17.2956 32.8427 -22.6338
-27.8522 19.8108 33.215 -24.8959
-27.8089 20.5156 33.3714 -24.827
-28.2359 18.9476 30.5529 -20.8442
-27.9884 21.8064 33.4268 -24.8388
-28.0263 22.3997 36.7267 -27.0363
-28.3715 20.3067 30.3333 -20.3517
-28.1976 23.2194 33.2141 -24.3444
-28.0237 26.1321 36.0949 -28.3371
-27.0448 16.3305 28.6271 -17.1489
-26.6178 14.7348 27.1083 -14.2007
-26.9187 15.6156 30.0345 -18.2125
-26.2005 18.5785 30.9777 -19.2864
-25.9446 19.7107 32.2916 -20.895
-25.995 17.165 32.4338 -20.5187
-25.399 20.216 35.4339 -24.6996
-25.4636 21.2834 33.4026 -21.7495
-25.8522 18.7177 33.3082 -21.3102
-25.2049 21.7295 33.6512 -21.8646
-25.251 22.4967 33.8522 -22.0062
-25.6135 19.7726 33.5025 -21.2201
-25.6363 23.3312 36.538 -25.4224
-25.1927 23.7586 33.913 -21.806
-25.783 20.9741 33.544 -21.0639
-25.3079 24.602 36.6839 -25.4451
-25.5237 25.6273 33.57 -21.2747
-26.1019 22.3165 33.0909 -20.4044
-25.4947 25.8475 36.2437 -24.785
-25.6609 26.6364 32.9555 -20.4171
-26.5632 27.1188 31.8226 -22.0041
-25.6383 26.9229 32.4875 -19.7358
-25.4826 26.5475 31.9371 -18.8442
-26.5229 27.7729 31.0966 -20.7523
-21.787 25.0692 18.5619 -10.3848
-22.1499 29.8339 21.8691 -14.9843
-19.4982 3.33801 22.5551 -3.06884
-19.8534 8.10809 25.9056 -7.66193
-18.6368 8.45721 28.3463 -9.89846
-18.9971 13.2275 31.7047 -14.4884
-17.0551 10.5418 33.0516 -14.8893
-15.2862 3.81894 30.2484 -9.93447
-15.6518 8.59149 33.6265 -14.5222
-16.1746 14.0246 37.1673 -19.3072
-17.1654 16.9476 40.7079 -24.1267
-15.64 17.4719 40.9517 -23.809
-16.1798 22.935 44.5158 -28.5958
-15.06 14.7579 37.849 -18.7466
-15.5887 20.2336 41.4076 -23.5633
-16.1377 25.6972 44.9884 -28.3447
-16.5683 27.3902 45.2809 -28.892
-16.5982 23.7758 41.0842 -23.4658
-15.9349 15.0638 33.6338 -13.522
-16.6035 21.204 37.3874 -18.5559
-17.2893 27.4323 41.163 -23.6196
-17.7541 29.4877 41.6372 -24.4371
-19.3669 30.6223 40.5918 -22.8795
-18.3605 31.1847 40.3719 -22.9887
-19.9367 32.4732 44.8112 -25.1481
-20.167 33.0449 49.2274 -27.5157
-18.7586 22.6893 29.742 -10.3609
-19.4894 28.9038 33.5863 -15.3852
-20.1972 35.1365 37.416 -20.4392
-21.0154 42.0163 41.4222 -25.7128
-20.0184 32.3934 38.0621 -21.5916
-20.8699 39.4306 42.1296 -26.9121
-20.8281 39.9092 37.8968 -21.6287
-21.2614 41.7554 38.3721 -22.618
-21.1204 41.0516 37.2176 -21.0814
-22.8416 42.7403 36.9548 -21.4652
-21.9842 43.1772 36.5456 -21.4068
-20.9687 29.8299 26.2671 -9.59423
-21.8738 36.851 30.4095 -14.8807
-22.1233 38.3501 30.8337 -15.9265
-23.1142 46.2569 35.2204 -21.5419
-23.2792 48.0003 30.8046 -15.9198
-22.4148 46.0263 35.1868 -21.5295
-22.887 47.4044 35.1744 -22.173
-22.9905 47.0542 28.3089 -17.8542
-23.2438 47.2272 33.2581 -20.945
-25.1858 49.2918 33.0864 -21.5614
-25.9458 48.8132 27.1848 -15.4385
-27.9669 49.9266 31.6408 -21.0459
-23.9844 47.8567 31.5109 -21.3347
-26.2328 49.1736 36.8805 -24.3766
-24.0253 48.4791 30.9117 -21.7507
-24.9031 40.3477 30.7203 -18.6923
-26.0413 49.1985 35.5281 -24.607
-29.1318 14.6821 9.95935 0.110224
-31.1375 17.7365 13.053 -3.41573
-20.331 17.9582 17.9234 -9.31714
-22.3661 20.6656 21.4589 -14.4671
-15.4029 17.9328 25.3191 -17.1949
-11.3028 15.2705 27.2098 -18.552
-13.4772 18.8676 30.1456 -22.08
-13.4492 21.7857 32.6596 -24.8778
-10.3924 20.5543 33.8866 -25.9401
-12.6212 23.694 35.7807 -28.4362
-12.8293 26.3095 37.2389 -30.0907
-12.5002 26.4691 37.4393 -30.0464
-13.8343 36.3502 42.7714 -36.2752
-12.1884 13.1678 33.0017 -25.2543
-13.5228 23.0617 38.3646 -31.4747
-14.9069 33.4995 43.9366 -37.8859
-13.5527 35.4645 40.4688 -34.4336
-9.44249 9.64294 25.5431 -17.4759
-10.9138 20.6299 31.3882 -24.0665
-12.2356 15.1777 33.0783 -25.9196
-10.7926 24.0867 39.5459 -29.314
-11.1692 27.0329 34.5889 -27.4384
-10.937 27.5675 34.5063 -27.1137
-12.4332 38.5676 40.3996 -33.6925
-11.5289 30.6248 34.144 -27.0412
-13.0783 42.1338 40.28 -33.7931
-15.4694 27.6984 26.6101 -19.4847
-12.8924 36.8736 33.0862 -26.4676
-14.6555 30.6199 34.0414 -27.691
-13.3167 40.6921 33.4133 -26.8754
-13.8674 43.7257 34.1574 -27.8954
-12.6292 34.7366 27.5369 -21.004
-14.291 46.9499 34.0765 -27.97
-12.5137 36.177 26.8665 -20.266
-14.1905 48.3999 33.4358 -27.2259
-14.9194 51.4191 26.3374 -20.1411
-13.7696 62.8033 33.5394 -27.5519
-15.4258 55.9302 34.3685 -28.7172
-14.0918 46.1488 27.174 -21.5928
-15.906 59.678 34.4257 -28.993
-15.9849 61.3527 34.8545 -29.4796
-12.8641 60.4015 35.2092 -29.73
-14.7329 73.9386 42.508 -37.1097
-12.7319 39.561 26.8691 -22.0878
-14.6046 53.1299 26.729 -22.3293
-16.5016 67.087 34.2807 -29.8466
-12.8266 67.7703 36.338 -31.9152
-14.8487 82.742 45.1425 -35.7015
-16.5521 71.9755 35.8922 -31.7654
-13.637 69.5794 34.7785 -30.6663
-15.6934 84.5763 42.9366 -38.5137
-17.2365 74.7221 33.7538 -31.0826
-17.9002 60.3088 32.206 -29.6541
-16.9178 73.1468 40.4241 -37.4877
-17.4101 74.8217 30.7758 -29.8541
-15.0748 59.1055 21.0878 -21.695
-13.8408 73.0887 30.6406 -27.9427
-16.9023 76.8628 32.5275 -32.7216
-17.0931 79.6219 24.3089 -29.4014
-15.5638 76.8428 34.1276 -33.778
-16.1199 79.1658 35.463 -32.052
-19.1771 82.3074 35.4318 -35.8631
-15.7337 79.9389 36.3803 -32.4686
-18.0597 96.6233 34.0598 -35.1418
-15.5706 79.4646 34.9435 -32.2509
-17.9437 96.3915 44.4126 -40.6423
-15.2714 80.0676 33.4779 -36.3549
-10.6427 92.9505 33.1022 -31.9268
-13.2562 111.393 43.518 -40.8277
-12.6123 65.4674 24.822 -30.5202
-15.1624 83.9947 35.2707 -39.4286
-1.15408 27.0962 13.0875 -20.8077
-3.84634 45.6858 23.6611 -29.6603
3.08951 -0.148965 7.52022 -15.8794
0.388972 18.523 18.1748 -24.7223
-2.32027 37.2918 28.8889 -33.5988
-5.32921 57.8745 40.824 -43.0123
17.4687 -45.068 8.68252 -9.53435
14.336 -24.2572 20.8281 -18.9007
13.0835 -4.77424 32.217 -26.8336
9.66021 7.69778 44.4465 -36.1156
14.9757 -2.95235 52.8976 -38.9465
16.9905 -8.28453 54.3746 -41.34
20.3751 7.87724 66.6233 -50.6529
19.4423 -20.0946 73.7833 -51.0897
20.0566 -25.5862 76.0805 -51.2508
18.7128 -4.06031 76.413 -55.4863
15.2423 23.4348 79.6429 -53.2063
14.3574 18.6809 77.9637 -46.1938
13.1207 40.1896 91.8362 -56.128
10.8283 51.4084 73.7244 -48.2197
9.91655 41.9063 53.0642 -32.724
6.23957 65.1993 67.0122 -42.6627
6.11044 73.4965 68.4638 -42.8784
7.82089 59.639 54.2948 -30.7203
4.04092 82.9972 68.3447 -40.6407
1.50508 93.8931 72.8528 -41.6625
2.23414 82.4147 58.812 -33.9462
-1.94771 108.318 75.2352 -40.2302
-3.56405 115.21 77.9921 -40.4799
-4.58918 117.678 75.7471 -37.2507
-8.89559 143.632 91.7072 -47.8781
-8.50806 131.115 74.0029 -35.2269
-12.877 157.132 90.0558 -45.838
-7.32989 116.106 50.9579 -19.3373
-12.1241 142.211 67.7206 -25.912
-16.9274 170.643 85.5724 -37.1968
-13.586 151.053 69.6776 -31.8717
-14.3246 151.901 66.0082 -28.0817
-19.3079 180.958 84.9121 -35.0394
-16.878 160.754 62.928 -27.4843
-11.85 129.576 39.1093 -16.8707
-16.903 158.849 57.9302 -25.4695
-18.7896 162.847 57.7552 -20.8907
-22.507 162.686 76.3753 -32.2741
-18.9641 161.113 52.4356 -24.212
-19.3819 188.867 49.9634 -23.0881
-2.1784 69.6138 -4.81557 4.40425
-8.10268 102.654 16.377 -7.95375
-9.72703 131.928 25.8878 -14.8584
-8.12787 113.157 38.9404 -23.5471
-14.6315 146.303 60.3447 -35.6859
-4.57329 113.303 60.723 -36.3983
-3.49788 110.719 62.8951 -37.2975
-9.7791 144.124 63.9089 -41.9891
-4.32287 116.317 68.7948 -43.9949
-3.37198 114.117 69.7507 -44.6211
-10.4185 151.631 93.9978 -57.9165
-16.2516 157.829 94.9471 -61.892
1.98592 81.0881 67.8101 -42.2029
-3.44506 89.7676 92.8318 -52.9789
-10.723 127.824 117.429 -66.0534
9.86255 52.8272 81.8468 -49.433
8.97663 58.2319 49.1867 -39.8731
1.36501 96.7318 73.8894 -53.0839
-6.74192 135.213 98.8229 -65.9365
-15.0721 176.401 125.423 -79.7157
-8.05225 146.914 111.881 -73.5518
-10.2337 152.124 78.8219 -58.8613
-9.52448 151.3 107.266 -69.779
-11.5017 155.05 106.602 -69.2458
-20.6232 198.773 134.753 -83.4251
-13.3595 159.217 96.8033 -65.0733
-3.76292 107.825 89.701 -55.5378
-13.0416 152.232 118.123 -69.7008
-15.9514 157.72 78.9 -56.7607
-14.1682 152.457 109.849 -66.357
-17.0735 162.118 75.137 -55.4081
-16.931 158.659 42.5592 -42.5437
-18.93 168.042 75.1701 -55.5344
-19.5547 171.161 78.5642 -57.4055
-18.383 164.39 44.9203 -44.0461
-25.4153 211.501 77.366 -59.6276
-21.2997 174.816 80.7895 -58.6378
-25.2737 219.506 75.6792 -61.2579
-6.03286 112.316 42.4171 -41.4508
-18.6666 168.006 77.0296 -57.6484
7.4563 74.9675 48.8477 -42.1706
1.27286 77.2195 49.9948 -45.323
0.729859 106.319 76.744 -56.555
-3.92815 96.7312 89.7598 -61.7226
4.65268 92.936 106.221 -68.7901
0.920644 76.8887 108.288 -69.6437
13.918 16.4273 49.0419 -42.4354
-1.26527 79.8916 86.8777 -59.3777
-16.4485 143.356 124.713 -76.3201
-20.0215 173.289 141.77 -84.1368
-41.0716 245.616 125.039 -80.2273
-20.6833 171.723 168.297 -91.126
-12.3795 130.764 120.715 -73.777
-37.6606 230.017 164.228 -86.419
-5.73552 106.616 80.5159 -52.5049
-25.0753 182.467 123.561 -71.0332
-44.415 258.319 166.606 -89.5614
-10.8446 131.728 123.997 -67.1471
-31.8104 209.013 167.829 -84.9841
-49.1808 275.171 211.507 -96.7807
-43.6224 257.85 207.733 -99.8664
-37.1628 229.523 205.496 -95.8671
-47.5832 269.433 247.688 -105.185
-17.9895 145.238 221.22 -99.6894
47.2373 -97.9376 61.8522 -32.5406
36.1532 -55.9559 103.33 -49.744
18.748 -4.73953 111.517 -52.8257
7.23094 37.6261 106.018 -54.8979
8.31298 10.8583 84.6797 -40.0371
-2.62667 51.469 126.723 -57.5821
4.64112 21.7776 136.776 -59.7595
16.9263 -24.1928 179.624 -76.9153
23.2064 -59.5198 114.816 -47.5336
14.3471 -27.037 157.898 -65.0372
16.6723 -48.3659 122.181 -46.1906
7.61424 -15.4615 165.476 -63.8097
17.2955 -64.2796 89.245 -28.2191
7.92964 -30.778 132.868 -46.0298
-1.43618 2.72357 176.49 -63.8404
-21.2706 59.0108 154.601 -50.2812
-27.5793 81.2349 199.03 -67.7142
-31.4403 87.8794 196.77 -59.9797
-37.8126 110.133 241.501 -77.2639
-6.96736 1.17618 106.4 -28.6569
-13.5664 23.812 151.065 -46.3602
-20.7333 43.5096 144.962 -34.3679
-20.7252 42.6945 131.107 -32.1753
-24.716 54.4553 133.808 -23.4732
-21.8104 44.5992 129.294 -11.7975
-28.6234 66.9125 174.797 -29.612
-12.1827 15.3376 97.2258 1.28977
-16.3902 28.9213 144.33 -10.4532
-7.73492 1.62142 101.692 8.84198
-12.0433 15.2883 147.911 -9.12375
-16.4677 28.8897 195.596 -20.3477
-12.145 17.0137 321.892 -118.228
-11.7718 16.568 302.807 -113.87
-13.1282 20.6009 271.096 -106.192
-17.1122 34.8311 280.587 -109.924
-21.8491 48.7107 326.228 -127.527
-9.7048 5.32156 234.044 -96.1835
-10.0028 9.40197 279.934 -113.572
-10.0669 7.93765 278.576 -113.889
-12.2651 13.9996 325.131 -130.351
-10.2702 4.59894 267.365 -111.39
-10.6847 3.70334 258.028 -108.714
-9.47713 -2.99284 138.711 -63.8652
-11.7529 3.14703 184.718 -82.2164
-14.0286 9.28689 230.726 -100.568
-15.7625 16.9847 149.915 -70.6177
-16.0548 17.6841 195.724 -88.5262
-16.1588 17.8857 241.522 -106.356
-5.49491 -7.63041 197.268 -88.4679
-4.10658 -8.96736 190.01 -86.1511
-4.18094 -8.78047 236.105 -103.576
-3.61465 -10.6459 231.426 -102.675
-27.863 48.774 222.528 -99.2742
-37.8474 73.9509 124.893 -58.3748
-37.9565 74.1516 170.495 -77.2924
-24.1883 59.2003 -65.6091 27.6615
-22.8216 56.0915 -20.765 8.52466
-6.02145 37.6941 41.0527 -18.4016
-4.33895 33.9725 85.7438 -37.4528
-2.65644 30.2509 130.435 -56.504
18.9041 -13.2761 155.3 -66.1101
20.6278 -16.9813 200.02 -85.1156
17.408 -15.9955 151.931 -62.2054
19.1577 -19.6884 196.575 -81.4977
0.308602 31.3752 160.625 -63.3461
2.08408 27.6985 205.224 -82.7617
2.58383 24.1523 137.874 -49.051
5.45421 18.4619 181.353 -67.1311
-0.162747 20.0262 137.048 -43.7893
2.74256 14.3531 180.492 -62.0834
14.7132 -8.95079 122.466 -32.238
17.67 -14.5972 165.851 -50.839
20.6268 -20.2436 209.236 -69.44
18.0044 -21.2722 151.316 -39.2542
21.0108 -26.894 194.649 -58.1659
21.4119 -30.237 238.204 -76.43
23.2513 -32.8763 239.607 -74.9188
18.9911 -32.0461 242.1 -72.4061
23.6433 -40.6033 229.45 -63.6103
16.1506 -27.9439 215.88 -54.0121
9.08476 -16.8849 130.881 -7.74698
13.806 -25.384 172.325 -25.4401
12.3828 -28.39 164.33 -17.9762
13.3634 -28.671 153.483 -8.91661
10.9371 -28.6612 195.113 -26.3928
4.38554 -18.8176 110.838 20.6092
10.0932 -28.7906 150.783 3.64352
4.54221 -19.8077 106.639 32.4444
10.8627 -30.7124 145.656 16.1468
4.11259 -19.3338 99.8406 45.7405
10.4846 -30.1816 138.871 29.1715
4.03457 -18.8031 95.1422 57.9723
10.4575 -29.5903 134.186 41.1386
13.2324 -33.385 134.648 45.6038
7.26503 -21.9358 95.2616 72.6697
13.6616 -32.5646 134.287 55.34
17.5598 -37.5179 139.959 55.4398
14.3258 -32.0976 140.829 58.163
17.5655 -36.1721 145.529 58.4013
15.7507 -33.0654 145.161 62.0929
20.2323 -39.2464 148.905 62.6873
17.161 -33.9007 148.439 66.7348
15.4554 -29.6822 121.998 81.2056
17.6636 -31.351 157.912 66.4484
25.7172 -43.8208 194.043 51.3833
26.9833 -43.1836 127.802 78.8615
35.7801 -56.3021 162.173 65.2482
45.093 -70.4527 168.372 63.3197
40.7372 -63.4042 201.143 50.9783
44.1122 -67.5686 173.386 69.9261
45.4489 -76.469 204.461 54.6011
20.6057 -35.2954 200.677 58.6988
8.94347 -17.312 156.097 87.9953
18.3749 -31.1356 186.905 70.7922
23.274 -41.2341 184.619 72.685
13.9649 -28.6868 180.76 76.6781
23.834 -42.9403 180.42 77.6335
8.54917 -23.0661 123.442 100.219
19.0939 -38.1037 153.044 90.5764
29.6386 -53.1413 182.646 80.9336
42.2061 -66.5622 162.051 77.9534
52.8312 -81.433 191.696 68.3099
63.4564 -96.3037 221.342 58.6664
38.6846 -58.9516 193.962 77.8022
45.8067 -71.6951 220.467 61.0514
27.6719 -40.1409 201.048 73.7295
28.6093 -49.515 229.307 64.9708
18.5573 -37.036 218.724 64.107
13.3274 -30.9193 177.268 91.0686
23.3493 -44.0599 204.456 84.727
31.3771 -54.7861 197.647 89.2154
43.0014 -70.3441 225.239 82.8569
23.8694 -45.9739 196.818 111.698
5.76633 -20.5455 149.412 102.024
17.4736 -35.7755 180.362 95.4667
28.5954 -47.5058 179.24 90.1923
40.4683 -62.8731 211.82 84.4464
59.4166 -85.3221 225.809 71.0627
11.8364 -27.4228 221.126 77.4917
13.1034 -29.1771 259.924 79.1328
25.5998 -45.0126 311.595 76.2908
31.1434 -50.7604 -1109.74 78.2611
7.12433 -21.551 20.6495 77.326
19.6522 -37.1376 10.541 74.469
26.3376 -44.5559 43.988 61.0744
38.9131 -60.0491 44.3108 58.2598
29.0357 -47.4066 69.2132 67.13
6.00847 -20.1097 75.5927 68.5877
19.1603 -36.1495 78.6569 69.7701
28.117 -46.1495 80.2964 70.1828
25.7773 -43.2415 80.8152 70.2547
30.1636 -48.167 80.9515 69.3548
35.028 -53.2766 80.8066 67.6326
25.9459 -42.8119 80.2679 65.7131
17.8812 -33.8022 84.5516 54.5466
26.7409 -43.0379 78.8925 61.324
25.3231 -40.9586 77.8441 58.836
39.0469 -57.0246 80.8571 51.267
30.164 -45.6909 73.4416 60.4043
27.4895 -42.4033 71.0483 60.5772
41.2507 -58.2323 81.1723 65.5668
33.6107 -39.403 11.2779 20.0334
31.4557 -33.016 11.1292 15.862
41.2026 -46.7719 19.1551 23.9084
55.0831 -62.0058 21.83 16.0241
55.5563 -61.9026 22.2854 11.5943
61.9806 -74.4409 32.7402 16.6436
33.8062 -40.242 21.1882 5.62139
28.6583 -35.2194 19.4828 5.41558
16.8504 -21.3242 -2.31494 -15.1046
31.7282 -36.7666 6.93348 -6.10043
46.0242 -52.0055 16.1819 2.90377
27.3261 -32.4872 12.1858 6.84921
41.6346 -47.5913 21.4593 15.8534
35.8691 -41.8648 10.4579 3.01272
27.0941 -33.2942 9.65104 0.838207
15.4165 -18.9699 -11.6775 -20.3403
29.9876 -34.0687 -3.38722 -7.55675
44.5752 -49.1945 4.82375 5.49979
56.8098 -61.2345 4.47612 5.474
46.2598 -48.2088 -7.72949 -0.850594
60.8656 -63.1357 0.586187 12.1879
24.9088 -25.9518 -7.88909 -3.04063
39.5269 -40.7138 0.484087 9.9947
38.0463 -41.2384 -0.454881 10.4485
30.9542 -34.4664 -0.638051 9.02006
45.8183 -48.849 7.69495 22.0848
60.6502 -63.6612 15.1249 38.7419
42.5191 -41.6933 -12.2052 6.30087
26.2973 -13.7052 -36.0024 -30.7439
29.6928 -25.37 -45.7633 -38.7407
41.3098 -35.3967 -43.9065 -37.1575
33.3234 -27.0696 -44.9168 -32.7758
48.1583 -41.1677 -36.9648 -15.6718
52.0275 -44.8674 -43.2752 -25.6068
39.1411 -28.8726 -42.2676 -21.4115
53.9785 -42.7949 -31.5719 -8.92843
42.3476 -37.425 -40.014 -15.0183
16.7041 -12.9831 -37.1439 -13.6968
31.6361 -26.9518 -29.708 7.65894
39.472 -35.4415 -37.2643 3.63861
34.6968 -33.5893 -41.7042 -10.3083
25.05 -22.0418 -40.105 -3.6922
39.9444 -35.7799 -32.3455 17.5992
47.4851 -41.7587 -30.4325 22.1107
38.7381 -34.7601 -27.9578 23.275
40.4387 -36.0397 -25.6001 28.2632
33.7908 -30.7697 -23.3336 32.4936
31.2618 -26.8293 -21.1303 38.9423
18.1988 -14.1048 -46.7465 -41.4189
38.4829 -28.2792 -38.8618 -15.7316
56.0068 -42.636 -37.0534 -5.932
19.5301 -13.7271 -45.9056 -36.1616
34.6904 -26.9363 -37.8508 -10.5204
49.8531 -38.5128 -41.0427 -15.3914
47.8872 -37.8876 -38.2614 -10.2346
57.767 -50.292 -30.0162 15.3802
51.914 -44.5295 -24.6359 19.5206
37.5953 -32.3206 -29.2335 18.635
31.9011 -28.6071 -25.9534 29.2245
43.9261 -41.2963 -17.8616 59.5494
22.4091 -20.7578 -31.147 46.9518
37.1224 -33.6462 -19.9248 70.633
31.2809 -27.9673 -15.5566 50.0199
45.9604 -40.7813 -7.1162 80.3014
50.272 -42.604 -7.11341 77.4163
64.9204 -55.3506 1.46195 107.684
48.4642 -47.8895 -5.24143 108.346
33.7513 -32.6722 3.2728 143.685
31.1835 -30.6216 14.6417 142.763
25.2606 -27.0344 19.743 153.021
39.8107 -39.7087 20.1922 176.453
34.861 -32.3525 30.5441 178.844
33.2332 -30.859 39.402 214.139
10.2368 -11.6466 38.6858 167.678
24.6803 -24.1072 47.6272 202.992
35.7428 -32.2097 57.8476 203.597
50.1377 -44.616 66.7062 241.603
74.1736 -60.3916 64.1323 248.039
45.8691 -34.7713 64.9852 225.957
60.1919 -47.1035 74.1594 266.83
37.3529 -36.0019 72.1084 265.604
51.6197 -48.3311 81.5763 306.438
42.5195 -40.1527 91.4256 300.069
56.7348 -52.4171 100.876 340.926
30.1681 -31.6674 107.879 302.04
46.5081 -44.0493 117.317 342.937
22.4468 -21.3109 109.473 293.803
31.2761 -33.0819 119.304 340.873
28.9613 -31.7283 126.09 354.545
42.9612 -43.8252 143.124 378.949
28.3197 -31.5148 136.861 371.877
7.68854 -13.4727 131.897 294.941
19.3785 -22.4538 136.643 304.438
36.1393 -35.42 140.96 315.208
31.0348 -35.5484 145.408 319.883
44.7547 -47.5027 156.076 367.023
31.0772 -34.7243 153.269 338.275
41.459 -46.4504 164.493 392.445
10.2651 -18.4433 144.854 277.989
23.7802 -30.2517 156.42 332.265
37.2953 -42.0601 167.986 386.541
25.1876 -29.2905 162.893 354.28
33.4157 -40.8372 174.697 408.61
28.4004 -37.8161 179.021 416.404
23.3106 -31.678 181.124 418.775
23.5712 -34.3728 185.459 430.224
18.7601 -32.1753 189.451 432.086
16.9801 -29.1938 192.5 442.853
24.1142 -34.213 197.188 459.279
20.2346 -32.6165 201.146 463.004
18.3027 -29.4672 198.866 499.137
24.5512 -33.8978 207.509 483.521
13.7734 -23.647 197.781 430.185
26.8377 -35.2904 213.017 492.656
16.7126 -24.1973 192.013 389.055
29.5969 -35.7769 206.589 452.302
42.3403 -47.4548 222.837 516.646
54.9854 -58.9837 239.036 589.511
44.7434 -47.4937 226.32 540.026
7.71428 -20.4293 214.038 477.877
20.3853 -31.892 230.867 551.238
15.9558 -26.6451 221.464 499.305
28.5064 -38.1426 238.96 572.887
31.261 -39.5486 237.323 571.097
35.7574 -45.989 241.972 580.98
48.225 -57.4855 259.95 654.864
25.2641 -34.5217 241.292 575.715
1.00087 -12.6633 249.334 539.82
13.2477 -23.9866 269.913 626.426
17.0802 -22.1147 213.054 444.509
31.4376 -33.591 238.369 503.006
40.1446 -41.4757 212.166 501.723
32.1961 -36.4756 214.221 463.239
44.1435 -47.8736 238.143 551.51
31.3679 -37.4667 216.456 485.621
39.6088 -48.8501 243.205 573.763
51.2499 -60.4719 243.431 528.128
18.5314 -26.1034 115.841 264.402
20.6029 -25.7174 134.526 252.953
34.0375 -37.4399 80.043 161.344
36.3076 -38.1187 99.5336 184.013
36.8451 -40.7809 83.1878 155.123
30.6935 -36.3072 60.5945 110.686
42.7713 -48.21 84.3743 169.9
30.3545 -34.1752 1496.54 189.606
42.3482 -46.057 2235.78 299.483
44.3909 -48.0378 19.2 131.874
33.6292 -38.0473 20.9993 181.395
31.0566 -34.9666 -29.1661 109.18
25.6533 -29.2844 -29.8649 80.5196
22.5741 -24.9436 -6.21825 99.5186
18.002 -16.5302 -24.6967 41.8006
29.8846 -28.468 -18.1451 92.1908
35.1743 -32.0368 -2.30385 94.3265
46.9707 -44.0193 0.872849 137.937
41.4795 -36.2602 7.00986 149.862
53.061 -48.3921 -9.79193 160.472
34.6851 -29.2524 -2.28195 117.738
28.4138 -25.1491 -4.19905 57.8117
40.1268 -37.1363 -17.5933 69.177
33.1608 -26.4098 -10.4652 84.0399
44.7933 -38.3931 -13.4076 111.566
44.0717 -37.5206 -4.17961 122.697
17.101 -9.83367 16.0897 58.2358
30.2962 -24.2871 30.4337 97.7208
42.9759 -38.4092 35.1875 115.901
40.8073 -39.2851 28.7443 112.129
44.3004 -41.1733 22.9921 113.808
39.7301 -42.2753 17.7413 114.449
29.1978 -36.2004 -6.94398 67.8944
31.6422 -36.7386 -4.24172 101.979
33.8672 -39.3418 -1.92886 91.222
29.0384 -34.8576 -7.26058 81.2372
15.6764 -20.0996 -11.6724 47.4943
26.6471 -32.1783 -9.07616 81.8554
37.464 -44.3851 -6.07373 116.228
21.927 -21.9401 -7.94696 59.4075
32.6994 -34.0808 -7.66355 87.5035
40.4579 -45.9199 -8.60783 113.102
34.0242 -35.7957 1.85444 64.0518
40.992 -47.5783 0.701529 89.7497
17.9603 -20.7049 -11.9011 35.6897
28.5698 -32.7817 -13.0456 61.4533
22.1749 -25.2641 -15.6939 58.0625
32.7044 -37.3555 -15.3158 86.2819
26.7348 -28.7916 4.83952 20.4705
36.8649 -41.1687 3.61493 46.3316
31.2011 -37.1853 9.20024 54.9198
41.3966 -49.2653 4.66025 72.4724
37.5362 -47.1724 -4.30521 62.5386
34.1049 -38.6014 -8.79984 80.1031
26.7959 -36.6589 -21.4822 35.4013
20.2911 -32.1249 -22.5889 36.5983
20.1676 -28.5517 -27.1105 54.1705
24.7824 -32.7147 -22.7608 46.1943
24.2772 -31.4996 -20.7697 22.766
31.7891 -43.4193 -25.2718 40.6368
26.4334 -32.1868 -25.3902 42.7471
15.8609 -15.2483 -26.0262 12.835
22.751 -26.9357 -30.0347 29.4978
26.4545 -30.4578 -31.5243 26.9584
18.7462 -19.6585 -25.5373 10.4062
28.4009 -31.6703 -32.9816 20.2833
31.4794 -35.234 -31.9761 23.7465
31.4325 -31.3609 -36.2404 12.0244
28.6412 -31.9084 -30.5875 23.6527
25.2375 -28.3283 -29.8834 21.4928
31.1484 -39.8964 -33.5323 38.2676
25.4857 -28.4163 -30.7674 12.5865
24.5849 -27.308 -31.9855 4.37192
21.0444 -24.7109 -32.4588 -2.33717
25.7625 -28.9689 -22.6045 -5.85798
29.7287 -33.7352 -32.4002 -3.03458
8.13296 -8.24831 -10.6343 -4.35685
17.2134 -20.1667 -20.4409 -1.57663
25.2691 -30.0602 -15.44 -4.7308
34.1718 -42.0803 -25.2888 -1.94878
29.051 -38.4532 -24.1577 -5.28976
24.823 -34.6336 -26.854 -8.68151
33.5258 -46.4647 -38.335 -11.9456
21.6108 -31.7536 -31.8897 -18.1749
13.7306 -21.7073 -11.8224 -60.1864
22.265 -33.5845 -23.206 -63.7091
25.5529 -34.3126 -13.2335 -31.7045
34.0759 -46.1087 -24.6011 -35.2409
38.395 -53.7155 -36.0906 -38.6638
32.4166 -56.9217 -32.5585 -18.6357
40.7888 -68.6942 -44.3209 -23.9504
19.2637 -40.4886 -41.3036 -22.9247
19.4726 -36.0467 -53.7833 -31.6677
27.6992 -47.6608 -66.2675 -40.4115
28.3243 -47.8817 -63.4122 -40.4351
21.9256 -38.0223 -75.869 -49.1662
20.3603 -34.0675 -57.5928 -19.6569
19.921 -28.4148 -54.279 -13.9623
7.78636 -14.9117 2.26239 -23.5647
15.406 -26.7237 -9.94675 -32.2154
23.5497 -45.1279 -24.0227 -43.4922
31.0256 -56.6559 -36.9326 -56.5679
15.1238 -32.8781 -39.1409 -40.144
22.5196 -44.4347 -52.0709 -53.1457
23.0379 -44.9773 -58.7298 -52.9408
26.8688 -55.8992 -70.6659 -68.866
27.1062 -50.6308 -72.1224 -50.0504
27.7848 -49.9808 -74.7151 -46.3325
30.7651 -60.8611 -85.2629 -66.5722
20.7884 -35.5525 -70.6139 -25.4816
18.2828 -29.1885 -67.7866 -20.8627
25.3949 -40.4664 -81.2289 -37.4522
20.6971 -34.8633 -73.1437 -53.3322
14.2171 -14.9385 -56.74 -21.5065
20.7852 -26.2166 -61.1852 -12.3672
23.4442 -24.87 -55.7087 -46.6173
24.3269 -25.9818 -52.5138 -43.6314
19.6547 -16.4331 -34.6331 -25.9497
24.502 -27.3102 -47.7289 -42.312
26.4922 -31.2029 -47.9762 -51.2739
18.1078 -14.2657 -39.4648 -56.3315
24.7976 -25.2129 -43.8049 -49.1607
20.7178 -26.5572 -43.8475 -57.4606
19.0014 -25.0401 -40.7157 -51.3338
20.3407 -28.0613 -40.3785 -57.1282
26.9027 -39.0461 -53.403 -76.3758
12.2327 -18.5781 -29.7938 -89.7931
18.7184 -29.5609 -42.5828 -109.039
25.197 -40.5473 -46.8942 -102.482
20.5826 -44.0464 -48.5538 -100.65
20.7751 -37.468 -61.2689 -119.874
17.2867 -32.9057 -39.8879 -50.4114
12.933 -26.3365 -21.1985 -19.7044
10.3782 -21.5061 -33.5126 -41.1528
6.9027 -13.4257 -19.3205 -36.9673
13.0158 -24.0815 -18.8951 -44.33
19.1151 -34.7414 -30.9608 -65.6507
18.8535 -32.3774 -23.7902 -77.551
24.9093 -43.0296 -35.7037 -98.7969
10.1767 -21.7525 -20.3178 -36.4142
16.1811 -32.412 -32.0816 -57.5674
13.0519 -15.7313 -35.2358 -46.9564
18.848 -25.9842 -46.8779 -69.8857
11.5723 -23.353 -23.2488 -71.965
17.3016 -33.6225 -34.5069 -94.8276
15.0828 -29.3301 -27.0178 -98.269
20.7641 -39.607 -38.1409 -121.048
12.4279 -18.8563 -37.3441 -92.5803
12.3812 -27.8095 -48.256 -115.239
14.5062 -26.8088 -37.0981 -43.375
5.19382 -9.51589 11.2143 -58.9076
10.4767 -19.4362 1.08793 -82.4078
12.2789 -30.6822 -4.96721 -80.7448
17.4198 -40.5967 -14.9259 -104.208
16.419 -36.4119 -26.0282 -130.681
17.2653 -45.2683 -34.6764 -129.399
14.3709 -41.6822 -41.4481 -102.48
15.1211 -35.0056 -51.5056 -125.817
10.0032 -31.5615 -47.1134 -57.6342
9.28802 -27.6246 -47.752 -50.5638
14.2708 -37.5896 -57.7384 -73.7082
12.073 -26.2055 -56.7165 -70.981
12.7282 -24.5897 -44.7142 -60.7181
9.73824 -21.1838 -31.8965 -40.4008
9.53924 -13.2307 -30.7257 -50.4117
14.2412 -22.7204 -40.0082 -74.134
16.6818 -26.5426 -39.1065 -78.7741
11.4023 -23.6401 -37.9435 -64.5681
13.326 -21.3587 -47.209 -88.1556
14.3229 -23.2934 -34.4274 -57.7762
18.9235 -32.8045 -43.5944 -81.2533
14.7323 -24.2329 -30.6214 -78.2488
10.7547 -11.4872 -29.2279 -65.47
11.2496 -19.4121 -34.4061 -93.0629
12.4109 -21.5335 -25.0708 -59.0121
9.54139 -10.7989 -17.5526 -22.7563
13.8362 -19.7995 -25.7746 -46.2992
11.9231 -21.7182 -19.4123 -61.6101
7.12069 -12.3556 -0.887099 -39.0973
9.64415 -18.0563 -8.89521 -62.4344
12.6655 -25.1845 -3.28992 -71.863
11.5718 -25.5435 -4.61622 -70.2275
13.6053 -24.2854 -11.8505 -93.4551
9.40488 -24.384 -15.9225 -94.8479
6.82691 -15.2729 9.10672 -48.4355
10.6301 -23.7801 2.14231 -71.3688
15.2786 -34.2405 -1.22353 -76.8849
15.2541 -36.4624 -8.15439 -99.7482
13.0192 -34.6648 -14.9684 -88.9859
8.64893 -28.1343 -17.5536 -39.6164
12.3499 -36.675 -24.4448 -62.3511
8.46979 -26.3661 -25.6598 -66.7509
2.88212 -11.3784 -19.8767 -40.9875
6.31119 -19.3234 -26.1004 -63.2045
6.247 -14.9172 -18.2033 -61.7094
7.41198 -16.5845 -18.5447 -61.0689
10.7964 -24.5373 -24.7058 -83.1617
13.0727 -28.8254 -25.016 -88.2398
12.7874 -28.7081 -26.2681 -81.0618
9.66228 -23.3487 -28.1123 -60.7803
12.9795 -31.3186 -34.2779 -82.7313
3.93767 -13.4925 6.71338 -74.3686
6.8572 -20.8525 1.38961 -95.225
7.42105 -21.1204 -13.1248 -111.27
8.35719 -27.8067 -15.6 -105.845
8.11622 -28.8285 -24.8325 -85.9971
4.99204 -14.8575 -31.2403 -61.6306
4.83562 -21.1703 -33.9231 -57.1488
6.1122 -21.6712 -33.6355 -61.84
5.42098 -11.5841 -29.1142 -60.3682
8.23718 -18.968 -34.5745 -81.001
7.8131 -19.8277 -30.4444 -65.0211
10.2752 -26.5526 -35.4297 -84.3903
8.22345 -19.0117 -27.5255 -56.5195
7.42416 -16.9341 -26.1414 -49.0658
5.32111 -14.1646 -22.6623 -24.0178
7.78496 -20.8788 -27.3906 -43.3203
8.62604 -18.4478 -17.9151 -56.2041
5.53382 -11.3458 -14.9979 -31.303
7.96933 -18.0617 -15.3736 -53.6885
7.77161 -11.9651 -14.1435 -57.3099
6.93728 -17.2137 -15.8142 -48.338
6.71922 -17.0753 -12.3777 -49.7276
5.45707 -14.6654 -11.7008 -42.7438
4.05924 -10.3608 -4.00665 -31.7967
3.72668 -8.64955 -8.00291 -49.344
6.51596 -15.0673 4.58411 -43.5249
8.57253 -21.0552 0.698336 -60.9973
8.54319 -22.9656 2.36234 -67.8
6.40496 -27.3378 -1.77433 -85.2728
4.92211 -18.2484 -6.90363 -50.1239
3.42925 -15.371 -7.59933 -18.157
5.1574 -20.5616 -10.7794 -33.7027
3.27661 -13.2702 -9.19058 -38.0155
4.34962 -14.7806 -7.48897 -44.0044
6.04749 -19.9776 -10.7064 -59.499
4.23772 -13.5949 -6.94311 -41.16
1.38308 -5.38567 -4.63934 -16.1599
3.05541 -10.5861 -7.80571 -31.5791
2.1439 -6.45428 -2.95305 -19.7579
3.79627 -11.6586 -6.1165 -35.1361
5.2778 -12.0432 -0.726246 -41.8213
5.67463 -15.9885 2.15549 -50.4042
7.63911 -20.5966 -0.341693 -63.5656
7.74973 -24.6843 -4.88488 -76.5536
9.07622 -29.0232 -5.13187 -60.7582
2.78783 -12.3455 -9.93384 -42.9242
-0.251596 -2.76789 -12.7913 -27.2009
1.05755 -7.10844 -15.337 -40.291
3.78251 -7.97911 14.075 -24.148
5.01663 -12.3357 11.4896 -37.1204
4.50947 -14.1524 6.32062 -40.0791
5.13613 -17.1424 3.11014 -48.9508
6.06956 -20.5552 1.15619 -59.3756
3.39986 -22.3381 -5.90169 -43.1673
4.32263 -25.7538 -7.85815 -53.5798
0.420876 -6.96351 -14.0555 -18.6348
1.33465 -10.3803 -16.0409 -29.0279
1.21446 -8.89045 -16.0791 -25.4672
1.22173 -7.53887 -15.2278 -22.1855
1.43512 -6.71326 -13.6391 -20.4411
2.28513 -7.84426 -10.9147 -24.5675
2.32218 -3.28208 -8.95867 -21.3688
1.74441 -5.09624 -7.49918 -16.59
1.93861 -5.13724 -5.26361 -16.8583
1.71612 -4.32057 -3.98503 -14.2109
2.47018 -4.05567 -4.391 -10.8768
1.84517 -4.32713 -1.04504 -13.9842
1.79566 -4.30888 -0.253558 -13.6302
2.37248 -6.70908 -1.65451 -21.0497
1.91818 -4.98796 1.00223 -15.2623
1.76787 -4.94165 0.858434 -14.8332
2.07287 -6.24861 0.151625 -19.0258
1.25648 -3.23124 2.18401 -9.53281
1.1276 1.11047 2.36165 -5.76492
1.41151 -0.180721 1.6204 -9.88558
1.5188 -2.11214 8.90108 -6.36356
0.615081 -0.797428 6.01528 -4.74618
0.752825 -2.02566 5.40471 -7.41273
1.11237 -3.20738 3.43011 -10.0794
0.550814 -3.35335 2.21752 -6.0855
0.932891 -3.53785 0.0757831 -9.42992
0.759624 -2.7663 -0.171163 -7.14425
-0.116237 -1.02617 -0.41885 -2.90195
0.170328 1.09482 -0.143724 1.51556
0.18659 1.00718 -0.135432 1.07859
0.100181 1.39585 1.09579 3.11434
0.305618 1.20031 1.3255 4.37562
0.323106 1.06985 3.23088 2.91447
0.574158 0.665076 3.79423 2.4536
0.589095 0.577242 3.79753 2.01715
0.604031 0.489407 3.80082 1.58071
0.430981 1.38854 4.22503 4.42974
0.226201 2.61133 5.08342 7.82465
-0.0211693 3.75264 5.53799 11.8761
-0.135985 4.54313 6.30991 14.5569
-0.232239 5.31764 6.99574 17.0757
-0.0462722 5.11269 8.07146 16.4289
0.46579 2.29486 7.18124 10.4856
0.286462 3.51877 8.13927 14.1085
0.434295 3.92167 7.711 13.2643
0.0886641 2.11643 6.06357 10.1326
0.336416 2.23114 6.30601 11.0123
-13.6108 -4.46532 -13.2802 2.94142
-13.6108 -4.46532 -13.2802 2.94142
-13.6104 -4.58342 -13.5166 2.30931
-13.0223 -3.76819 -12.761 1.78494
-12.4649 -4.13585 -12.761 1.78494
-11.3729 -1.89041 -10.6544 0.930374
-9.72627 -0.504118 -8.72912 0.423002
-9.72627 -0.504118 -8.72912 0.423002
-8.95455 -0.039102 -7.89794 0.251486
-8.22545 0.327049 -7.15027 0.138024
-8.22545 0.327049 -7.15027 0.138024
-6.90185 0.726239 -5.87486 -0.0639358
-6.22636 1.24522 -5.33186 -0.109004
-6.22636 1.24522 -4.84164 -0.169895
-5.23246 0.954343 -4.3993 -0.204403
-4.75183 0.982468 -4.00137 -0.218593
-4.75183 0.982468 -4.00137 -0.218593
-3.90096 0.946387 -3.31549 -0.260602
-3.89832 0.957348 -3.3162 -0.251377
-2.84339 0.841334 -2.51522 -0.277491
-2.84339 0.841334 -2.51522 -0.277491
-2.54199 0.797441 -2.29656 -0.27676
-2.02383 0.605993 -1.66069 -0.450743
-1.22347 0.162921 -1.36056 -0.252624
-1.22347 0.162921 -1.36056 -0.252624
-0.823653 0.350126 -1.16669 -0.30226
-0.823653 0.350126 -1.16669 -0.30226
-0.823227 0.352007 -1.07505 -0.288735
-0.38851 0.278446 -0.905236 -0.214478
-0.38851 0.278446 -0.905236 -0.214478
-0.26733 0.238367 -0.839154 -0.207092
-0.164583 0.163433 -0.788041 -0.244793
-0.0522884 0.160865 -0.722159 -0.195476
-1.50532 -59.4338 -1.36998 -22.1849
-1.58429 -59.5182 -1.36998 -22.1849
-177.39 74.5031 13.5398 -46.0763
-175.467 308.195 21.6302 -62.7151
-175.467 308.195 21.6302 -62.7151
-189.089 289.954 20.0805 -93.3574
-189.089 289.954 20.0805 -93.3574
-188.419 290.326 19.8596 -93.4034
-184.483 297.283 18.5833 -100.459
-184.483 297.283 18.5833 -100.459
-184.483 297.283 18.5833 -100.459
-203.076 293.329 17.6446 -100.395
-198.197 296.77 16.9308 -100.326
-198.197 296.77 16.9308 -100.326
-206.255 295.201 16.7903 -99.0578
-213.483 294.329 16.2105 -97.0112
-213.494 294.284 16.2105 -97.0112
-214.284 295.002 15.6808 -94.4845
-161.609 264.759 -43.9437 94.092
-161.609 264.759 -43.9437 94.092
-155.669 254.673 -43.2445 84.5336
-148.412 250.046 -39.7407 81.7506
-147.915 247.488 -39.1545 73.809
-144.238 244.185 -37.1664 68.7046
-142.238 240.105 -35.2124 63.8646
-142.253 240.092 -36.1866 61.5778
-133.516 232.345 -32.8362 55.7754
-130.978 230.085 -32.223 53.8268
-130.978 230.085 -32.223 53.8268
-125.534 223.071 -32.0839 52.3541
-122.45 219.134 -32.1596 50.2582
-114.179 210.468 -30.9641 46.1903
-114.179 210.468 -30.9641 46.1903
-112.384 205.328 -30.129 43.6399
-91.6574 154.994 -29.3178 37.4967
-91.6574 154.994 -29.3178 37.4967
-91.6574 154.994 -29.3178 37.4967
-89.8294 151.247 -29.0242 35.139
-90.1322 150.863 -29.6651 33.6259
-87.8567 149.177 -27.9421 29.9484
-86.5677 148.142 -27.209 27.349
-84.9863 146.731 -25.025 23.4038
-84.9863 146.731 -25.025 23.4038
-81.4627 143.315 -24.6274 19.8741
-79.6235 141.529 -23.8022 17.7733
-79.6235 141.529 -23.8022 17.7733
-75.7373 137.791 -22.1557 13.7206
-73.8845 135.655 -21.3613 12.0308
-73.8845 135.655 -21.3613 12.0308
-70.1738 131.111 -19.8409 8.69949
-70.1738 131.111 -20.0279 8.19942
-66.8929 126.462 -18.3709 5.66581
-64.7053 122.096 -17.8018 4.3765
-62.5686 117.687 -17.3062 3.178
-62.5686 117.687 -17.3062 3.178
-60.5571 113.823 -16.7985 2.00664
-57.1501 106.404 -15.6503 -0.0460755
-55.6342 103.367 -15.1212 -1.25648
-55.6224 103.407 -15.1212 -1.25648
-52.9316 97.5397 -13.8206 -2.94839
-51.6493 94.751 -13.1981 -3.78593
-50.5118 91.7351 -12.5954 -4.65162
-48.1036 86.7987 -11.3769 -6.06909
-48.2176 86.5003 -10.8001 -6.71401
-47.0388 84.3547 -10.8093 -6.74298
-44.9568 80.1407 -10.2289 -7.26544
-44.1776 77.626 -9.1588 -8.37409
-44.1776 77.626 -9.1588 -8.37409
