0.157436 -0.163884 -0.198127 -0.13386
0.157435 -0.163887 -0.198132 -0.133862
0.157435 -0.163887 -0.198132 -0.133862
0.157435 -0.163888 -0.198134 -0.133864
0.157421 -0.163936 -0.198139 -0.133916
0.157421 -0.163935 -0.198139 -0.133915
0.157421 -0.163935 -0.198139 -0.133915
0.15742 -0.163995 -0.19815 -0.133978
0.157416 -0.164028 -0.198154 -0.134018
0.157416 -0.164028 -0.198154 -0.134018
0.157392 -0.164122 -0.198178 -0.134108
0.157386 -0.164168 -0.198185 -0.13417
0.157386 -0.164168 -0.198185 -0.13417
0.157357 -0.164286 -0.198217 -0.134296
0.157356 -0.164288 -0.198215 -0.134297
0.157304 -0.164431 -0.198269 -0.134421
0.157294 -0.164489 -0.198282 -0.134513
0.157252 -0.164578 -0.198323 -0.134571
0.157222 -0.164654 -0.198354 -0.134649
0.157116 -0.164893 -0.198464 -0.134891
0.157116 -0.164893 -0.198464 -0.134891
0.157076 -0.164974 -0.198505 -0.134974
0.157076 -0.164975 -0.198505 -0.134974
0.156991 -0.165137 -0.198532 -0.135086
0.156991 -0.165137 -0.198532 -0.135086
0.156662 -0.165618 -0.19893 -0.135627
0.156662 -0.165618 -0.19893 -0.135627
0.156559 -0.165772 -0.19898 -0.135725
0.156537 -0.165768 -0.199023 -0.135718
0.156471 -0.165841 -0.199125 -0.135851
0.156363 -0.165983 -0.199183 -0.135938
0.156345 -0.165968 -0.199338 -0.136055
0.156345 -0.165968 -0.199338 -0.136055
0.156116 -0.166165 -0.199489 -0.136174
0.156116 -0.166165 -0.199489 -0.136174
0.155872 -0.166364 -0.199807 -0.136374
0.155872 -0.166364 -0.199807 -0.136374
0.155819 -0.16641 -0.20006 -0.136483
0.155726 -0.166474 -0.20006 -0.136484
0.155726 -0.166474 -0.20006 -0.136484
0.155682 -0.166504 -0.200146 -0.136514
0.155637 -0.166528 -0.200234 -0.136538
0.155246 -0.166598 -0.200962 -0.136604
0.155246 -0.166598 -0.200962 -0.136604
0.155016 -0.16664 -0.201284 -0.136506
0.155017 -0.166636 -0.201284 -0.136506
0.154882 -0.166535 -0.201505 -0.13653
0.154808 -0.166516 -0.201594 -0.136509
0.154643 -0.166473 -0.201772 -0.136461
0.154643 -0.166473 -0.201772 -0.136461
0.154518 -0.166483 -0.201888 -0.136392
0.154518 -0.166483 -0.201888 -0.136392
0.154373 -0.16639 -0.202034 -0.136374
0.154249 -0.166393 -0.202149 -0.1363
0.154283 -0.166342 -0.202157 -0.136313
0.154106 -0.166291 -0.202294 -0.13627
0.154018 -0.166254 -0.202379 -0.136232
0.153843 -0.166176 -0.202549 -0.136152
0.153843 -0.166176 -0.202549 -0.136152
0.153727 -0.166166 -0.202658 -0.136075
0.153671 -0.166093 -0.202717 -0.136067
0.153417 -0.165961 -0.202964 -0.135932
0.153417 -0.165961 -0.202964 -0.135932
0.153417 -0.165961 -0.202964 -0.135932
0.15331 -0.165943 -0.203065 -0.135858
0.15331 -0.165943 -0.203065 -0.135858
0.15318 -0.165931 -0.203533 -0.135653
0.152863 -0.165653 -0.203508 -0.135614
0.1528 -0.165586 -0.203595 -0.135552
0.1528 -0.165586 -0.203595 -0.135552
0.152562 -0.165505 -0.203801 -0.135431
0.152587 -0.165466 -0.20386 -0.13542
0.152511 -0.165451 -0.203854 -0.135411
0.152432 -0.165427 -0.20399 -0.135347
0.152457 -0.165391 -0.20399 -0.135347
0.152318 -0.16534 -0.204043 -0.135298
0.15225 -0.165311 -0.20411 -0.135254
0.152269 -0.165283 -0.204176 -0.135243
0.152137 -0.165235 -0.204224 -0.135192
0.152077 -0.165202 -0.204352 -0.135145
0.152077 -0.165202 -0.204352 -0.135145
0.151966 -0.165134 -0.204395 -0.135092
0.151915 -0.165098 -0.204447 -0.135066
0.151915 -0.165098 -0.204447 -0.135066
0.151753 -0.165007 -0.20461 -0.134968
0.151753 -0.165007 -0.20461 -0.134968
0.151711 -0.16497 -0.204654 -0.134951
0.151711 -0.16497 -0.204654 -0.134951
0.151604 -0.164918 -0.20476 -0.13488
0.151573 -0.164872 -0.204777 -0.134837
0.151573 -0.164872 -0.204777 -0.134837
0.151463 -0.164831 -0.204905 -0.134795
0.150903 -0.164522 -0.205481 -0.134495
0.150903 -0.164522 -0.205481 -0.134495
0.150863 -0.16451 -0.205521 -0.134479
0.150846 -0.164507 -0.205539 -0.134473
0.15083 -0.164503 -0.205555 -0.134467
0.150818 -0.164496 -0.205566 -0.134467
0.150801 -0.164492 -0.205566 -0.134467
0.150788 -0.164488 -0.205598 -0.134452
0.150786 -0.164471 -0.205602 -0.134459
0.150786 -0.164471 -0.205632 -0.134439
0.150751 -0.164466 -0.205655 -0.134433
0.15074 -0.164457 -0.205682 -0.134424
0.150748 -0.164428 -0.205697 -0.134438
0.150748 -0.164428 -0.205697 -0.134438
0.150707 -0.164422 -0.205775 -0.134393
0.150721 -0.164386 -0.205788 -0.13441
0.150721 -0.164386 -0.205862 -0.134395
0.150676 -0.164377 -0.205875 -0.134351
0.150666 -0.164359 -0.205909 -0.134334
0.150694 -0.164333 -0.205886 -0.134368
0.150645 -0.16432 -0.205973 -0.134297
0.150634 -0.164297 -0.206003 -0.134276
0.150619 -0.164238 -0.206061 -0.134229
0.150611 -0.164249 -0.206061 -0.134229
0.150727 -0.164107 -0.20598 -0.134362
0.150727 -0.164107 -0.20598 -0.134362
0.150535 -0.164086 -0.206168 -0.134073
0.15051 -0.164026 -0.206198 -0.134013
0.150535 -0.164004 -0.206213 -0.133984
0.150483 -0.163965 -0.206228 -0.133954
0.150483 -0.163965 -0.206228 -0.133954
0.150496 -0.16391 -0.20626 -0.133889
0.150456 -0.163901 -0.20626 -0.133889
0.150441 -0.163868 -0.206276 -0.133856
0.150457 -0.163806 -0.206269 -0.133858
0.150413 -0.163797 -0.206269 -0.133858
0.150394 -0.163765 -0.20633 -0.133753
0.150379 -0.163726 -0.206304 -0.133792
0.150284 -0.163543 -0.206453 -0.133536
0.150284 -0.163543 -0.206453 -0.133536
0.150317 -0.163459 -0.206517 -0.133431
0.150317 -0.163458 -0.206517 -0.133431
0.150319 -0.163456 -0.206517 -0.133431
0.150319 -0.163456 -0.206517 -0.133431
0.150184 -0.163372 -0.206559 -0.133362
0.15019 -0.163311 -0.206529 -0.133303
0.150143 -0.163301 -0.206605 -0.133287
0.150122 -0.163263 -0.206629 -0.133254
0.150099 -0.163228 -0.206654 -0.133217
0.150099 -0.163228 -0.206654 -0.133217
0.150209 -0.163127 -0.206907 -0.133287
0.150209 -0.163127 -0.206907 -0.133287
0.150209 -0.163127 -0.206907 -0.133287
0.149936 -0.163013 -0.206861 -0.133056
0.149936 -0.163013 -0.206828 -0.133006
0.149906 -0.162978 -0.20686 -0.132969
0.149847 -0.162903 -0.206869 -0.13297
0.149844 -0.162907 -0.206869 -0.13297
0.149811 -0.162873 -0.206961 -0.132863
0.149774 -0.162774 -0.207008 -0.132833
0.149706 -0.162769 -0.207008 -0.132833
0.149706 -0.162769 -0.206973 -0.132779
0.14967 -0.162735 -0.20711 -0.132727
0.149658 -0.162685 -0.207122 -0.132734
0.149596 -0.162671 -0.207189 -0.132658
0.149557 -0.162639 -0.207229 -0.132626
0.149518 -0.162607 -0.20727 -0.132594
0.149439 -0.162546 -0.207284 -0.132608
0.149439 -0.162546 -0.207355 -0.132533
0.149398 -0.162517 -0.207398 -0.132504
0.149357 -0.162488 -0.207441 -0.132474
0.149315 -0.16246 -0.207485 -0.132445
0.149231 -0.162407 -0.2075 -0.132466
0.149231 -0.162407 -0.2075 -0.132466
0.149188 -0.162382 -0.207619 -0.132368
0.149182 -0.162324 -0.207634 -0.13239
0.149182 -0.162324 -0.207634 -0.13239
0.149058 -0.162311 -0.207756 -0.132295
0.149014 -0.162289 -0.207802 -0.132272
0.148877 -0.162152 -0.207776 -0.13224
0.148836 -0.16221 -0.207776 -0.13224
0.148792 -0.162193 -0.208036 -0.132179
0.148748 -0.162178 -0.208082 -0.132162
0.148738 -0.162133 -0.2081 -0.132193
0.148682 -0.16212 -0.208074 -0.132154
0.148616 -0.162138 -0.20822 -0.132121
0.148686 -0.162038 -0.208446 -0.132073
0.148686 -0.162038 -0.208446 -0.132073
0.148359 -0.162086 -0.208489 -0.132069
0.148147 -0.162042 -0.208735 -0.132056
0.148123 -0.162074 -0.208735 -0.132056
0.14811 -0.162056 -0.208754 -0.13209
0.148087 -0.162089 -0.208754 -0.132091
0.148039 -0.162052 -0.208847 -0.132061
0.147982 -0.162089 -0.208882 -0.132063
0.147948 -0.162106 -0.208952 -0.132071
0.147948 -0.162106 -0.208952 -0.132071
0.147732 -0.162103 -0.209171 -0.132114
0.147732 -0.162103 -0.209171 -0.132114
0.147706 -0.162123 -0.209177 -0.132153
0.147681 -0.162117 -0.209236 -0.132141
0.147631 -0.16216 -0.209251 -0.13213
0.147607 -0.162167 -0.209276 -0.132134
0.147616 -0.162144 -0.209342 -0.132167
0.14756 -0.162178 -0.209342 -0.132167
0.147538 -0.162183 -0.209351 -0.132149
0.147516 -0.162187 -0.209375 -0.132151
0.147454 -0.162195 -0.209478 -0.132194
0.147454 -0.162195 -0.209454 -0.13216
0.147454 -0.162195 -0.209454 -0.13216
0.147435 -0.162197 -0.209476 -0.132162
0.147429 -0.162207 -0.209459 -0.132226
0.147429 -0.162207 -0.20943 -0.132183
0.147382 -0.1622 -0.209547 -0.132162
0.147366 -0.162201 -0.209574 -0.132161
0.147422 -0.162151 -0.209528 -0.132236
0.147336 -0.162199 -0.209627 -0.13216
0.147322 -0.162198 -0.209651 -0.132157
0.147328 -0.162202 -0.209582 -0.13218
0.147287 -0.162193 -0.209707 -0.132154
0.147287 -0.162193 -0.209707 -0.132154
0.147319 -0.162125 -0.209778 -0.132217
0.147269 -0.162193 -0.209778 -0.132218
0.147312 -0.162124 -0.209745 -0.132152
0.147619 -0.161864 -0.209532 -0.132539
0.147619 -0.161864 -0.209532 -0.132539
0.147325 -0.162145 -0.209729 -0.132269
0.147325 -0.162145 -0.209729 -0.132269
0.147273 -0.162221 -0.209777 -0.132192
0.147283 -0.16223 -0.20977 -0.132199
0.147363 -0.162179 -0.209707 -0.132295
0.147363 -0.162179 -0.209707 -0.132295
0.147323 -0.162259 -0.209742 -0.132226
0.14734 -0.16227 -0.20973 -0.132234
0.147429 -0.162216 -0.209659 -0.132337
0.147429 -0.162216 -0.209659 -0.132337
0.147395 -0.162302 -0.209688 -0.132265
0.147433 -0.162325 -0.209564 -0.132308
0.147437 -0.162326 -0.209564 -0.132308
0.147484 -0.16235 -0.209526 -0.132333
0.147484 -0.162349 -0.209618 -0.132312
0.147509 -0.162362 -0.209597 -0.132323
0.147557 -0.162386 -0.209555 -0.132347
0.147562 -0.162387 -0.209555 -0.132347
0.14759 -0.1624 -0.209431 -0.132383
0.147742 -0.162343 -0.209408 -0.132507
0.147742 -0.162343 -0.209408 -0.132507
0.147742 -0.162343 -0.209408 -0.132507
0.147913 -0.162418 -0.209265 -0.132592
0.147897 -0.162537 -0.209276 -0.132505
0.147918 -0.162551 -0.209199 -0.132627
0.147937 -0.162555 -0.209241 -0.132524
0.147979 -0.162573 -0.209205 -0.132544
0.148043 -0.162614 -0.209089 -0.132689
0.148065 -0.162618 -0.209089 -0.132689
0.148109 -0.162639 -0.209093 -0.132603
0.148177 -0.16268 -0.208969 -0.132757
0.148201 -0.162685 -0.209014 -0.132646
0.148248 -0.162707 -0.208973 -0.13267
0.14832 -0.16275 -0.208843 -0.132833
0.14832 -0.16275 -0.208843 -0.132833
0.148395 -0.16278 -0.208847 -0.132743
0.148469 -0.162829 -0.208708 -0.132918
0.148497 -0.162835 -0.208709 -0.132918
0.148549 -0.162861 -0.208714 -0.132823
0.148627 -0.162915 -0.208568 -0.133008
0.148656 -0.162921 -0.208568 -0.133008
0.148712 -0.16295 -0.208574 -0.132912
0.148736 -0.162977 -0.208595 -0.133048
0.148825 -0.163014 -0.208476 -0.132976
0.148883 -0.163049 -0.208426 -0.133009
0.148908 -0.163078 -0.208446 -0.133151
0.149699 -0.16266 -0.208382 -0.133672
0.149699 -0.16266 -0.208382 -0.133672
0.149604 -0.163484 -0.207795 -0.13348
0.149604 -0.163484 -0.207795 -0.13348
0.149792 -0.163431 -0.207635 -0.133673
0.149792 -0.163431 -0.207635 -0.133673
0.149828 -0.163632 -0.207594 -0.133619
0.150057 -0.163781 -0.207389 -0.133759
0.150057 -0.163781 -0.207389 -0.133759
0.150174 -0.163676 -0.207293 -0.133909
0.150073 -0.163815 -0.207293 -0.133909
0.150211 -0.163877 -0.20725 -0.13386
0.150331 -0.163769 -0.207152 -0.134013
0.150444 -0.16403 -0.207042 -0.133997
0.150444 -0.16403 -0.207042 -0.133997
0.150573 -0.163914 -0.206937 -0.134162
0.150654 -0.163958 -0.206865 -0.134216
0.150677 -0.164177 -0.206836 -0.134144
0.150911 -0.164329 -0.206629 -0.134296
0.150911 -0.164329 -0.206629 -0.134296
0.150911 -0.164329 -0.206629 -0.134296
0.15099 -0.164379 -0.206559 -0.13435
0.151008 -0.164425 -0.20649 -0.134398
0.151148 -0.164488 -0.20642 -0.134453
0.151169 -0.164534 -0.20622 -0.134533
0.15125 -0.164592 -0.206015 -0.134617
0.151551 -0.164773 -0.206069 -0.134739
0.151717 -0.164623 -0.205933 -0.13495
0.151717 -0.164623 -0.205933 -0.13495
0.151717 -0.164623 -0.205933 -0.13495
0.151972 -0.164805 -0.205646 -0.135295
0.151972 -0.164805 -0.205646 -0.135295
0.151887 -0.165028 -0.205777 -0.134994
0.151973 -0.165094 -0.205702 -0.135063
0.152239 -0.165007 -0.20548 -0.135354
0.152078 -0.165232 -0.20555 -0.135201
0.152237 -0.165316 -0.205473 -0.135275
0.15251 -0.165551 -0.205237 -0.13551
0.152701 -0.165378 -0.20508 -0.13575
0.152603 -0.16563 -0.205155 -0.135595
0.152603 -0.16563 -0.205155 -0.135595
0.152892 -0.165535 -0.20499 -0.135764
0.152794 -0.165807 -0.20499 -0.135765
0.152891 -0.165897 -0.204906 -0.135856
0.153195 -0.165807 -0.204813 -0.13617
0.153089 -0.16609 -0.204735 -0.13604
0.153104 -0.166171 -0.204647 -0.136142
0.153415 -0.166079 -0.204469 -0.136348
0.153212 -0.166362 -0.204469 -0.136348
0.153721 -0.1663 -0.204198 -0.136729
0.15351 -0.166595 -0.204118 -0.136597
0.153717 -0.166721 -0.204192 -0.136678
0.153835 -0.166941 -0.20383 -0.136943
0.153835 -0.16694 -0.20383 -0.136944
0.154081 -0.167607 -0.203385 -0.137683
0.154302 -0.167515 -0.203095 -0.138089
0.15487 -0.167609 -0.203095 -0.138088
0.154647 -0.167921 -0.203226 -0.138062
0.155029 -0.168092 -0.20305 -0.138091
0.155514 -0.168062 -0.202758 -0.138483
0.155292 -0.168373 -0.202818 -0.138356
0.155425 -0.168507 -0.202701 -0.138491
0.155918 -0.168471 -0.202404 -0.138888
0.155694 -0.168785 -0.202464 -0.13876
0.15583 -0.168918 -0.202344 -0.138895
0.156191 -0.168854 -0.202039 -0.1393
0.156191 -0.168854 -0.202039 -0.1393
0.156383 -0.169581 -0.201668 -0.139716
0.156383 -0.169581 -0.201668 -0.139716
0.156383 -0.169581 -0.201668 -0.139716
0.156659 -0.169731 -0.201615 -0.139707
0.157228 -0.170277 -0.201117 -0.140253
0.157228 -0.170277 -0.201117 -0.140253
0.157374 -0.170531 -0.200787 -0.140687
0.157518 -0.170551 -0.200711 -0.140553
0.157663 -0.170683 -0.200735 -0.140663
0.15781 -0.170823 -0.200607 -0.140796
0.15781 -0.170823 -0.200607 -0.140796
0.158105 -0.1711 -0.200349 -0.141068
0.158105 -0.1711 -0.200349 -0.141068
0.15827 -0.171484 -0.199958 -0.141483
0.158554 -0.171521 -0.199958 -0.141483
0.158712 -0.171783 -0.199598 -0.141951
0.158858 -0.171801 -0.199692 -0.141767
0.159012 -0.171941 -0.199558 -0.141911
0.159324 -0.172232 -0.199287 -0.1422
0.159324 -0.172232 -0.199287 -0.1422
0.159641 -0.172532 -0.199011 -0.142493
0.159641 -0.172532 -0.199011 -0.142493
0.160097 -0.172408 -0.198731 -0.142795
0.160253 -0.172427 -0.198731 -0.142795
0.160127 -0.172987 -0.198589 -0.142951
0.160459 -0.173303 -0.198301 -0.143265
0.160459 -0.173303 -0.198301 -0.143265
0.160627 -0.173463 -0.198154 -0.143426
0.161283 -0.173356 -0.197745 -0.143955
0.161283 -0.173356 -0.197745 -0.143955
0.161497 -0.174312 -0.197283 -0.14447
0.161497 -0.174311 -0.1974 -0.144269
0.161497 -0.174311 -0.1974 -0.144269
0.162197 -0.174197 -0.196967 -0.144831
0.162197 -0.174197 -0.196877 -0.144658
0.162043 -0.174855 -0.196928 -0.144811
0.162766 -0.174746 -0.196476 -0.145396
0.162766 -0.174746 -0.196476 -0.145396
0.162604 -0.175432 -0.196443 -0.145385
0.162792 -0.175823 -0.195973 -0.145998
0.162988 -0.175842 -0.195973 -0.145998
0.163183 -0.176042 -0.195943 -0.145995
0.16358 -0.176467 -0.1956 -0.146421
0.16417 -0.176137 -0.1952 -0.14668
0.163783 -0.176684 -0.195425 -0.146644
0.164374 -0.176546 -0.195157 -0.147264
0.164197 -0.177136 -0.195068 -0.147088
0.164801 -0.177003 -0.194473 -0.147586
0.164394 -0.177575 -0.194703 -0.14755
0.16524 -0.177461 -0.194091 -0.148059
0.16524 -0.177461 -0.19433 -0.148022
0.165688 -0.177935 -0.193705 -0.148548
0.165688 -0.177935 -0.193705 -0.148548
0.165718 -0.178813 -0.193757 -0.148765
0.167075 -0.178057 -0.19311 -0.149312
0.167075 -0.178057 -0.19311 -0.149312
0.16664 -0.179836 -0.192963 -0.149805
0.16664 -0.179836 -0.192963 -0.149805
0.168321 -0.180531 -0.191761 -0.151357
0.168321 -0.180531 -0.191761 -0.151357
0.168621 -0.181992 -0.191251 -0.151985
0.168621 -0.181992 -0.191251 -0.151985
0.168621 -0.181992 -0.191251 -0.151985
0.169048 -0.181603 -0.190893 -0.15244
0.171556 -0.184569 -0.188586 -0.154911
0.171556 -0.184569 -0.188586 -0.154911
0.172155 -0.18433 -0.188476 -0.155137
0.171898 -0.184852 -0.188184 -0.155495
0.172385 -0.185136 -0.187998 -0.155596
0.172976 -0.185085 -0.187584 -0.156168
0.173293 -0.185093 -0.187584 -0.156168
0.173056 -0.186073 -0.187291 -0.156249
0.173597 -0.18612 -0.186766 -0.156811
0.17389 -0.186127 -0.186917 -0.156797
0.173764 -0.186836 -0.186643 -0.156839
0.174014 -0.187219 -0.186051 -0.15723
0.17428 -0.187224 -0.186051 -0.157231
0.174535 -0.187402 -0.186071 -0.157391
0.174792 -0.187778 -0.18571 -0.157748
0.174792 -0.187778 -0.18571 -0.157749
0.175297 -0.187958 -0.185525 -0.157932
0.175803 -0.188341 -0.185145 -0.158296
0.175803 -0.188341 -0.185145 -0.158298
0.176055 -0.188522 -0.184941 -0.158484
0.17656 -0.188911 -0.184623 -0.159097
0.17656 -0.188909 -0.184524 -0.158865
0.176812 -0.189105 -0.184306 -0.159062
0.177557 -0.188867 -0.183674 -0.159747
0.177557 -0.188867 -0.183674 -0.159747
0.178089 -0.189258 -0.183215 -0.160189
0.178089 -0.189258 -0.183215 -0.160189
0.178353 -0.190413 -0.182979 -0.160359
0.178895 -0.189914 -0.182419 -0.16064
0.178894 -0.189912 -0.182419 -0.160639
0.178885 -0.190909 -0.182522 -0.16086
0.17973 -0.190648 -0.181804 -0.16167
0.17973 -0.190646 -0.181701 -0.161418
0.179702 -0.191726 -0.181822 -0.161666
0.180264 -0.192335 -0.18144 -0.1625
0.180263 -0.192334 -0.181343 -0.162262
0.181179 -0.192049 -0.180466 -0.162936
0.180492 -0.192976 -0.180466 -0.162936
0.181782 -0.192688 -0.180048 -0.163856
0.182149 -0.192678 -0.180346 -0.163579
0.182662 -0.195106 -0.179292 -0.165077
0.182662 -0.195106 -0.179292 -0.165077
0.183738 -0.194473 -0.179017 -0.16548
0.183306 -0.195858 -0.17874 -0.165877
0.183952 -0.195262 -0.178191 -0.166476
0.183976 -0.196685 -0.178167 -0.166684
0.184982 -0.196501 -0.177311 -0.167701
0.184981 -0.1965 -0.177653 -0.167668
0.185001 -0.197958 -0.177293 -0.167934
0.185348 -0.198398 -0.176998 -0.168359
0.185348 -0.198398 -0.176998 -0.168359
0.185904 -0.198205 -0.176157 -0.169603
0.186755 -0.200177 -0.175408 -0.170166
0.186596 -0.200648 -0.174715 -0.17066
0.186596 -0.200648 -0.174715 -0.17066
0.188211 -0.201978 -0.173811 -0.172028
0.188579 -0.202425 -0.174237 -0.172424
0.188579 -0.202425 -0.174237 -0.172424
0.189319 -0.201744 -0.173603 -0.173075
0.189319 -0.201744 -0.173603 -0.173075
0.189325 -0.20334 -0.173599 -0.17334
0.190475 -0.203082 -0.173028 -0.17443
0.190073 -0.204273 -0.172961 -0.174247
0.191261 -0.203992 -0.171945 -0.175407
0.19126 -0.203989 -0.171945 -0.175407
0.191203 -0.205679 -0.171996 -0.17564
0.191967 -0.206644 -0.17085 -0.176624
0.191967 -0.206644 -0.17085 -0.176624
0.193239 -0.206284 -0.170252 -0.177813
0.192739 -0.207599 -0.170171 -0.17759
0.193129 -0.208067 -0.170347 -0.178037
0.194439 -0.207728 -0.169743 -0.179237
0.193924 -0.209046 -0.169666 -0.179022
0.194327 -0.209535 -0.16932 -0.179519
0.195671 -0.209196 -0.168693 -0.180734
0.196353 -0.209124 -0.168693 -0.180734
0.196517 -0.21017 -0.167438 -0.181803
0.197265 -0.210086 -0.167978 -0.181759
0.196844 -0.212611 -0.167163 -0.18257
0.196844 -0.212611 -0.167163 -0.18257
0.201526 -0.212241 -0.164297 -0.185456
0.199039 -0.215062 -0.165167 -0.185198
0.201175 -0.214529 -0.163945 -0.186426
0.199862 -0.21599 -0.164314 -0.186216
0.202034 -0.21557 -0.163096 -0.187427
0.200605 -0.21714 -0.163483 -0.187208
0.201017 -0.218755 -0.162285 -0.188665
0.201017 -0.218755 -0.162285 -0.188665
0.201017 -0.218755 -0.162285 -0.188665
0.202316 -0.219053 -0.16189 -0.18914
0.20368 -0.218513 -0.161169 -0.190252
0.203125 -0.219994 -0.161091 -0.190054
0.204377 -0.219836 -0.160392 -0.191171
0.203874 -0.221048 -0.160309 -0.19096
0.205247 -0.222362 -0.159204 -0.192558
0.205247 -0.222362 -0.159204 -0.192558
0.205247 -0.222362 -0.159204 -0.192558
0.206622 -0.223698 -0.157919 -0.193715
0.207623 -0.222779 -0.15705 -0.194434
0.207623 -0.222779 -0.156973 -0.19421
0.207091 -0.224145 -0.157514 -0.19416
0.208614 -0.223638 -0.156193 -0.195359
0.208614 -0.223638 -0.156106 -0.195104
0.207465 -0.225753 -0.155771 -0.195824
0.210391 -0.227308 -0.154129 -0.197699
0.210391 -0.227308 -0.154129 -0.197699
0.210807 -0.227559 -0.153733 -0.198145
0.211871 -0.226631 -0.153972 -0.198755
0.21197 -0.22807 -0.153011 -0.199178
0.21197 -0.22807 -0.153011 -0.199178
0.213324 -0.227359 -0.151708 -0.200297
0.21264 -0.22854 -0.151708 -0.200297
0.213269 -0.228877 -0.151347 -0.200873
0.213269 -0.228877 -0.151347 -0.200873
0.213889 -0.229051 -0.150525 -0.201676
0.213889 -0.229051 -0.150525 -0.201676
0.21486 -0.229064 -0.149305 -0.202837
0.21486 -0.229064 -0.149305 -0.202837
0.21486 -0.229064 -0.149305 -0.202837
0.215586 -0.228731 -0.148508 -0.203549
0.215586 -0.228731 -0.148508 -0.203549
0.216937 -0.22758 -0.147179 -0.2043
0.216926 -0.227564 -0.147179 -0.2043
0.217127 -0.227828 -0.147199 -0.205067
0.217127 -0.227828 -0.147199 -0.205067
0.218527 -0.226576 -0.145903 -0.205765
0.217987 -0.227166 -0.146564 -0.205662
0.218446 -0.226787 -0.14614 -0.205682
0.219876 -0.225495 -0.14484 -0.206304
0.219876 -0.225495 -0.14484 -0.206304
0.220462 -0.225136 -0.144859 -0.206991
0.220462 -0.225136 -0.144753 -0.206706
0.22157 -0.224217 -0.144128 -0.207471
0.22157 -0.224217 -0.144128 -0.207471
0.222467 -0.223336 -0.143187 -0.207765
0.22266 -0.223301 -0.143344 -0.208155
0.225779 -0.220353 -0.141036 -0.210403
0.225385 -0.220966 -0.141839 -0.210292
0.226864 -0.219644 -0.140841 -0.211205
0.226864 -0.219644 -0.140842 -0.211215
0.227435 -0.219049 -0.140739 -0.212006
0.227617 -0.21899 -0.140727 -0.212027
0.228182 -0.218478 -0.140462 -0.212466
0.228937 -0.217696 -0.139726 -0.21296
0.229324 -0.217413 -0.139953 -0.21335
0.229906 -0.216852 -0.139707 -0.213794
0.231716 -0.215051 -0.139009 -0.21512
0.231716 -0.215051 -0.139009 -0.21512
0.231716 -0.215051 -0.139009 -0.21512
0.234048 -0.212697 -0.138329 -0.2164
0.234048 -0.212697 -0.138329 -0.2164
0.234048 -0.212697 -0.138329 -0.2164
0.235646 -0.210997 -0.137085 -0.217756
0.235771 -0.210957 -0.137666 -0.217651
0.23653 -0.210108 -0.136881 -0.218155
0.23637 -0.210263 -0.137467 -0.218046
0.237238 -0.209376 -0.137251 -0.218465
0.238788 -0.207635 -0.136924 -0.219257
0.238788 -0.207635 -0.136924 -0.219257
0.245171 -0.200591 -0.135471 -0.222186
0.245171 -0.200591 -0.135471 -0.222186
0.247385 -0.19866 -0.134927 -0.222841
0.247385 -0.19866 -0.134927 -0.222841
0.247385 -0.19866 -0.134927 -0.222841
0.249787 -0.196209 -0.133628 -0.223913
0.249787 -0.196209 -0.133628 -0.223913
0.251293 -0.194568 -0.13338 -0.224473
0.251293 -0.194568 -0.13338 -0.224473
0.252879 -0.192815 -0.132856 -0.225078
0.252879 -0.192815 -0.132856 -0.225078
0.254319 -0.191193 -0.132433 -0.225657
0.254319 -0.191193 -0.132433 -0.225657
0.255508 -0.189669 -0.132024 -0.226232
0.255508 -0.189669 -0.132024 -0.226232
0.25727 -0.1874 -0.131429 -0.227055
0.25727 -0.1874 -0.131429 -0.227055
0.25727 -0.1874 -0.131429 -0.227055
0.258909 -0.18521 -0.130846 -0.227846
0.258909 -0.18521 -0.130846 -0.227846
0.259374 -0.184502 -0.13019 -0.22823
0.259405 -0.184477 -0.130658 -0.228102
0.260281 -0.183061 -0.129797 -0.22875
0.260281 -0.183061 -0.130298 -0.228612
0.260786 -0.182251 -0.130112 -0.228879
0.261846 -0.180621 -0.129823 -0.229383
0.261846 -0.180621 -0.129823 -0.229383
0.262055 -0.179951 -0.129684 -0.229628
0.262687 -0.179066 -0.129553 -0.229869
0.262883 -0.178385 -0.128841 -0.230278
0.263721 -0.176771 -0.129127 -0.230568
0.263721 -0.176771 -0.129127 -0.230568
0.264569 -0.175131 -0.128838 -0.231011
0.264569 -0.175131 -0.128838 -0.231011
0.265432 -0.173454 -0.128559 -0.231441
0.265432 -0.173454 -0.128559 -0.231441
0.266316 -0.171741 -0.12829 -0.231854
0.266316 -0.171741 -0.12829 -0.231854
0.266767 -0.170878 -0.128158 -0.232055
0.267846 -0.169036 -0.127901 -0.232439
0.267683 -0.169119 -0.127902 -0.232441
0.268626 -0.167487 -0.127119 -0.233012
0.268615 -0.167346 -0.127663 -0.232852
0.269543 -0.165716 -0.126904 -0.233432
0.269546 -0.165559 -0.127447 -0.23329
0.270011 -0.164671 -0.127345 -0.233518
0.270912 -0.163043 -0.12662 -0.234096
0.271392 -0.161985 -0.127074 -0.234225
0.271988 -0.161024 -0.12646 -0.234564
0.271988 -0.161024 -0.12646 -0.234564
0.273054 -0.15874 -0.126782 -0.235258
0.273443 -0.158083 -0.126206 -0.235573
0.273443 -0.158083 -0.126723 -0.235539
0.273636 -0.157664 -0.126723 -0.235539
0.274442 -0.156175 -0.126521 -0.23597
0.27424 -0.156289 -0.126625 -0.236109
0.274865 -0.155056 -0.126585 -0.236404
0.275849 -0.153153 -0.126413 -0.236838
0.275849 -0.153153 -0.126535 -0.237008
0.275998 -0.152432 -0.126508 -0.237334
0.276719 -0.150701 -0.125915 -0.237974
0.276719 -0.150701 -0.126495 -0.237994
0.27755 -0.148454 -0.126538 -0.239049
0.27755 -0.148454 -0.126538 -0.239049
0.27755 -0.148454 -0.126538 -0.239049
0.278784 -0.145853 -0.126274 -0.240356
0.278784 -0.145853 -0.126274 -0.240356
0.278784 -0.145853 -0.126274 -0.240356
0.279639 -0.1439 -0.126539 -0.240699
0.27944 -0.144023 -0.126767 -0.240983
0.280326 -0.142169 -0.126675 -0.24151
0.280049 -0.142346 -0.126674 -0.241511
0.280338 -0.141464 -0.126996 -0.242235
0.280932 -0.139959 -0.12693 -0.242773
0.281162 -0.139551 -0.12693 -0.242773
0.281512 -0.138237 -0.126473 -0.243507
0.281512 -0.138237 -0.126473 -0.243507
0.281764 -0.13708 -0.126693 -0.243428
0.282916 -0.133864 -0.127106 -0.245813
0.282916 -0.133864 -0.127106 -0.245813
0.283226 -0.132739 -0.127913 -0.246515
0.283226 -0.132739 -0.127913 -0.246515
0.283806 -0.13135 -0.127928 -0.247718
0.284082 -0.130132 -0.128818 -0.248499
0.284627 -0.128656 -0.128498 -0.249313
0.284627 -0.128656 -0.128498 -0.249313
0.284913 -0.127498 -0.129441 -0.250148
0.28545 -0.125706 -0.1299 -0.251288
0.28545 -0.125706 -0.1299 -0.251288
0.285976 -0.124244 -0.130089 -0.252626
0.285976 -0.124244 -0.130089 -0.252626
0.286254 -0.123028 -0.130651 -0.253058
0.286771 -0.121186 -0.130401 -0.253934
0.286771 -0.121186 -0.131194 -0.254275
0.287035 -0.120282 -0.131477 -0.254894
0.287533 -0.118785 -0.131254 -0.255791
0.287551 -0.118443 -0.132068 -0.256155
0.287811 -0.117533 -0.132375 -0.256796
0.288291 -0.116022 -0.13218 -0.257712
0.288304 -0.115627 -0.132743 -0.258256
0.288559 -0.114693 -0.133346 -0.258758
0.289031 -0.113179 -0.133176 -0.259692
0.289031 -0.113179 -0.133772 -0.260252
0.289306 -0.111831 -0.134386 -0.260775
0.289766 -0.11031 -0.13424 -0.261725
0.289766 -0.11031 -0.13424 -0.261725
0.291362 -0.104467 -0.137448 -0.266359
0.291967 -0.102711 -0.137377 -0.267319
0.291887 -0.102774 -0.137569 -0.2672
0.291887 -0.102774 -0.138263 -0.267784
0.292311 -0.101417 -0.138214 -0.26874
0.292164 -0.101536 -0.138214 -0.26874
0.292571 -0.100105 -0.139525 -0.269936
0.292778 -0.0991916 -0.139957 -0.270657
0.293643 -0.0963073 -0.141115 -0.272916
0.293515 -0.0964137 -0.141115 -0.272916
0.293515 -0.0964137 -0.141115 -0.272916
0.293789 -0.0947452 -0.141285 -0.27376
0.293789 -0.0947452 -0.141285 -0.27376
0.293967 -0.0938321 -0.142634 -0.274974
0.294134 -0.0929008 -0.143096 -0.275696
0.29478 -0.090072 -0.1445 -0.277844
0.29478 -0.090072 -0.1445 -0.277844
0.29478 -0.090072 -0.1445 -0.277844
0.295066 -0.0891229 -0.144859 -0.278635
0.295196 -0.0875949 -0.145926 -0.279972
0.295196 -0.0875949 -0.145926 -0.279972
0.295648 -0.0855987 -0.146808 -0.281458
0.295648 -0.0855987 -0.146808 -0.281458
0.295617 -0.0848416 -0.147387 -0.282109
0.295745 -0.0839156 -0.147881 -0.282823
0.296181 -0.0823895 -0.146406 -0.2836
0.296181 -0.0823895 -0.146406 -0.2836
0.296632 -0.0798067 -0.149528 -0.285816
0.297369 -0.0755766 -0.151302 -0.288682
0.297171 -0.0757584 -0.152915 -0.289717
0.29737 -0.0747053 -0.153121 -0.290544
0.297587 -0.0734618 -0.153643 -0.291208
0.297587 -0.0734618 -0.153643 -0.291208
0.297609 -0.072817 -0.154956 -0.29236
0.297908 -0.0712663 -0.155205 -0.293143
0.297908 -0.0712663 -0.155176 -0.293164
0.297849 -0.0706516 -0.156496 -0.29429
0.298085 -0.0690099 -0.156734 -0.295091
0.298085 -0.0690099 -0.156734 -0.295091
0.297992 -0.0684481 -0.158053 -0.296189
0.297937 -0.067669 -0.1591 -0.29745
0.298105 -0.066313 -0.159625 -0.298067
0.298105 -0.066313 -0.159625 -0.298067
0.298184 -0.0654734 -0.159984 -0.298776
0.298167 -0.0649417 -0.160681 -0.299312
0.29819 -0.0642651 -0.161213 -0.299926
0.298198 -0.0635774 -0.161748 -0.300549
0.298347 -0.0627429 -0.162286 -0.30117
0.298735 -0.0589426 -0.165544 -0.304823
0.298326 -0.0593566 -0.165546 -0.304823
0.298376 -0.0588952 -0.16609 -0.305414
0.298409 -0.0574126 -0.167697 -0.307218
0.298345 -0.057478 -0.167697 -0.307218
0.298435 -0.0566116 -0.168832 -0.308341
0.298433 -0.0561911 -0.169382 -0.308921
0.298332 -0.0562858 -0.169371 -0.308927
0.298317 -0.0558402 -0.16971 -0.309664
0.298351 -0.0548971 -0.171044 -0.310622
0.298297 -0.0544885 -0.171637 -0.311167
0.298169 -0.0546203 -0.171637 -0.311167
0.298157 -0.0531874 -0.173839 -0.312442
0.298157 -0.0531874 -0.173578 -0.312642
0.29806 -0.0523972 -0.174429 -0.313966
0.29806 -0.0523972 -0.174429 -0.313966
0.297988 -0.0516872 -0.175571 -0.31503
0.297988 -0.0516872 -0.175571 -0.31503
0.297758 -0.0515825 -0.177071 -0.315839
0.29784 -0.05086 -0.177071 -0.315839
0.297759 -0.0504419 -0.177296 -0.316649
0.297512 -0.0503354 -0.178069 -0.317091
0.297512 -0.0503354 -0.178857 -0.317447
0.297518 -0.0492273 -0.179052 -0.318285
0.297444 -0.0488464 -0.17928 -0.318154
0.29726 -0.0480848 -0.180843 -0.319963
0.29726 -0.0480848 -0.180843 -0.319963
0.297187 -0.0474196 -0.181261 -0.320713
0.297187 -0.0474196 -0.181261 -0.320713
0.297099 -0.0472489 -0.182666 -0.321607
0.297044 -0.0466124 -0.183911 -0.322771
0.297044 -0.0466124 -0.183911 -0.322771
0.296651 -0.0468906 -0.185758 -0.3235
0.296651 -0.0468906 -0.185758 -0.3235
0.296531 -0.0463369 -0.186237 -0.324315
0.296531 -0.0463369 -0.186237 -0.324315
0.296255 -0.04588 -0.186902 -0.326042
0.296167 -0.0459734 -0.186902 -0.326042
0.296071 -0.044808 -0.189151 -0.32775
0.295937 -0.0449501 -0.189151 -0.32775
0.295711 -0.0452744 -0.190396 -0.328095
0.295711 -0.0452744 -0.189572 -0.32872
0.295476 -0.044508 -0.19127 -0.329819
0.295015 -0.0442721 -0.193484 -0.332048
0.294881 -0.0442693 -0.194243 -0.332803
0.294764 -0.0443163 -0.195005 -0.333565
0.294434 -0.0450381 -0.196438 -0.333959
0.294434 -0.0450381 -0.196438 -0.333959
0.294233 -0.0450029 -0.198028 -0.335534
0.294121 -0.0451195 -0.198028 -0.335534
0.2937 -0.0446443 -0.200598 -0.339293
0.2937 -0.0446443 -0.200598 -0.339293
0.2937 -0.0446443 -0.200598 -0.339293
0.293506 -0.0446631 -0.202276 -0.341022
0.293382 -0.0447915 -0.202276 -0.341022
0.293104 -0.0454795 -0.20388 -0.341463
0.293146 -0.0447408 -0.204001 -0.342841
0.292831 -0.0449461 -0.204881 -0.343749
0.292415 -0.045813 -0.206585 -0.344208
0.292452 -0.0450651 -0.20668 -0.345662
0.292278 -0.0451587 -0.207596 -0.346615
0.291869 -0.0460846 -0.209398 -0.347084
0.291903 -0.0453338 -0.210883 -0.347586
0.291728 -0.0454539 -0.210419 -0.349632
0.291568 -0.0448697 -0.211425 -0.352321
0.291365 -0.0457194 -0.212363 -0.351749
0.290854 -0.0462697 -0.21536 -0.354988
0.290854 -0.0462697 -0.21536 -0.354988
0.290723 -0.0470592 -0.216338 -0.354384
0.290665 -0.0471163 -0.216338 -0.354384
0.290591 -0.0466045 -0.217409 -0.357248
0.290068 -0.0470342 -0.219516 -0.359632
0.290068 -0.0470342 -0.219516 -0.359632
0.289432 -0.0484396 -0.222787 -0.361329
0.289432 -0.0484396 -0.222787 -0.361329
0.28946 -0.0477297 -0.222769 -0.363278
0.289018 -0.0490284 -0.22505 -0.363782
0.289018 -0.0490284 -0.22505 -0.363782
0.288824 -0.0485435 -0.226136 -0.367133
0.288342 -0.0491059 -0.2263 -0.369238
0.288342 -0.0491059 -0.2263 -0.369238
0.287517 -0.0512533 -0.233358 -0.373099
0.28749 -0.0512693 -0.230965 -0.374715
0.287353 -0.0511425 -0.236877 -0.375062
0.286911 -0.0526398 -0.237024 -0.377328
0.286911 -0.0526398 -0.237024 -0.377328
0.286652 -0.052535 -0.238111 -0.381083
0.28637 -0.0536679 -0.239517 -0.380191
0.286171 -0.0547347 -0.238079 -0.383473
0.285238 -0.0565159 -0.251337 -0.386254
0.285186 -0.0553967 -0.245723 -0.390018
0.284756 -0.0569696 -0.251271 -0.391116
0.284797 -0.0563998 -0.248423 -0.392991
0.284512 -0.0569518 -0.249882 -0.394452
0.28405 -0.0584159 -0.252832 -0.395021
0.28405 -0.0584159 -0.252832 -0.395021
0.283547 -0.0587072 -0.255915 -0.399758
0.283547 -0.0587072 -0.255915 -0.399758
0.283108 -0.0600918 -0.256216 -0.401497
0.283067 -0.0594804 -0.256207 -0.401502
0.282818 -0.0598259 -0.260135 -0.402953
0.282342 -0.0611307 -0.262921 -0.403076
0.282302 -0.0604448 -0.260385 -0.40471
0.28182 -0.0610784 -0.264998 -0.406849
0.28182 -0.0610784 -0.264998 -0.406849
0.281311 -0.0624296 -0.26508 -0.408202
0.281311 -0.0624296 -0.266846 -0.408418
0.281116 -0.0620719 -0.267668 -0.409149
0.280882 -0.0630797 -0.270945 -0.408352
0.280596 -0.062701 -0.269208 -0.410693
0.279993 -0.0641138 -0.268859 -0.412078
0.279993 -0.0641138 -0.270531 -0.412258
0.279528 -0.0647013 -0.272609 -0.411934
0.279528 -0.0647013 -0.274054 -0.41207
0.279246 -0.0650362 -0.274377 -0.412759
0.277497 -0.0668911 -0.273838 -0.415813
0.277289 -0.0673925 -0.27471 -0.416206
0.276973 -0.0680083 -0.27369 -0.417647
0.276452 -0.0694643 -0.275383 -0.416957
0.276487 -0.0689899 -0.274294 -0.418104
0.276071 -0.069582 -0.274626 -0.418307
0.275362 -0.0710717 -0.2772 -0.417697
0.275405 -0.0705116 -0.2772 -0.417697
0.275076 -0.0709714 -0.275671 -0.419003
0.274732 -0.071392 -0.275977 -0.419235
0.274047 -0.0722057 -0.276475 -0.419669
0.274047 -0.0722057 -0.276475 -0.419669
0.27379 -0.0731403 -0.277928 -0.418699
0.27329 -0.0731729 -0.276928 -0.420306
0.273026 -0.0741173 -0.278404 -0.419321
0.272758 -0.0743109 -0.278404 -0.419321
0.271472 -0.0759672 -0.276749 -0.420906
0.271356 -0.0760493 -0.276749 -0.420906
0.270732 -0.0762707 -0.277149 -0.421146
0.270732 -0.0762707 -0.277149 -0.421146
0.270053 -0.07706 -0.278628 -0.42028
0.270052 -0.0770596 -0.278985 -0.420315
0.267907 -0.0816365 -0.276767 -0.421376
0.267629 -0.0824869 -0.278144 -0.420458
0.2672 -0.0812063 -0.276733 -0.421037
0.2672 -0.0812063 -0.276733 -0.421037
0.266598 -0.0825092 -0.27817 -0.420008
0.266656 -0.0819606 -0.27817 -0.420008
0.266164 -0.0824494 -0.276973 -0.420726
0.265378 -0.083769 -0.278553 -0.419709
0.265447 -0.0831427 -0.278555 -0.419707
0.265101 -0.0834978 -0.276991 -0.420379
0.264461 -0.0847166 -0.276736 -0.420143
0.264321 -0.0848009 -0.276816 -0.420153
0.264049 -0.0844814 -0.27668 -0.420024
0.263477 -0.0850149 -0.276297 -0.419788
0.263337 -0.0850969 -0.276295 -0.419788
0.262986 -0.0854207 -0.27606 -0.419658
0.262274 -0.0860557 -0.275469 -0.419396
0.262274 -0.0860557 -0.275469 -0.419396
0.261609 -0.0873159 -0.27662 -0.418252
0.261691 -0.086625 -0.274876 -0.419113
0.261189 -0.0870289 -0.27432 -0.41893
0.26049 -0.0882638 -0.275376 -0.417766
0.260338 -0.0883543 -0.275166 -0.417734
0.260051 -0.0879503 -0.272844 -0.418426
0.259667 -0.0882624 -0.272291 -0.418248
0.258806 -0.0895797 -0.273228 -0.41706
0.258563 -0.0898242 -0.270495 -0.41764
0.258509 -0.0892446 -0.270493 -0.417642
0.256993 -0.0911569 -0.270054 -0.415908
0.256993 -0.0911569 -0.270054 -0.415908
0.256558 -0.0910286 -0.267322 -0.41631
0.256236 -0.091911 -0.268774 -0.415366
0.255787 -0.0918282 -0.266284 -0.415663
0.255388 -0.092189 -0.265766 -0.415316
0.255063 -0.093062 -0.267207 -0.414382
0.254581 -0.0928636 -0.264713 -0.414588
0.25197 -0.0971577 -0.26356 -0.412545
0.25197 -0.0971577 -0.26356 -0.412545
0.251675 -0.0959126 -0.261466 -0.411288
0.251675 -0.0959126 -0.261466 -0.411288
0.251322 -0.0963673 -0.262765 -0.410451
0.250423 -0.0976992 -0.261538 -0.409296
0.250423 -0.0976992 -0.261538 -0.409296
0.249294 -0.0987721 -0.261534 -0.407819
0.249379 -0.0982297 -0.261534 -0.40782
0.249379 -0.0982297 -0.261534 -0.40782
0.248702 -0.0992954 -0.261295 -0.406699
0.248639 -0.0987507 -0.261296 -0.406698
0.248266 -0.0989658 -0.259442 -0.406313
0.248048 -0.0990758 -0.259035 -0.40569
0.242605 -0.106074 -0.256276 -0.396614
0.242605 -0.106074 -0.256276 -0.396614
0.242135 -0.106204 -0.256387 -0.395632
0.242135 -0.106204 -0.256387 -0.395632
0.2412 -0.107301 -0.25753 -0.393715
0.2412 -0.107301 -0.25753 -0.393715
0.240582 -0.108299 -0.258954 -0.392343
0.24047 -0.108349 -0.258599 -0.392473
0.240547 -0.107958 -0.258154 -0.392332
0.240222 -0.108244 -0.258363 -0.391609
0.239787 -0.10896 -0.259032 -0.391031
0.239553 -0.108659 -0.25842 -0.390068
0.239216 -0.108828 -0.258286 -0.389281
0.239216 -0.108828 -0.258286 -0.389281
0.238398 -0.109759 -0.258489 -0.38795
0.238184 -0.109248 -0.257194 -0.386854
0.237719 -0.110046 -0.257588 -0.385722
0.237495 -0.109625 -0.25608 -0.385264
0.237141 -0.109832 -0.255424 -0.384446
0.236522 -0.110219 -0.253947 -0.382768
0.236408 -0.110263 -0.253947 -0.382768
0.236034 -0.110512 -0.253181 -0.381939
0.235401 -0.110898 -0.252503 -0.380592
0.235401 -0.110898 -0.251508 -0.380204
0.234851 -0.111196 -0.250656 -0.379337
0.234445 -0.111424 -0.249751 -0.378429
0.233656 -0.112451 -0.250119 -0.376675
0.233656 -0.112451 -0.250119 -0.376675
0.232389 -0.112753 -0.247238 -0.374747
0.232389 -0.112753 -0.247238 -0.374747
0.232392 -0.112759 -0.245335 -0.373917
0.23142 -0.11387 -0.245751 -0.372184
0.23155 -0.113278 -0.245746 -0.372193
0.231129 -0.113505 -0.242706 -0.370921
0.230319 -0.114454 -0.240769 -0.36875
0.230274 -0.113865 -0.240769 -0.36875
0.229049 -0.115009 -0.240042 -0.365801
0.229048 -0.115008 -0.237843 -0.365527
0.229048 -0.115008 -0.237843 -0.365527
0.228212 -0.114982 -0.236049 -0.363435
0.228212 -0.114982 -0.236049 -0.363435
0.227385 -0.115397 -0.234208 -0.361137
0.227385 -0.115397 -0.234208 -0.361137
0.226914 -0.115618 -0.235355 -0.358938
0.226914 -0.115618 -0.235355 -0.358938
0.225747 -0.11612 -0.230694 -0.356531
0.225747 -0.11612 -0.230694 -0.356531
0.224956 -0.116559 -0.229129 -0.354318
0.224956 -0.116559 -0.22913 -0.354317
0.224333 -0.11682 -0.229428 -0.35235
0.224155 -0.116874 -0.228713 -0.352523
0.223924 -0.116966 -0.227295 -0.350271
0.221078 -0.118498 -0.221461 -0.342146
0.221078 -0.118498 -0.221461 -0.342146
0.219275 -0.120388 -0.220426 -0.337288
0.219275 -0.120388 -0.220426 -0.337288
0.218658 -0.121075 -0.221407 -0.33581
0.218558 -0.121112 -0.22055 -0.335495
0.217867 -0.121986 -0.221479 -0.333845
0.217973 -0.121587 -0.221473 -0.333863
0.217497 -0.12185 -0.2204 -0.332134
0.216804 -0.122635 -0.221168 -0.330298
0.216804 -0.122635 -0.221168 -0.330298
0.216581 -0.122351 -0.220939 -0.329063
0.216142 -0.122528 -0.219403 -0.327243
0.215326 -0.123315 -0.218585 -0.324671
0.215128 -0.122969 -0.218142 -0.323396
0.215128 -0.122969 -0.218142 -0.323396
0.214788 -0.123145 -0.21767 -0.322106
0.213952 -0.123958 -0.218089 -0.320083
0.214094 -0.123448 -0.218089 -0.320083
0.213364 -0.124238 -0.216905 -0.317276
0.213364 -0.124238 -0.216905 -0.317276
0.21303 -0.123931 -0.214723 -0.315203
0.212436 -0.124202 -0.215007 -0.313104
0.212305 -0.124231 -0.214486 -0.313198
0.211941 -0.124398 -0.212671 -0.310808
0.211338 -0.124677 -0.211779 -0.307705
0.211338 -0.124677 -0.211779 -0.307705
0.210836 -0.124878 -0.210521 -0.306316
0.209343 -0.126052 -0.209371 -0.30123
0.209355 -0.12566 -0.209371 -0.30123
0.208985 -0.125913 -0.207309 -0.299113
0.208238 -0.126748 -0.20717 -0.297159
0.208365 -0.126335 -0.20717 -0.297159
0.207868 -0.126578 -0.207146 -0.295701
0.20605 -0.127768 -0.203838 -0.288158
0.20605 -0.127768 -0.203838 -0.288158
0.205329 -0.12866 -0.203454 -0.2858
0.205336 -0.128388 -0.203454 -0.2858
0.204977 -0.128657 -0.203274 -0.284537
0.204257 -0.129433 -0.20285 -0.281824
0.204259 -0.129441 -0.20285 -0.281824
0.203914 -0.129295 -0.202637 -0.280477
0.203221 -0.129638 -0.202125 -0.277676
0.203221 -0.129638 -0.202125 -0.277676
0.202167 -0.130554 -0.202379 -0.274349
0.202198 -0.130176 -0.201323 -0.273533
0.202198 -0.130176 -0.201323 -0.273533
0.201859 -0.130377 -0.20105 -0.272147
0.201518 -0.130566 -0.200749 -0.270707
0.200802 -0.131276 -0.201159 -0.268597
0.200802 -0.131276 -0.201159 -0.268597
0.197347 -0.133648 -0.198398 -0.255305
0.197347 -0.133648 -0.198398 -0.255305
0.196706 -0.134293 -0.199172 -0.253867
0.196637 -0.1343 -0.198756 -0.253371
0.196285 -0.134602 -0.198893 -0.25225
0.195681 -0.135081 -0.199615 -0.250481
0.195593 -0.135097 -0.199019 -0.249778
0.195253 -0.135331 -0.199039 -0.248534
0.194664 -0.135738 -0.199571 -0.246688
0.194663 -0.135736 -0.199571 -0.246688
0.194246 -0.135952 -0.198849 -0.244599
0.19387 -0.136473 -0.199521 -0.244044
0.193577 -0.136347 -0.198541 -0.241816
0.193241 -0.136533 -0.198333 -0.240368
0.192439 -0.137237 -0.198046 -0.237403
0.192439 -0.137237 -0.198046 -0.237403
0.192226 -0.137106 -0.197588 -0.235983
0.191542 -0.137497 -0.197259 -0.232992
0.191542 -0.137497 -0.197032 -0.233015
0.19094 -0.137887 -0.197403 -0.230985
0.190851 -0.137892 -0.196675 -0.230002
0.190505 -0.13809 -0.196169 -0.228519
0.190158 -0.138275 -0.195864 -0.226978
0.18868 -0.139705 -0.196535 -0.222854
0.188764 -0.139103 -0.196536 -0.222848
0.188058 -0.139627 -0.194652 -0.218351
0.188058 -0.139627 -0.194652 -0.218351
0.187702 -0.139895 -0.194266 -0.217065
0.187236 -0.1404 -0.194862 -0.216524
0.186992 -0.140369 -0.19399 -0.214303
0.186253 -0.141084 -0.1937 -0.211439
0.186253 -0.141084 -0.1937 -0.211439
0.185942 -0.141012 -0.193561 -0.210046
0.185205 -0.141732 -0.194003 -0.20813
0.185205 -0.141732 -0.194003 -0.20813
0.184902 -0.141666 -0.193158 -0.205865
0.184212 -0.142078 -0.192872 -0.203012
0.184212 -0.142078 -0.192872 -0.203012
0.183522 -0.142507 -0.192603 -0.200203
0.183522 -0.142507 -0.192603 -0.200203
0.182955 -0.142971 -0.192874 -0.198297
0.182493 -0.143456 -0.192319 -0.196241
0.182382 -0.143456 -0.192319 -0.196241
0.181636 -0.144205 -0.192731 -0.194535
0.181636 -0.144205 -0.192246 -0.193745
0.181425 -0.143954 -0.192183 -0.192383
0.180732 -0.144372 -0.192618 -0.190448
0.180732 -0.144372 -0.192618 -0.190448
0.177856 -0.146749 -0.192362 -0.180522
0.177856 -0.146749 -0.192362 -0.180522
0.177514 -0.146949 -0.192112 -0.179029
0.176322 -0.148212 -0.192935 -0.176644
0.176322 -0.148212 -0.192935 -0.176644
0.175853 -0.148673 -0.192844 -0.175266
0.175853 -0.148673 -0.192844 -0.175266
0.175289 -0.148903 -0.193155 -0.173159
0.175289 -0.148903 -0.193155 -0.173159
0.174926 -0.149183 -0.193283 -0.172073
0.174565 -0.149457 -0.19339 -0.170967
0.174204 -0.149727 -0.193481 -0.169848
0.173842 -0.150006 -0.193568 -0.168751
0.173162 -0.150559 -0.194092 -0.16711
0.173118 -0.150555 -0.193705 -0.166512
0.172754 -0.150836 -0.193769 -0.165405
0.171981 -0.151566 -0.194269 -0.163762
0.172064 -0.1514 -0.193937 -0.163175
0.171654 -0.151688 -0.193947 -0.162094
0.170874 -0.152428 -0.194446 -0.160483
0.170874 -0.152428 -0.194446 -0.160483
0.170538 -0.152577 -0.194159 -0.158889
0.169751 -0.153323 -0.194666 -0.157313
0.169751 -0.153323 -0.194666 -0.157313
0.169409 -0.153491 -0.194423 -0.155782
0.167557 -0.155199 -0.196175 -0.152636
0.167557 -0.155199 -0.196175 -0.152636
0.167103 -0.155438 -0.195189 -0.150068
0.165514 -0.156867 -0.196024 -0.146833
0.165077 -0.157294 -0.196281 -0.146064
0.164709 -0.157599 -0.196513 -0.145318
0.163866 -0.15839 -0.197024 -0.143814
0.163898 -0.158332 -0.197022 -0.143818
0.163492 -0.158697 -0.19728 -0.143076
0.162644 -0.159478 -0.197915 -0.141796
0.162287 -0.159781 -0.198167 -0.141046
0.162287 -0.159781 -0.198167 -0.141046
0.161861 -0.160143 -0.198415 -0.1403
0.161422 -0.160559 -0.198571 -0.139388
0.161046 -0.160885 -0.19883 -0.138691
0.15979 -0.162017 -0.199748 -0.13679
0.15979 -0.162017 -0.199748 -0.13679
0.15979 -0.162017 -0.199748 -0.13679
0.158927 -0.162808 -0.200316 -0.135477
0.15892 -0.162808 -0.200256 -0.135376
0.158075 -0.163576 -0.200914 -0.134201
0.158082 -0.163556 -0.200867 -0.134123
0.157652 -0.163947 -0.201183 -0.133516
0.157218 -0.164346 -0.201511 -0.132937
0.1559 -0.165569 -0.202557 -0.131298
0.1559 -0.165569 -0.202557 -0.131298
0.155019 -0.166379 -0.203289 -0.130259
0.154105 -0.167225 -0.204066 -0.129272
0.15411 -0.167226 -0.204066 -0.129272
0.153203 -0.168063 -0.20487 -0.128337
0.153203 -0.168063 -0.20487 -0.128337
0.152747 -0.168483 -0.205284 -0.127885
0.151855 -0.169277 -0.206026 -0.126869
0.151877 -0.169281 -0.206026 -0.126869
0.151493 -0.169617 -0.206433 -0.126494
0.150738 -0.170296 -0.207128 -0.125533
0.150738 -0.170296 -0.207128 -0.125533
0.150379 -0.170619 -0.207458 -0.125043
0.149558 -0.171337 -0.208122 -0.123963
0.149558 -0.171337 -0.208122 -0.123963
0.149367 -0.171547 -0.208384 -0.123537
0.14865 -0.172122 -0.209019 -0.122441
0.14865 -0.172122 -0.208957 -0.122507
0.148426 -0.172432 -0.209232 -0.121985
0.147639 -0.173123 -0.209842 -0.120864
0.147639 -0.173123 -0.209842 -0.120864
0.147535 -0.173293 -0.210019 -0.120397
0.147047 -0.173694 -0.210357 -0.119798
0.14668 -0.17414 -0.210756 -0.118777
0.14668 -0.17414 -0.210756 -0.118777
0.1464 -0.17442 -0.210992 -0.118232
0.144261 -0.176297 -0.212198 -0.115371
0.144349 -0.176664 -0.212329 -0.114896
0.144349 -0.176664 -0.212329 -0.114896
0.144115 -0.176791 -0.212745 -0.11378
0.144115 -0.176791 -0.212745 -0.11378
0.143616 -0.177181 -0.212953 -0.113218
0.143409 -0.177479 -0.213368 -0.112101
0.143409 -0.177479 -0.213368 -0.112101
0.142637 -0.178146 -0.213883 -0.110921
0.142765 -0.178176 -0.21376 -0.110959
0.142598 -0.17831 -0.213963 -0.110399
0.141021 -0.180452 -0.214781 -0.109769
0.141007 -0.180512 -0.214781 -0.109769
0.137768 -0.180325 -0.214765 -0.109995
0.136912 -0.176411 -0.214855 -0.109712
0.136912 -0.176411 -0.214855 -0.109712
0.133799 -0.158736 -0.21745 -0.113668
0.133799 -0.158736 -0.21745 -0.113668
0.133425 -0.15901 -0.217722 -0.113134
0.12778 -0.153519 -0.219114 -0.117267
0.12778 -0.153519 -0.219114 -0.117267
0.12778 -0.153519 -0.219114 -0.117267
0.128738 -0.146807 -0.219895 -0.119267
0.126862 -0.146193 -0.220873 -0.119804
0.126862 -0.146193 -0.220873 -0.119804
0.127252 -0.143167 -0.220609 -0.121335
0.127357 -0.140482 -0.220413 -0.122284
0.127363 -0.140461 -0.220413 -0.122284
0.12666 -0.138785 -0.221501 -0.124457
0.117676 -0.118486 -0.228319 -0.117241
0.117676 -0.118486 -0.228319 -0.117241
0.117692 -0.116203 -0.22824 -0.115878
0.11693 -0.115753 -0.22902 -0.11548
0.117123 -0.114606 -0.228993 -0.11429
0.116857 -0.11386 -0.229347 -0.113557
0.116899 -0.112968 -0.229798 -0.112656
0.116897 -0.112973 -0.229526 -0.112375
0.116086 -0.111883 -0.230362 -0.111601
0.115686 -0.111473 -0.231298 -0.110821
0.115686 -0.111473 -0.231298 -0.110821
0.115276 -0.110319 -0.231609 -0.110279
0.115008 -0.109875 -0.231726 -0.109627
0.114216 -0.109283 -0.232383 -0.108873
0.114216 -0.109283 -0.232383 -0.108873
0.114214 -0.108782 -0.232702 -0.108544
0.113362 -0.108132 -0.233638 -0.107736
0.113362 -0.108132 -0.233638 -0.107736
0.113362 -0.108132 -0.233638 -0.107736
0.113034 -0.107974 -0.233989 -0.10751
0.113022 -0.107991 -0.233942 -0.107461
0.11255 -0.10762 -0.234531 -0.107183
0.112296 -0.107472 -0.234813 -0.107043
0.112027 -0.107316 -0.235321 -0.106775
0.112027 -0.107316 -0.235321 -0.106775
0.111583 -0.107113 -0.235614 -0.106735
0.111329 -0.107016 -0.235896 -0.106602
0.111329 -0.107016 -0.235896 -0.106602
0.110825 -0.107002 -0.236425 -0.106455
0.110657 -0.106938 -0.236622 -0.106481
0.110657 -0.106938 -0.236622 -0.106481
0.110287 -0.106801 -0.23707 -0.106457
0.110287 -0.106801 -0.237169 -0.106551
0.109958 -0.106749 -0.237446 -0.106537
0.109774 -0.10676 -0.237645 -0.106563
0.109594 -0.106778 -0.237839 -0.1066
0.109594 -0.106778 -0.237839 -0.1066
0.109346 -0.10694 -0.238066 -0.106592
0.109054 -0.106966 -0.238373 -0.106769
0.108844 -0.107071 -0.238699 -0.106917
0.108836 -0.107102 -0.238699 -0.106917
0.108555 -0.107199 -0.238814 -0.107017
0.108394 -0.107293 -0.238938 -0.107116
0.108049 -0.107561 -0.239245 -0.107285
0.107931 -0.107622 -0.239241 -0.107454
0.107774 -0.107736 -0.239188 -0.10747
0.107782 -0.107745 -0.239324 -0.107595
0.107603 -0.107955 -0.239564 -0.107812
0.107354 -0.108151 -0.239484 -0.107995
0.107354 -0.108151 -0.239484 -0.107995
