-5.45558e-16 0 9.81982e-17 -2.22365e-15 0 5.48319e-16 0 -7.83275e-16 0
0.0018518 0 -0.00116021 1.8518e-05 0 -1.16021e-05 0 1.25702e-05 0
0.00370361 0 -0.00232042 3.70361e-05 0 -2.32042e-05 0 2.51405e-05 0
0.00555541 0 -0.00348062 5.55541e-05 0 -3.48062e-05 0 3.77107e-05 0
0.00740722 0 -0.00464083 7.40722e-05 0 -4.64083e-05 0 5.0281e-05 0
0.00925902 0 -0.00580104 9.25902e-05 0 -5.80104e-05 0 6.28512e-05 0
0.0111108 0 -0.00696125 0.000111108 0 -6.96125e-05 0 7.54215e-05 0
0.0129626 0 -0.00812146 0.000129626 0 -8.12146e-05 0 8.79917e-05 0
0.0148144 0 -0.00928167 0.000148144 0 -9.28167e-05 0 0.000100562 0
0.0166662 0 -0.0104419 0.000166662 0 -0.000104419 0 0.000113132 0
0.018518 0 -0.0116021 0.00018518 0 -0.000116021 0 0.000125702 0
0.0201344 0 -0.0126877 0.000218462 0 -0.000137602 0 0.000146491 0
0.0217316 0 -0.0137673 0.000252951 0 -0.000159999 0 0.000167952 0
0.0233287 0 -0.0148468 0.000287441 0 -0.000182397 0 0.000189413 0
0.0249259 0 -0.0159263 0.00032193 0 -0.000204794 0 0.000210874 0
0.026523 0 -0.0170059 0.00035642 0 -0.000227192 0 0.000232335 0
0.0281202 0 -0.0180854 0.000390909 0 -0.000249589 0 0.000253795 0
0.0297173 0 -0.019165 0.000425399 0 -0.000271987 0 0.000275256 0
0.0313144 0 -0.0202445 0.000459888 0 -0.000294384 0 0.000296717 0
0.0329116 0 -0.021324 0.000494378 0 -0.000316782 0 0.000318178 0
0.0345087 0 -0.0224036 0.000528867 0 -0.000339179 0 0.000339639 0
0.0359036 0 -0.0234173 0.00057489 0 -0.000370081 0 0.000365803 0
0.0372625 0 -0.0244192 0.000622968 0 -0.000402497 0 0.000392804 0
0.0386213 0 -0.0254211 0.000671046 0 -0.000434914 0 0.000419806 0
0.0399802 0 -0.0264231 0.000719124 0 -0.000467331 0 0.000446807 0
0.041339 0 -0.027425 0.000767202 0 -0.000499748 0 0.000473809 0
0.0426979 0 -0.0284269 0.000815279 0 -0.000532164 0 0.000500811 0
0.0440567 0 -0.0294288 0.000863357 0 -0.000564581 0 0.000527812 0
0.0454156 0 -0.0304308 0.000911435 0 -0.000596998 0 0.000554814 0
0.0467744 0 -0.0314327 0.000959513 0 -0.000629415 0 0.000581815 0
0.0481332 0 -0.0324346 0.00100759 0 -0.000661832 0 0.000608817 0
0.0493198 0 -0.0333779 0.00106445 0 -0.000701407 0 0.000637701 0
0.0504558 0 -0.0343039 0.00112389 0 -0.000743084 0 0.000667138 0
0.0515918 0 -0.0352299 0.00118333 0 -0.000784761 0 0.000696575 0
0.0527277 0 -0.0361559 0.00124276 0 -0.000826438 0 0.000726012 0
0.0538637 0 -0.0370818 0.0013022 0 -0.000868114 0 0.000755449 0
0.0549997 0 -0.0380078 0.00136164 0 -0.000909791 0 0.000784886 0
0.0561357 0 -0.0389338 0.00142108 0 -0.000951468 0 0.000814323 0
0.0572717 0 -0.0398598 0.00148052 0 -0.000993145 0 0.00084376 0
0.0584076 0 -0.0407858 0.00153995 0 -0.00103482 0 0.000873197 0
0.0595436 0 -0.0417118 0.00159939 0 -0.0010765 0 0.000902633 0
0.0605343 0 -0.0425852 0.0016653 0 -0.00112411 0 0.000931721 0
0.0614619 0 -0.0434358 0.00173401 0 -0.00117429 0 0.000960658 0
0.0623896 0 -0.0442865 0.00180273 0 -0.00122447 0 0.000989594 0
0.0633172 0 -0.0451371 0.00187144 0 -0.00127466 0 0.00101853 0
0.0642448 0 -0.0459877 0.00194016 0 -0.00132484 0 0.00104747 0
0.0651725 0 -0.0468383 0.00200887 0 -0.00137502 0 0.0010764 0
0.0661001 0 -0.0476889 0.00207758 0 -0.0014252 0 0.00110534 0
0.0670277 0 -0.0485395 0.0021463 0 -0.00147539 0 0.00113428 0
0.0679554 0 -0.0493901 0.00221501 0 -0.00152557 0 0.00116321 0
0.068883 0 -0.0502407 0.00228373 0 -0.00157575 0 0.00119215 0
0.0696896 0 -0.0510442 0.002357 0 -0.00163075 0 0.00121901 0
0.0704225 0 -0.051819 0.00243304 0 -0.00168869 0 0.00124462 0
0.0711554 0 -0.0525939 0.00250908 0 -0.00174662 0 0.00127022 0
0.0718884 0 -0.0533687 0.00258513 0 -0.00180455 0 0.00129583 0
0.0726213 0 -0.0541436 0.00266117 0 -0.00186248 0 0.00132143 0
0.0733543 0 -0.0549184 0.00273722 0 -0.00192041 0 0.00134703 0
0.0740872 0 -0.0556933 0.00281326 0 -0.00197834 0 0.00137264 0
0.0748202 0 -0.0564681 0.0028893 0 -0.00203627 0 0.00139824 0
0.0755531 0 -0.057243 0.00296535 0 -0.0020942 0 0.00142385 0
0.0762861 0 -0.0580178 0.00304139 0 -0.00215214 0 0.00144945 0
0.0769197 0 -0.0587507 0.00312044 0 -0.00221388 0 0.00147172 0
0.0774708 0 -0.0594486 0.003202 0 -0.00227879 0 0.0014912 0
0.0780219 0 -0.0601466 0.00328355 0 -0.0023437 0 0.00151069 0
0.078573 0 -0.0608446 0.00336511 0 -0.00240861 0 0.00153018 0
0.0791241 0 -0.0615425 0.00344666 0 -0.00247352 0 0.00154966 0
0.0796752 0 -0.0622405 0.00352822 0 -0.00253843 0 0.00156915 0
0.0802263 0 -0.0629385 0.00360977 0 -0.00260335 0 0.00158864 0
0.0807774 0 -0.0636365 0.00369133 0 -0.00266826 0 0.00160813 0
0.0813285 0 -0.0643344 0.00377288 0 -0.00273317 0 0.00162761 0
0.0818796 0 -0.0650324 0.00385443 0 -0.00279808 0 0.0016471 0
0.0823509 0 -0.0656934 0.00393778 0 -0.0028659 0 0.0016624 0
0.0827322 0 -0.0663128 0.00402315 0 -0.00293701 0 0.00167298 0
0.0831136 0 -0.0669322 0.00410852 0 -0.00300811 0 0.00168356 0
0.0834949 0 -0.0675516 0.00419389 0 -0.00307922 0 0.00169415 0
0.0838763 0 -0.0681711 0.00427926 0 -0.00315032 0 0.00170473 0
0.0842576 0 -0.0687905 0.00436462 0 -0.00322143 0 0.00171531 0
0.084639 0 -0.0694099 0.00444999 0 -0.00329254 0 0.00172589 0
0.0850203 0 -0.0700293 0.00453536 0 -0.00336364 0 0.00173648 0
0.0854017 0 -0.0706487 0.00462073 0 -0.00343475 0 0.00174706 0
0.085783 0 -0.0712681 0.0047061 0 -0.00350585 0 0.00175764 0
0.0861019 0 -0.0718556 0.00479235 0 -0.00357908 0 0.00176359 0
0.0863249 0 -0.0723943 0.00487994 0 -0.00365558 0 0.00176244 0
0.0865478 0 -0.072933 0.00496754 0 -0.00373207 0 0.00176128 0
0.0867708 0 -0.0734717 0.00505514 0 -0.00380856 0 0.00176013 0
0.0869938 0 -0.0740104 0.00514274 0 -0.00388505 0 0.00175897 0
0.0872168 0 -0.0745491 0.00523034 0 -0.00396154 0 0.00175782 0
0.0874398 0 -0.0750878 0.00531793 0 -0.00403804 0 0.00175667 0
0.0876628 0 -0.0756265 0.00540553 0 -0.00411453 0 0.00175551 0
0.0878858 0 -0.0761652 0.00549313 0 -0.00419102 0 0.00175436 0
0.0881088 0 -0.0767039 0.00558073 0 -0.00426751 0 0.0017532 0
0.0882847 0 -0.077216 0.00566857 0 -0.00434546 0 0.00174737 0
0.08836 0 -0.0776715 0.00575692 0 -0.0044265 0 0.00173157 0
0.0884354 0 -0.078127 0.00584527 0 -0.00450755 0 0.00171576 0
0.0885108 0 -0.0785825 0.00593362 0 -0.0045886 0 0.00169996 0
0.0885861 0 -0.079038 0.00602197 0 -0.00466965 0 0.00168415 0
0.0886615 0 -0.0794935 0.00611033 0 -0.00475069 0 0.00166835 0
0.0887369 0 -0.079949 0.00619868 0 -0.00483174 0 0.00165255 0
0.0888123 0 -0.0804044 0.00628703 0 -0.00491279 0 0.00163674 0
0.0888876 0 -0.0808599 0.00637538 0 -0.00499383 0 0.00162094 0
0.088963 0 -0.0813154 0.00646373 0 -0.00507488 0 0.00160513 0
0.0890049 0 -0.08175 0.00655193 0 -0.00515683 0 0.00158502 0
0.0889428 0 -0.0821195 0.00663967 0 -0.00524157 0 0.00155154 0
0.0888807 0 -0.0824891 0.0067274 0 -0.00532631 0 0.00151807 0
0.0888185 0 -0.0828587 0.00681513 0 -0.00541106 0 0.00148459 0
0.0887564 0 -0.0832282 0.00690286 0 -0.0054958 0 0.00145111 0
0.0886943 0 -0.0835978 0.00699059 0 -0.00558054 0 0.00141763 0
0.0886322 0 -0.0839674 0.00707832 0 -0.00566528 0 0.00138415 0
0.0885701 0 -0.0843369 0.00716605 0 -0.00575003 0 0.00135067 0
0.088508 0 -0.0847065 0.00725378 0 -0.00583477 0 0.0013172 0
0.0884459 0 -0.0850761 0.00734151 0 -0.00591951 0 0.00128372 0
0.0883623 0 -0.0854307 0.00742892 0 -0.00600473 0 0.00124674 0
0.0881722 0 -0.0857115 0.00751475 0 -0.00609228 0 0.00119243 0
0.0879822 0 -0.0859922 0.00760058 0 -0.00617983 0 0.00113811 0
0.0877922 0 -0.086273 0.00768641 0 -0.00626738 0 0.0010838 0
0.0876022 0 -0.0865537 0.00777224 0 -0.00635493 0 0.00102949 0
0.0874122 0 -0.0868345 0.00785807 0 -0.00644248 0 0.000975179 0
0.0872221 0 -0.0871153 0.0079439 0 -0.00653003 0 0.000920867 0
0.0870321 0 -0.087396 0.00802974 0 -0.00661758 0 0.000866556 0
0.0868421 0 -0.0876768 0.00811557 0 -0.00670513 0 0.000812244 0
0.0866521 0 -0.0879575 0.0082014 0 -0.00679268 0 0.000757932 0
0.0864511 0 -0.0882298 0.00828694 0 -0.0068804 0 0.000701389 0
0.0861422 0 -0.0884188 0.00836968 0 -0.00696984 0 0.000622931 0
0.0858333 0 -0.0886078 0.00845242 0 -0.00705928 0 0.000544473 0
0.0855244 0 -0.0887968 0.00853517 0 -0.00714872 0 0.000466015 0
0.0852156 0 -0.0889859 0.00861791 0 -0.00723816 0 0.000387557 0
0.0849067 0 -0.0891749 0.00870065 0 -0.0073276 0 0.000309099 0
0.0845978 0 -0.0893639 0.00878339 0 -0.00741704 0 0.000230641 0
0.0842889 0 -0.0895529 0.00886613 0 -0.00750648 0 0.000152183 0
0.08398 0 -0.0897419 0.00894887 0 -0.00759593 0 7.37252e-05 0
0.0836712 0 -0.0899309 0.00903162 0 -0.00768537 0 -4.73281e-06 0
0.0833604 0 -0.0901183 0.00911429 0 -0.00777482 0 -8.36551e-05 0
0.0829412 0 -0.0902126 0.00919284 0 -0.0078652 0 -0.000189741 0
0.0825221 0 -0.0903069 0.00927139 0 -0.00795559 0 -0.000295826 0
0.0821029 0 -0.0904012 0.00934994 0 -0.00804597 0 -0.000401912 0
0.0816837 0 -0.0904955 0.00942849 0 -0.00813635 0 -0.000507998 0
0.0812645 0 -0.0905898 0.00950704 0 -0.00822674 0 -0.000614083 0
0.0808453 0 -0.0906841 0.00958559 0 -0.00831712 0 -0.000720169 0
0.0804261 0 -0.0907784 0.00966414 0 -0.0084075 0 -0.000826255 0
0.0800069 0 -0.0908727 0.00974269 0 -0.00849789 0 -0.00093234 0
0.0795877 0 -0.090967 0.00982124 0 -0.00858827 0 -0.00103843 0
0.0791685 0 -0.0910613 0.00989979 0 -0.00867865 0 -0.00114451 0
0.0786531 0 -0.0910638 0.00997343 0 -0.00876901 0 -0.00128004 0
0.0781317 0 -0.0910604 0.0100468 0 -0.00885936 0 -0.00141742 0
0.0776102 0 -0.0910571 0.0101201 0 -0.00894971 0 -0.00155479 0
0.0770888 0 -0.0910538 0.0101934 0 -0.00904006 0 -0.00169216 0
0.0765674 0 -0.0910505 0.0102668 0 -0.00913041 0 -0.00182954 0
0.0760459 0 -0.0910472 0.0103401 0 -0.00922076 0 -0.00196691 0
0.0755245 0 -0.0910439 0.0104134 0 -0.00931111 0 -0.00210428 0
0.075003 0 -0.0910406 0.0104868 0 -0.00940146 0 -0.00224165 0
0.0744816 0 -0.0910373 0.0105601 0 -0.00949181 0 -0.00237903 0
0.0739601 0 -0.091034 0.0106334 0 -0.00958216 0 -0.0025164 0
0.0733568 0 -0.0909438 0.0107014 0 -0.00967161 0 -0.00268418 0
0.0727406 0 -0.0908401 0.0107686 0 -0.00976092 0 -0.00285668 0
0.0721245 0 -0.0907364 0.0108358 0 -0.00985024 0 -0.00302919 0
0.0715084 0 -0.0906327 0.010903 0 -0.00993955 0 -0.00320169 0
0.0708923 0 -0.090529 0.0109701 0 -0.0100289 0 -0.0033742 0
0.0702762 0 -0.0904253 0.0110373 0 -0.0101182 0 -0.0035467 0
0.0696601 0 -0.0903216 0.0111045 0 -0.0102075 0 -0.0037192 0
0.0690439 0 -0.0902179 0.0111717 0 -0.0102968 0 -0.00389171 0
0.0684278 0 -0.0901142 0.0112388 0 -0.0103861 0 -0.00406421 0
0.0678117 0 -0.0900105 0.011306 0 -0.0104754 0 -0.00423672 0
0.0671264 0 -0.0898254 0.0113676 0 -0.0105631 0 -0.00444016 0
0.0664227 0 -0.0896186 0.0114278 0 -0.0106504 0 -0.00465182 0
0.065719 0 -0.0894119 0.0114879 0 -0.0107376 0 -0.00486349 0
0.0650153 0 -0.0892051 0.011548 0 -0.0108248 0 -0.00507515 0
0.0643116 0 -0.0889984 0.0116082 0 -0.0109121 0 -0.00528682 0
0.0636079 0 -0.0887916 0.0116683 0 -0.0109993 0 -0.00549848 0
0.0629042 0 -0.0885849 0.0117285 0 -0.0110866 0 -0.00571015 0
0.0622004 0 -0.0883781 0.0117886 0 -0.0111738 0 -0.00592182 0
0.0614967 0 -0.0881713 0.0118487 0 -0.0112611 0 -0.00613348 0
0.060793 0 -0.0879646 0.0119089 0 -0.0113483 0 -0.00634515 0
0.0600315 0 -0.0876825 0.0119634 0 -0.0114333 0 -0.0065878 0
0.0592467 0 -0.0873702 0.0120157 0 -0.0115175 0 -0.00684285 0
0.058462 0 -0.0870579 0.012068 0 -0.0116016 0 -0.00709789 0
0.0576773 0 -0.0867456 0.0121203 0 -0.0116857 0 -0.00735294 0
0.0568926 0 -0.0864333 0.0121726 0 -0.0117698 0 -0.00760798 0
0.0561078 0 -0.086121 0.0122248 0 -0.011854 0 -0.00786303 0
0.0553231 0 -0.0858087 0.0122771 0 -0.0119381 0 -0.00811807 0
0.0545384 0 -0.0854964 0.0123294 0 -0.0120222 0 -0.00837312 0
0.0537537 0 -0.0851841 0.0123817 0 -0.0121063 0 -0.00862816 0
0.0529689 0 -0.0848718 0.012434 0 -0.0121904 0 -0.00888321 0
0.0521363 0 -0.0844907 0.0124808 0 -0.0122719 0 -0.00916877 0
0.0512766 0 -0.0840705 0.0125245 0 -0.0123518 0 -0.0094716 0
0.050417 0 -0.0836504 0.0125682 0 -0.0124317 0 -0.00977443 0
0.0495573 0 -0.0832303 0.0126119 0 -0.0125116 0 -0.0100773 0
0.0486976 0 -0.0828101 0.0126556 0 -0.0125916 0 -0.0103801 0
0.0478379 0 -0.08239 0.0126993 0 -0.0126715 0 -0.0106829 0
0.0469782 0 -0.0819699 0.012743 0 -0.0127514 0 -0.0109857 0
0.0461185 0 -0.0815498 0.0127867 0 -0.0128313 0 -0.0112886 0
0.0452588 0 -0.0811296 0.0128304 0 -0.0129113 0 -0.0115914 0
0.0443991 0 -0.0807095 0.012874 0 -0.0129912 0 -0.0118942 0
0.0435002 0 -0.0802275 0.0129125 0 -0.0130681 0 -0.0122265 0
0.0425711 0 -0.0796974 0.0129469 0 -0.0131427 0 -0.0125817 0
0.0416419 0 -0.0791673 0.0129813 0 -0.0132174 0 -0.0129369 0
0.0407127 0 -0.0786372 0.0130157 0 -0.013292 0 -0.0132921 0
0.0397835 0 -0.0781072 0.0130501 0 -0.0133666 0 -0.0136473 0
0.0388543 0 -0.0775771 0.0130845 0 -0.0134412 0 -0.0140025 0
0.0379251 0 -0.077047 0.0131189 0 -0.0135158 0 -0.0143577 0
0.0369959 0 -0.0765169 0.0131533 0 -0.0135905 0 -0.0147129 0
0.0360667 0 -0.0759869 0.0131877 0 -0.0136651 0 -0.0150681 0
0.0351375 0 -0.0754568 0.0132221 0 -0.0137397 0 -0.0154233 0
0.0341768 0 -0.0748722 0.0132517 0 -0.0138112 0 -0.0158063 0
0.033183 0 -0.0742302 0.0132761 0 -0.0138794 0 -0.0162187 0
0.0321891 0 -0.0735882 0.0133006 0 -0.0139476 0 -0.016631 0
0.0311953 0 -0.0729463 0.0133251 0 -0.0140158 0 -0.0170433 0
0.0302015 0 -0.0723043 0.0133495 0 -0.014084 0 -0.0174557 0
0.0292077 0 -0.0716624 0.013374 0 -0.0141522 0 -0.017868 0
0.0282138 0 -0.0710204 0.0133984 0 -0.0142204 0 -0.0182803 0
0.02722 0 -0.0703784 0.0134229 0 -0.0142886 0 -0.0186926 0
0.0262262 0 -0.0697365 0.0134474 0 -0.0143568 0 -0.019105 0
0.0252324 0 -0.0690945 0.0134718 0 -0.014425 0 -0.0195173 0
0.0242137 0 -0.0684058 0.013492 0 -0.0144901 0 -0.0199552 0
0.0231594 0 -0.0676501 0.0135059 0 -0.0145507 0 -0.0204296 0
0.0221052 0 -0.0668945 0.0135198 0 -0.0146114 0 -0.020904 0
0.0210509 0 -0.0661389 0.0135337 0 -0.014672 0 -0.0213784 0
0.0199967 0 -0.0653833 0.0135476 0 -0.0147327 0 -0.0218528 0
0.0189425 0 -0.0646277 0.0135616 0 -0.0147933 0 -0.0223272 0
0.0178882 0 -0.063872 0.0135755 0 -0.014854 0 -0.0228016 0
0.016834 0 -0.0631164 0.0135894 0 -0.0149146 0 -0.023276 0
0.0157798 0 -0.0623608 0.0136033 0 -0.0149752 0 -0.0237504 0
0.0147255 0 -0.0616052 0.0136172 0 -0.0150359 0 -0.0242248 0
0.0136522 0 -0.0608108 0.0136274 0 -0.0150936 0 -0.0247217 0
0.0125411 0 -0.0599399 0.0136302 0 -0.0151455 0 -0.0252633 0
0.01143 0 -0.0590689 0.013633 0 -0.0151975 0 -0.0258049 0
0.0103189 0 -0.058198 0.0136359 0 -0.0152494 0 -0.0263465 0
0.00920778 0 -0.0573271 0.0136387 0 -0.0153014 0 -0.0268881 0
0.00809668 0 -0.0564561 0.0136415 0 -0.0153533 0 -0.0274297 0
0.00698558 0 -0.0555852 0.0136443 0 -0.0154052 0 -0.0279712 0
0.00587448 0 -0.0547143 0.0136471 0 -0.0154572 0 -0.0285128 0
0.00476337 0 -0.0538434 0.0136499 0 -0.0155091 0 -0.0290544 0
0.00365227 0 -0.0529724 0.0136527 0 -0.015561 0 -0.029596 0
0.00252709 0 -0.052071 0.0136525 0 -0.0156104 0 -0.0301565 0
0.00136195 0 -0.0510832 0.0136436 0 -0.0156525 0 -0.0307705 0
0.000196809 0 -0.0500954 0.0136348 0 -0.0156945 0 -0.0313846 0
-0.000968333 0 -0.0491076 0.013626 0 -0.0157366 0 -0.0319986 0
-0.00213348 0 -0.0481198 0.0136171 0 -0.0157786 0 -0.0326127 0
-0.00329862 0 -0.047132 0.0136083 0 -0.0158207 0 -0.0332267 0
-0.00446376 0 -0.0461442 0.0135994 0 -0.0158627 0 -0.0338408 0
-0.0056289 0 -0.0451564 0.0135906 0 -0.0159048 0 -0.0344549 0
-0.00679404 0 -0.0441686 0.0135817 0 -0.0159469 0 -0.0350689 0
-0.00795919 0 -0.0431808 0.0135729 0 -0.0159889 0 -0.035683 0
-0.00913393 0 -0.0421711 0.0135618 0 -0.0160289 0 -0.0363114 0
-0.010351 0 -0.0410649 0.0135408 0 -0.0160599 0 -0.0370034 0
-0.0115681 0 -0.0399586 0.0135198 0 -0.0160909 0 -0.0376954 0
-0.0127852 0 -0.0388524 0.0134988 0 -0.0161219 0 -0.0383874 0
-0.0140023 0 -0.0377462 0.0134778 0 -0.0161529 0 -0.0390794 0
-0.0152194 0 -0.03664 0.0134568 0 -0.0161839 0 -0.0397714 0
-0.0164365 0 -0.0355338 0.0134357 0 -0.0162149 0 -0.0404634 0
-0.0176536 0 -0.0344276 0.0134147 0 -0.0162459 0 -0.0411554 0
-0.0188707 0 -0.0333213 0.0133937 0 -0.0162769 0 -0.0418474 0
-0.0200878 0 -0.0322151 0.0133727 0 -0.0163079 0 -0.0425394 0
-0.0213104 0 -0.0310958 0.0133503 0 -0.0163375 0 -0.0432405 0
-0.0225781 0 -0.0298696 0.0133166 0 -0.0163563 0 -0.0440161 0
-0.0238458 0 -0.0286434 0.0132829 0 -0.016375 0 -0.0447917 0
-0.0251135 0 -0.0274172 0.0132492 0 -0.0163937 0 -0.0455673 0
-0.0263812 0 -0.0261911 0.0132155 0 -0.0164125 0 -0.0463429 0
-0.0276489 0 -0.0249649 0.0131819 0 -0.0164312 0 -0.0471185 0
-0.0289166 0 -0.0237387 0.0131482 0 -0.0164499 0 -0.0478941 0
-0.0301843 0 -0.0225125 0.0131145 0 -0.0164687 0 -0.0486697 0
-0.0314519 0 -0.0212863 0.0130808 0 -0.0164874 0 -0.0494453 0
-0.0327196 0 -0.0200601 0.0130471 0 -0.0165061 0 -0.0502209 0
-0.033989 0 -0.0188299 0.013013 0 -0.0165244 0 -0.0509994 0
-0.0353067 0 -0.0174821 0.0129661 0 -0.0165297 0 -0.0518645 0
-0.0366244 0 -0.0161343 0.0129192 0 -0.0165349 0 -0.0527295 0
-0.0379421 0 -0.0147865 0.0128724 0 -0.0165402 0 -0.0535946 0
-0.0392598 0 -0.0134387 0.0128255 0 -0.0165454 0 -0.0544596 0
-0.0405775 0 -0.0120909 0.0127786 0 -0.0165507 0 -0.0553246 0
-0.0418952 0 -0.0107431 0.0127318 0 -0.016556 0 -0.0561897 0
-0.0432129 0 -0.00939529 0.0126849 0 -0.0165612 0 -0.0570547 0
-0.0445306 0 -0.0080475 0.012638 0 -0.0165665 0 -0.0579197 0
-0.0458483 0 -0.0066997 0.0125912 0 -0.0165717 0 -0.0587848 0
-0.047166 0 -0.00535191 0.0125443 0 -0.016577 0 -0.0596498 0
-0.0485317 0 -0.00388589 0.0124843 0 -0.0165681 0 -0.0606063 0
-0.0498995 0 -0.00241469 0.0124238 0 -0.0165587 0 -0.0615669 0
-0.0512673 0 -0.000943484 0.0123632 0 -0.0165492 0 -0.0625274 0
-0.0526352 0 0.000527719 0.0123027 0 -0.0165398 0 -0.0634879 0
-0.054003 0 0.00199892 0.0122421 0 -0.0165303 0 -0.0644485 0
-0.0553708 0 0.00347012 0.0121816 0 -0.0165209 0 -0.065409 0
-0.0567386 0 0.00494133 0.012121 0 -0.0165114 0 -0.0663696 0
-0.0581064 0 0.00641253 0.0120605 0 -0.0165019 0 -0.0673301 0
-0.0594742 0 0.00788373 0.012 0 -0.0164925 0 -0.0682907 0
-0.0608421 0 0.00935493 0.0119394 0 -0.016483 0 -0.0692512 0
-0.0622548 0 0.0109368 0.0118664 0 -0.0164595 0 -0.0703016 0
-0.0636736 0 0.0125334 0.0117916 0 -0.0164341 0 -0.0713639 0
-0.0650923 0 0.01413 0.0117169 0 -0.0164086 0 -0.0724262 0
-0.066511 0 0.0157267 0.0116422 0 -0.0163832 0 -0.0734886 0
-0.0679298 0 0.0173233 0.0115674 0 -0.0163578 0 -0.0745509 0
-0.0693485 0 0.0189199 0.0114927 0 -0.0163324 0 -0.0756133 0
-0.0707673 0 0.0205165 0.011418 0 -0.0163069 0 -0.0766756 0
-0.072186 0 0.0221132 0.0113432 0 -0.0162815 0 -0.0777379 0
-0.0736048 0 0.0237098 0.0112685 0 -0.0162561 0 -0.0788003 0
-0.0750235 0 0.0253064 0.0111938 0 -0.0162307 0 -0.0798626 0
-0.0764845 0 0.0270061 0.0111072 0 -0.0161913 0 -0.0810124 0
-0.0779557 0 0.0287304 0.0110177 0 -0.0161487 0 -0.0821831 0
-0.0794268 0 0.0304548 0.0109283 0 -0.016106 0 -0.0833538 0
-0.0808979 0 0.0321791 0.0108388 0 -0.0160633 0 -0.0845244 0
-0.0823691 0 0.0339035 0.0107494 0 -0.0160207 0 -0.0856951 0
-0.0838402 0 0.0356278 0.0106599 0 -0.015978 0 -0.0868658 0
-0.0853113 0 0.0373522 0.0105705 0 -0.0159353 0 -0.0880365 0
-0.0867825 0 0.0390765 0.0104811 0 -0.0158927 0 -0.0892072 0
-0.0882536 0 0.0408009 0.0103916 0 -0.01585 0 -0.0903779 0
-0.0897247 0 0.0425252 0.0103022 0 -0.0158073 0 -0.0915486 0
-0.0912357 0 0.0443449 0.0102016 0 -0.0157511 0 -0.0928035 0
-0.0927612 0 0.0461996 0.0100969 0 -0.0156899 0 -0.0940894 0
-0.0942868 0 0.0480543 0.00999217 0 -0.0156287 0 -0.0953752 0
-0.0958124 0 0.0499091 0.00988747 0 -0.0155675 0 -0.0966611 0
-0.097338 0 0.0517638 0.00978277 0 -0.0155063 0 -0.097947 0
-0.0988636 0 0.0536185 0.00967807 0 -0.0154451 0 -0.0992328 0
-0.100389 0 0.0554733 0.00957337 0 -0.0153838 0 -0.100519 0
-0.101915 0 0.057328 0.00946867 0 -0.0153226 0 -0.101805 0
-0.10344 0 0.0591827 0.00936397 0 -0.0152614 0 -0.10309 0
-0.104966 0 0.0610375 0.00925927 0 -0.0152002 0 -0.104376 0
-0.106529 0 0.0629797 0.00914419 0 -0.015126 0 -0.105742 0
-0.108112 0 0.0649679 0.00902367 0 -0.0150449 0 -0.107151 0
-0.109694 0 0.0669561 0.00890314 0 -0.0149638 0 -0.108559 0
-0.111277 0 0.0689443 0.00878261 0 -0.0148827 0 -0.109967 0
-0.11286 0 0.0709325 0.00866209 0 -0.0148016 0 -0.111375 0
-0.114442 0 0.0729207 0.00854156 0 -0.0147205 0 -0.112783 0
-0.116025 0 0.0749089 0.00842104 0 -0.0146394 0 -0.114191 0
-0.117608 0 0.0768971 0.00830051 0 -0.0145583 0 -0.1156 0
-0.11919 0 0.0788854 0.00817998 0 -0.0144772 0 -0.117008 0
-0.120773 0 0.0808736 0.00805946 0 -0.0143961 0 -0.118416 0
-0.122391 0 0.0829412 0.0079294 0 -0.0143027 0 -0.119899 0
-0.124034 0 0.0850665 0.00779245 0 -0.0142003 0 -0.121437 0
-0.125676 0 0.0871917 0.00765549 0 -0.014098 0 -0.122975 0
-0.127319 0 0.089317 0.00751854 0 -0.0139956 0 -0.124513 0
-0.128962 0 0.0914423 0.00738158 0 -0.0138933 0 -0.126051 0
-0.130605 0 0.0935675 0.00724462 0 -0.0137909 0 -0.127589 0
-0.132248 0 0.0956928 0.00710767 0 -0.0136886 0 -0.129127 0
-0.133891 0 0.097818 0.00697071 0 -0.0135862 0 -0.130665 0
-0.135534 0 0.0999433 0.00683376 0 -0.0134839 0 -0.132203 0
-0.137177 0 0.102069 0.0066968 0 -0.0133815 0 -0.133741 0
-0.138852 0 0.104265 0.00655124 0 -0.0132678 0 -0.135348 0
-0.140559 0 0.106531 0.00639721 0 -0.0131428 0 -0.137024 0
-0.142266 0 0.108798 0.00624319 0 -0.0130177 0 -0.1387 0
-0.143973 0 0.111064 0.00608916 0 -0.0128927 0 -0.140375 0
-0.14568 0 0.113331 0.00593514 0 -0.0127677 0 -0.142051 0
-0.147387 0 0.115597 0.00578111 0 -0.0126427 0 -0.143726 0
-0.149094 0 0.117863 0.00562709 0 -0.0125177 0 -0.145402 0
-0.150801 0 0.12013 0.00547306 0 -0.0123927 0 -0.147078 0
-0.152508 0 0.122396 0.00531904 0 -0.0122677 0 -0.148753 0
-0.154215 0 0.124663 0.00516501 0 -0.0121427 0 -0.150429 0
-0.155951 0 0.126992 0.00500338 0 -0.0120073 0 -0.152167 0
-0.157726 0 0.129404 0.0048316 0 -0.0118582 0 -0.153988 0
-0.159502 0 0.131816 0.00465982 0 -0.011709 0 -0.15581 0
-0.161277 0 0.134228 0.00448804 0 -0.0115599 0 -0.157631 0
-0.163052 0 0.136641 0.00431627 0 -0.0114108 0 -0.159453 0
-0.164827 0 0.139053 0.00414449 0 -0.0112616 0 -0.161274 0
-0.166603 0 0.141465 0.00397271 0 -0.0111125 0 -0.163096 0
-0.168378 0 0.143878 0.00380093 0 -0.0109634 0 -0.164917 0
-0.170153 0 0.14629 0.00362915 0 -0.0108142 0 -0.166739 0
-0.171929 0 0.148702 0.00345738 0 -0.0106651 0 -0.16856 0
-0.17373 0 0.151168 0.00327907 0 -0.0105069 0 -0.170436 0
-0.175578 0 0.153731 0.00308881 0 -0.0103321 0 -0.172412 0
-0.177427 0 0.156295 0.00289854 0 -0.0101574 0 -0.174388 0
-0.179276 0 0.158858 0.00270828 0 -0.0099826 0 -0.176364 0
-0.181124 0 0.161421 0.00251801 0 -0.00980783 0 -0.17834 0
-0.182973 0 0.163985 0.00232775 0 -0.00963306 0 -0.180316 0
-0.184822 0 0.166548 0.00213749 0 -0.00945829 0 -0.182291 0
-0.18667 0 0.169112 0.00194722 0 -0.00928352 0 -0.184267 0
-0.188519 0 0.171675 0.00175696 0 -0.00910875 0 -0.186243 0
-0.190367 0 0.174238 0.00156669 0 -0.00893398 0 -0.188219 0
-0.192238 0 0.176845 0.00137108 0 -0.00875167 0 -0.19024 0
-0.194166 0 0.179566 0.00116154 0 -0.0085497 0 -0.19238 0
-0.196094 0 0.182286 0.000951997 0 -0.00834773 0 -0.194519 0
-0.198021 0 0.185006 0.000742454 0 -0.00814575 0 -0.196659 0
-0.199949 0 0.187727 0.000532911 0 -0.00794378 0 -0.198798 0
-0.201877 0 0.190447 0.000323369 0 -0.00774181 0 -0.200938 0
-0.203805 0 0.193167 0.000113826 0 -0.00753984 0 -0.203077 0
-0.205733 0 0.195888 -9.57167e-05 0 -0.00733787 0 -0.205217 0
-0.207661 0 0.198608 -0.000305259 0 -0.00713589 0 -0.207356 0
-0.209588 0 0.201328 -0.000514802 0 -0.00693392 0 -0.209495 0
-0.211534 0 0.204081 -0.000728406 0 -0.00672613 0 -0.21167 0
-0.213547 0 0.206965 -0.000958087 0 -0.00649533 0 -0.213982 0
-0.215561 0 0.209848 -0.00118777 0 -0.00626452 0 -0.216295 0
-0.217575 0 0.212731 -0.00141745 0 -0.00603372 0 -0.218607 0
-0.219589 0 0.215615 -0.00164713 0 -0.00580291 0 -0.220919 0
-0.221603 0 0.218498 -0.00187681 0 -0.0055721 0 -0.223232 0
-0.223616 0 0.221381 -0.00210649 0 -0.0053413 0 -0.225544 0
-0.22563 0 0.224265 -0.00233617 0 -0.00511049 0 -0.227857 0
-0.227644 0 0.227148 -0.00256585 0 -0.00487969 0 -0.230169 0
-0.229658 0 0.230032 -0.00279553 0 -0.00464888 0 -0.232481 0
-0.231683 0 0.232936 -0.00302787 0 -0.00441423 0 -0.234817 0
-0.233791 0 0.235989 -0.00327863 0 -0.00415289 0 -0.237312 0
-0.235899 0 0.239042 -0.00352939 0 -0.00389156 0 -0.239807 0
-0.238007 0 0.242094 -0.00378014 0 -0.00363023 0 -0.242302 0
-0.240114 0 0.245147 -0.0040309 0 -0.0033689 0 -0.244797 0
-0.242222 0 0.248199 -0.00428166 0 -0.00310757 0 -0.247293 0
-0.24433 0 0.251252 -0.00453242 0 -0.00284623 0 -0.249788 0
-0.246437 0 0.254305 -0.00478317 0 -0.0025849 0 -0.252283 0
-0.248545 0 0.257357 -0.00503393 0 -0.00232357 0 -0.254778 0
-0.250653 0 0.26041 -0.00528469 0 -0.00206224 0 -0.257273 0
-0.252766 0 0.263471 -0.00553656 0 -0.00179928 0 -0.259778 0
-0.254976 0 0.266699 -0.00580943 0 -0.00150567 0 -0.262466 0
-0.257187 0 0.269927 -0.00608229 0 -0.00121206 0 -0.265154 0
-0.259398 0 0.273154 -0.00635515 0 -0.000918451 0 -0.267843 0
-0.261608 0 0.276382 -0.00662802 0 -0.000624843 0 -0.270531 0
-0.263819 0 0.27961 -0.00690088 0 -0.000331234 0 -0.273219 0
-0.26603 0 0.282837 -0.00717375 0 -3.76253e-05 0 -0.275907 0
-0.26824 0 0.286065 -0.00744661 0 0.000255983 0 -0.278595 0
-0.270451 0 0.289293 -0.00771948 0 0.000549592 0 -0.281283 0
-0.272662 0 0.29252 -0.00799234 0 0.000843201 0 -0.283971 0
-0.274873 0 0.295748 -0.00826521 0 0.00113681 0 -0.286659 0
-0.277194 0 0.299151 -0.00856072 0 0.00146363 0 -0.289546 0
-0.279518 0 0.302558 -0.00885683 0 0.00179131 0 -0.292437 0
-0.281841 0 0.305965 -0.00915293 0 0.00211899 0 -0.295328 0
-0.284165 0 0.309372 -0.00944904 0 0.00244667 0 -0.29822 0
-0.286489 0 0.312779 -0.00974514 0 0.00277435 0 -0.301111 0
-0.288813 0 0.316187 -0.0100412 0 0.00310203 0 -0.304003 0
-0.291137 0 0.319594 -0.0103373 0 0.00342971 0 -0.306894 0
-0.293461 0 0.323001 -0.0106335 0 0.0037574 0 -0.309785 0
-0.295785 0 0.326408 -0.0109296 0 0.00408508 0 -0.312677 0
-0.298109 0 0.329815 -0.0112257 0 0.00441276 0 -0.315568 0
-0.300544 0 0.333386 -0.0115438 0 0.0047727 0 -0.318652 0
-0.302992 0 0.336974 -0.0118644 0 0.00513627 0 -0.321757 0
-0.305441 0 0.340563 -0.0121849 0 0.00549984 0 -0.324862 0
-0.307889 0 0.344151 -0.0125055 0 0.00586341 0 -0.327968 0
-0.310337 0 0.34774 -0.0128261 0 0.00622697 0 -0.331073 0
-0.312785 0 0.351329 -0.0131467 0 0.00659054 0 -0.334178 0
-0.315233 0 0.354917 -0.0134673 0 0.00695411 0 -0.337283 0
-0.317681 0 0.358506 -0.0137879 0 0.00731767 0 -0.340388 0
-0.320129 0 0.362095 -0.0141084 0 0.00768124 0 -0.343494 0
-0.322577 0 0.365683 -0.014429 0 0.00804481 0 -0.346599 0
-0.325136 0 0.369419 -0.0147709 0 0.0084394 0 -0.349889 0
-0.327719 0 0.373186 -0.0151173 0 0.00884064 0 -0.353218 0
-0.330301 0 0.376954 -0.0154637 0 0.00924188 0 -0.356548 0
-0.332884 0 0.380721 -0.0158101 0 0.00964312 0 -0.359877 0
-0.335467 0 0.384489 -0.0161565 0 0.0100444 0 -0.363207 0
-0.33805 0 0.388256 -0.0165029 0 0.0104456 0 -0.366536 0
-0.340633 0 0.392023 -0.0168494 0 0.0108468 0 -0.369865 0
-0.343215 0 0.395791 -0.0171958 0 0.0112481 0 -0.373195 0
-0.345798 0 0.399558 -0.0175422 0 0.0116493 0 -0.376524 0
-0.348381 0 0.403325 -0.0178886 0 0.0120506 0 -0.379854 0
-0.35107 0 0.407219 -0.0182554 0 0.0124812 0 -0.383358 0
-0.353796 0 0.411154 -0.0186291 0 0.0129218 0 -0.386922 0
-0.356522 0 0.41509 -0.0190027 0 0.0133624 0 -0.390486 0
-0.359248 0 0.419025 -0.0193764 0 0.013803 0 -0.394049 0
-0.361973 0 0.422961 -0.0197501 0 0.0142436 0 -0.397613 0
-0.364699 0 0.426896 -0.0201237 0 0.0146842 0 -0.401177 0
-0.367425 0 0.430832 -0.0204974 0 0.0151248 0 -0.404741 0
-0.37015 0 0.434768 -0.0208711 0 0.0155654 0 -0.408304 0
-0.372876 0 0.438703 -0.0212447 0 0.016006 0 -0.411868 0
-0.375602 0 0.442639 -0.0216184 0 0.0164466 0 -0.415432 0
-0.378425 0 0.446672 -0.0220114 0 0.0169146 0 -0.419159 0
-0.381295 0 0.450752 -0.0224138 0 0.017396 0 -0.422966 0
-0.384166 0 0.454833 -0.0228161 0 0.0178774 0 -0.426773 0
-0.387037 0 0.458913 -0.0232185 0 0.0183588 0 -0.43058 0
-0.389908 0 0.462994 -0.0236209 0 0.0188402 0 -0.434387 0
-0.392778 0 0.467074 -0.0240233 0 0.0193216 0 -0.438195 0
-0.395649 0 0.471155 -0.0244256 0 0.019803 0 -0.442002 0
-0.39852 0 0.475235 -0.024828 0 0.0202844 0 -0.445809 0
-0.40139 0 0.479316 -0.0252304 0 0.0207658 0 -0.449616 0
-0.404261 0 0.483396 -0.0256328 0 0.0212472 0 -0.453423 0
-0.407212 0 0.487537 -0.0260531 0 0.0217536 0 -0.45738 0
-0.410217 0 0.491718 -0.0264855 0 0.0222768 0 -0.461438 0
-0.413222 0 0.495899 -0.0269179 0 0.0228 0 -0.465496 0
-0.416227 0 0.50008 -0.0273503 0 0.0233232 0 -0.469555 0
-0.419232 0 0.504261 -0.0277828 0 0.0238464 0 -0.473613 0
-0.422237 0 0.508442 -0.0282152 0 0.0243697 0 -0.477671 0
-0.425242 0 0.512623 -0.0286476 0 0.0248929 0 -0.481729 0
-0.428247 0 0.516804 -0.02908 0 0.0254161 0 -0.485787 0
-0.431252 0 0.520985 -0.0295125 0 0.0259393 0 -0.489845 0
-0.434257 0 0.525166 -0.0299449 0 0.0264625 0 -0.493904 0
-0.437314 0 0.529359 -0.0303935 0 0.0270076 0 -0.498095 0
-0.440418 0 0.533562 -0.030857 0 0.0275729 0 -0.502409 0
-0.443523 0 0.537765 -0.0313204 0 0.0281381 0 -0.506723 0
-0.446628 0 0.541968 -0.0317839 0 0.0287033 0 -0.511037 0
-0.449732 0 0.546171 -0.0322474 0 0.0292686 0 -0.515351 0
-0.452837 0 0.550374 -0.0327109 0 0.0298338 0 -0.519665 0
-0.455941 0 0.554578 -0.0331743 0 0.0303991 0 -0.523979 0
-0.459046 0 0.558781 -0.0336378 0 0.0309643 0 -0.528293 0
-0.46215 0 0.562984 -0.0341013 0 0.0315296 0 -0.532607 0
-0.465255 0 0.567187 -0.0345647 0 0.0320948 0 -0.536921 0
-0.468369 0 0.571339 -0.0350421 0 0.0326783 0 -0.541349 0
-0.471494 0 0.575428 -0.0355369 0 0.0332844 0 -0.545919 0
-0.474619 0 0.579517 -0.0360316 0 0.0338905 0 -0.550489 0
-0.477745 0 0.583607 -0.0365263 0 0.0344967 0 -0.555059 0
-0.48087 0 0.587696 -0.037021 0 0.0351028 0 -0.559628 0
-0.483995 0 0.591785 -0.0375158 0 0.0357089 0 -0.564198 0
-0.48712 0 0.595874 -0.0380105 0 0.0363151 0 -0.568768 0
-0.490246 0 0.599963 -0.0385052 0 0.0369212 0 -0.573337 0
-0.493371 0 0.604052 -0.0389999 0 0.0375273 0 -0.577907 0
-0.496496 0 0.608141 -0.0394947 0 0.0381335 0 -0.582477 0
-0.499571 0 0.612102 -0.0400004 0 0.0387534 0 -0.587138 0
-0.502559 0 0.615843 -0.040525 0 0.039397 0 -0.591954 0
-0.505547 0 0.619584 -0.0410496 0 0.0400405 0 -0.596771 0
-0.508535 0 0.623325 -0.0415742 0 0.0406841 0 -0.601587 0
-0.511523 0 0.627067 -0.0420988 0 0.0413276 0 -0.606404 0
-0.514511 0 0.630808 -0.0426235 0 0.0419712 0 -0.61122 0
-0.517499 0 0.634549 -0.0431481 0 0.0426147 0 -0.616037 0
-0.520487 0 0.63829 -0.0436727 0 0.0432583 0 -0.620853 0
-0.523475 0 0.642031 -0.0441973 0 0.0439018 0 -0.625669 0
-0.526463 0 0.645773 -0.0447219 0 0.0445453 0 -0.630486 0
-0.527558 0 0.646991 -0.0452363 0 0.0451747 0 -0.635217 0
-0.524107 0 0.642157 -0.0457264 0 0.0457699 0 -0.639745 0
-0.520657 0 0.637322 -0.0462165 0 0.0463651 0 -0.644272 0
-0.517207 0 0.632487 -0.0467066 0 0.0469603 0 -0.648799 0
-0.513756 0 0.627652 -0.0471967 0 0.0475555 0 -0.653327 0
-0.510306 0 0.622817 -0.0476868 0 0.0481507 0 -0.657854 0
-0.506856 0 0.617982 -0.0481769 0 0.0487459 0 -0.662382 0
-0.503406 0 0.613147 -0.048667 0 0.049341 0 -0.666909 0
-0.499955 0 0.608312 -0.0491571 0 0.0499362 0 -0.671436 0
-0.496505 0 0.603477 -0.0496472 0 0.0505314 0 -0.675964 0
-0.492988 0 0.598866 -0.0501291 0 0.0511183 0 -0.680432 0
-0.489234 0 0.595055 -0.0505817 0 0.0516754 0 -0.684687 0
-0.485479 0 0.591245 -0.0510343 0 0.0522325 0 -0.688942 0
-0.481724 0 0.587435 -0.0514868 0 0.0527896 0 -0.693197 0
-0.477969 0 0.583624 -0.0519394 0 0.0533467 0 -0.697452 0
-0.474215 0 0.579814 -0.0523919 0 0.0539038 0 -0.701707 0
-0.47046 0 0.576004 -0.0528445 0 0.0544609 0 -0.705962 0
-0.466705 0 0.572193 -0.053297 0 0.055018 0 -0.710217 0
-0.46295 0 0.568383 -0.0537496 0 0.0555751 0 -0.714472 0
-0.459196 0 0.564573 -0.0542021 0 0.0561322 0 -0.718727 0
-0.455409 0 0.560888 -0.054649 0 0.0566851 0 -0.722946 0
-0.451433 0 0.557959 -0.0550618 0 0.0572129 0 -0.726948 0
-0.447456 0 0.55503 -0.0554746 0 0.0577407 0 -0.73095 0
-0.44348 0 0.552101 -0.0558874 0 0.0582685 0 -0.734952 0
-0.439503 0 0.549172 -0.0563002 0 0.0587963 0 -0.738954 0
-0.435527 0 0.546242 -0.056713 0 0.0593241 0 -0.742956 0
-0.43155 0 0.543313 -0.0571257 0 0.0598519 0 -0.746958 0
-0.427574 0 0.540384 -0.0575385 0 0.0603797 0 -0.75096 0
-0.423597 0 0.537455 -0.0579513 0 0.0609075 0 -0.754962 0
-0.419621 0 0.534526 -0.0583641 0 0.0614353 0 -0.758964 0
-0.415634 0 0.531646 -0.0587741 0 0.0619616 0 -0.76295 0
-0.411504 0 0.529456 -0.0591456 0 0.0624675 0 -0.76672 0
-0.407374 0 0.527265 -0.0595171 0 0.0629734 0 -0.770489 0
-0.403243 0 0.525075 -0.0598886 0 0.0634793 0 -0.774258 0
-0.399113 0 0.522884 -0.0602601 0 0.0639852 0 -0.778027 0
-0.394983 0 0.520694 -0.0606316 0 0.0644911 0 -0.781797 0
-0.390852 0 0.518503 -0.0610031 0 0.064997 0 -0.785566 0
-0.386722 0 0.516313 -0.0613745 0 0.0655029 0 -0.789335 0
-0.382592 0 0.514122 -0.061746 0 0.0660088 0 -0.793105 0
-0.378461 0 0.511932 -0.0621175 0 0.0665147 0 -0.796874 0
-0.374331 0 0.509741 -0.062489 0 0.0670206 0 -0.800643 0
-0.370037 0 0.508323 -0.0628179 0 0.0675125 0 -0.804196 0
-0.365742 0 0.506911 -0.0631464 0 0.0680043 0 -0.807748 0
-0.361446 0 0.505499 -0.063475 0 0.068496 0 -0.811299 0
-0.35715 0 0.504087 -0.0638035 0 0.0689878 0 -0.81485 0
-0.352855 0 0.502675 -0.064132 0 0.0694796 0 -0.818401 0
-0.348559 0 0.501264 -0.0644606 0 0.0699714 0 -0.821953 0
-0.344264 0 0.499852 -0.0647891 0 0.0704631 0 -0.825504 0
-0.339968 0 0.49844 -0.0651176 0 0.0709549 0 -0.829055 0
-0.335673 0 0.497028 -0.0654461 0 0.0714467 0 -0.832606 0
-0.331377 0 0.495616 -0.0657747 0 0.0719385 0 -0.836157 0
-0.326972 0 0.494803 -0.0660628 0 0.0724233 0 -0.839523 0
-0.322556 0 0.494045 -0.0663471 0 0.0729075 0 -0.842871 0
-0.31814 0 0.493287 -0.0666315 0 0.0733917 0 -0.84622 0
-0.313725 0 0.492529 -0.0669159 0 0.0738759 0 -0.849568 0
-0.309309 0 0.491771 -0.0672003 0 0.0743601 0 -0.852917 0
-0.304893 0 0.491013 -0.0674846 0 0.0748443 0 -0.856265 0
-0.300478 0 0.490255 -0.067769 0 0.0753285 0 -0.859614 0
-0.296062 0 0.489497 -0.0680534 0 0.0758127 0 -0.862962 0
-0.291646 0 0.488739 -0.0683378 0 0.0762969 0 -0.866311 0
-0.287231 0 0.48798 -0.0686221 0 0.0767811 0 -0.869659 0
-0.282743 0 0.487681 -0.0688687 0 0.0772635 0 -0.87285 0
-0.278241 0 0.487468 -0.069108 0 0.0777456 0 -0.876011 0
-0.27374 0 0.487255 -0.0693474 0 0.0782276 0 -0.879171 0
-0.269238 0 0.487043 -0.0695868 0 0.0787097 0 -0.882332 0
-0.264737 0 0.48683 -0.0698261 0 0.0791918 0 -0.885493 0
-0.260236 0 0.486617 -0.0700655 0 0.0796739 0 -0.888654 0
-0.255734 0 0.486404 -0.0703048 0 0.0801559 0 -0.891815 0
-0.251233 0 0.486192 -0.0705442 0 0.080638 0 -0.894976 0
-0.246731 0 0.485979 -0.0707836 0 0.0811201 0 -0.898137 0
-0.24223 0 0.485766 -0.0710229 0 0.0816021 0 -0.901297 0
-0.237682 0 0.485902 -0.0712274 0 0.0820861 0 -0.904326 0
-0.23312 0 0.486144 -0.0714211 0 0.0825705 0 -0.907314 0
-0.228558 0 0.486386 -0.0716149 0 0.083055 0 -0.910302 0
-0.223995 0 0.486628 -0.0718086 0 0.0835395 0 -0.91329 0
-0.219433 0 0.486871 -0.0720024 0 0.084024 0 -0.916278 0
-0.214871 0 0.487113 -0.0721961 0 0.0845085 0 -0.919266 0
-0.210309 0 0.487355 -0.0723898 0 0.084993 0 -0.922253 0
-0.205747 0 0.487597 -0.0725836 0 0.0854775 0 -0.925241 0
-0.201184 0 0.48784 -0.0727773 0 0.085962 0 -0.928229 0
-0.196622 0 0.488082 -0.072971 0 0.0864465 0 -0.931217 0
-0.19203 0 0.488588 -0.073133 0 0.0869353 0 -0.934095 0
-0.187423 0 0.489213 -0.0732807 0 0.087426 0 -0.936924 0
-0.182817 0 0.489838 -0.0734284 0 0.0879168 0 -0.939753 0
-0.178211 0 0.490463 -0.0735761 0 0.0884075 0 -0.942581 0
-0.173604 0 0.491089 -0.0737237 0 0.0888983 0 -0.94541 0
-0.168998 0 0.491714 -0.0738714 0 0.089389 0 -0.948239 0
-0.164392 0 0.492339 -0.0740191 0 0.0898798 0 -0.951067 0
-0.159785 0 0.492964 -0.0741668 0 0.0903705 0 -0.953896 0
-0.155179 0 0.493589 -0.0743144 0 0.0908612 0 -0.956725 0
-0.150573 0 0.494214 -0.0744621 0 0.091352 0 -0.959554 0
-0.145945 0 0.49504 -0.0745813 0 0.0918486 0 -0.962292 0
-0.141305 0 0.495994 -0.0746826 0 0.0923489 0 -0.964974 0
-0.136664 0 0.496947 -0.0747839 0 0.0928491 0 -0.967657 0
-0.132023 0 0.4979 -0.0748851 0 0.0933494 0 -0.970339 0
-0.127383 0 0.498853 -0.0749864 0 0.0938497 0 -0.973021 0
-0.122742 0 0.499806 -0.0750877 0 0.09435 0 -0.975703 0
-0.118101 0 0.500759 -0.0751889 0 0.0948502 0 -0.978385 0
-0.11346 0 0.501712 -0.0752902 0 0.0953505 0 -0.981067 0
-0.10882 0 0.502665 -0.0753915 0 0.0958508 0 -0.98375 0
-0.104179 0 0.503618 -0.0754927 0 0.0963511 0 -0.986432 0
-0.0995215 0 0.504721 -0.0755689 0 0.096858 0 -0.98904 0
-0.0948497 0 0.505953 -0.0756234 0 0.0973705 0 -0.991585 0
-0.090178 0 0.507184 -0.075678 0 0.0978831 0 -0.99413 0
-0.0855063 0 0.508416 -0.0757325 0 0.0983957 0 -0.996676 0
-0.0808346 0 0.509648 -0.0757871 0 0.0989083 0 -0.999221 0
-0.0761629 0 0.51088 -0.0758416 0 0.0994209 0 -1.00177 0
-0.0714911 0 0.512111 -0.0758962 0 0.0999335 0 -1.00431 0
-0.0668194 0 0.513343 -0.0759507 0 0.100446 0 -1.00686 0
-0.0621477 0 0.514575 -0.0760053 0 0.100959 0 -1.0094 0
-0.057476 0 0.515806 -0.0760598 0 0.101471 0 -1.01195 0
-0.0527886 0 0.517154 -0.0760926 0 0.101991 0 -1.01443 0
-0.0480831 0 0.518638 -0.0761001 0 0.102518 0 -1.01685 0
-0.0433777 0 0.520121 -0.0761076 0 0.103046 0 -1.01926 0
-0.0386722 0 0.521604 -0.0761151 0 0.103573 0 -1.02168 0
-0.0339667 0 0.523087 -0.0761226 0 0.1041 0 -1.02409 0
-0.0292612 0 0.524571 -0.0761301 0 0.104628 0 -1.02651 0
-0.0245557 0 0.526054 -0.0761376 0 0.105155 0 -1.02893 0
-0.0198503 0 0.527537 -0.0761451 0 0.105683 0 -1.03134 0
-0.0151448 0 0.529021 -0.0761526 0 0.10621 0 -1.03376 0
-0.0104393 0 0.530504 -0.0761601 0 0.106738 0 -1.03617 0
-0.005718 0 0.53208 -0.0761493 0 0.107272 0 -1.03854 0
-0.000971598 0 0.533804 -0.0761093 0 0.107816 0 -1.04083 0
0.0037748 0 0.535527 -0.0760693 0 0.108361 0 -1.04313 0
0.0085212 0 0.537251 -0.0760294 0 0.108906 0 -1.04542 0
0.0132676 0 0.538975 -0.0759894 0 0.10945 0 -1.04771 0
0.018014 0 0.540698 -0.0759494 0 0.109995 0 -1.05 0
0.0227604 0 0.542422 -0.0759095 0 0.11054 0 -1.0523 0
0.0275068 0 0.544145 -0.0758695 0 0.111084 0 -1.05459 0
0.0322532 0 0.545869 -0.0758295 0 0.111629 0 -1.05688 0
0.0369996 0 0.547593 -0.0757895 0 0.112174 0 -1.05917 0
0.041762 0 0.549391 -0.0757347 0 0.112724 0 -1.06143 0
0.04656 0 0.551354 -0.0756467 0 0.113289 0 -1.0636 0
0.051358 0 0.553317 -0.0755588 0 0.113853 0 -1.06578 0
0.056156 0 0.55528 -0.0754708 0 0.114417 0 -1.06795 0
0.0609539 0 0.557243 -0.0753829 0 0.114982 0 -1.07013 0
0.0657519 0 0.559206 -0.0752949 0 0.115546 0 -1.0723 0
0.0705499 0 0.561169 -0.075207 0 0.11611 0 -1.07448 0
0.0753478 0 0.563132 -0.075119 0 0.116674 0 -1.07665 0
0.0801458 0 0.565095 -0.0750311 0 0.117239 0 -1.07882 0
0.0849438 0 0.567059 -0.0749431 0 0.117803 0 -1.081 0
0.0897571 0 0.56908 -0.0748437 0 0.118372 0 -1.08315 0
0.0946204 0 0.571291 -0.0747072 0 0.118959 0 -1.0852 0
0.0994836 0 0.573503 -0.0745706 0 0.119545 0 -1.08726 0
0.104347 0 0.575714 -0.074434 0 0.120132 0 -1.08932 0
0.10921 0 0.577926 -0.0742974 0 0.120718 0 -1.09138 0
0.114073 0 0.580137 -0.0741608 0 0.121305 0 -1.09344 0
0.118937 0 0.582349 -0.0740243 0 0.121891 0 -1.0955 0
0.1238 0 0.58456 -0.0738877 0 0.122477 0 -1.09756 0
0.128663 0 0.586772 -0.0737511 0 0.123064 0 -1.09962 0
0.133527 0 0.588983 -0.0736145 0 0.12365 0 -1.10168 0
0.138403 0 0.591237 -0.07347 0 0.124241 0 -1.10372 0
0.143348 0 0.593715 -0.073284 0 0.124852 0 -1.10566 0
0.148293 0 0.596193 -0.073098 0 0.125463 0 -1.10761 0
0.153238 0 0.598671 -0.072912 0 0.126074 0 -1.10955 0
0.158183 0 0.601148 -0.0727259 0 0.126685 0 -1.1115 0
0.163128 0 0.603626 -0.0725399 0 0.127296 0 -1.11344 0
0.168073 0 0.606104 -0.0723539 0 0.127908 0 -1.11539 0
0.173018 0 0.608582 -0.0721678 0 0.128519 0 -1.11733 0
0.177963 0 0.61106 -0.0719818 0 0.12913 0 -1.11928 0
0.182908 0 0.613537 -0.0717958 0 0.129741 0 -1.12122 0
0.187862 0 0.61604 -0.0716055 0 0.130355 0 -1.12316 0
0.192907 0 0.618811 -0.071369 0 0.130994 0 -1.12499 0
0.197953 0 0.621582 -0.0711325 0 0.131632 0 -1.12682 0
0.202999 0 0.624352 -0.070896 0 0.132271 0 -1.12865 0
0.208045 0 0.627123 -0.0706595 0 0.13291 0 -1.13048 0
0.213091 0 0.629894 -0.0704231 0 0.133549 0 -1.13231 0
0.218136 0 0.632665 -0.0701866 0 0.134188 0 -1.13413 0
0.223182 0 0.635436 -0.0699501 0 0.134827 0 -1.13596 0
0.228228 0 0.638207 -0.0697136 0 0.135466 0 -1.13779 0
0.233274 0 0.640977 -0.0694771 0 0.136105 0 -1.13962 0
0.23832 0 0.643751 -0.0692402 0 0.136744 0 -1.14145 0
0.243404 0 0.646891 -0.0689529 0 0.137414 0 -1.14314 0
0.248488 0 0.65003 -0.0686655 0 0.138084 0 -1.14482 0
0.253572 0 0.65317 -0.0683782 0 0.138755 0 -1.1465 0
0.258656 0 0.656309 -0.0680909 0 0.139425 0 -1.14819 0
0.26374 0 0.659448 -0.0678035 0 0.140095 0 -1.14987 0
0.268825 0 0.662588 -0.0675162 0 0.140766 0 -1.15156 0
0.273909 0 0.665727 -0.0672289 0 0.141436 0 -1.15324 0
0.278993 0 0.668867 -0.0669415 0 0.142106 0 -1.15492 0
0.284077 0 0.672006 -0.0666542 0 0.142776 0 -1.15661 0
0.289161 0 0.675145 -0.0663669 0 0.143447 0 -1.15829 0
0.294295 0 0.678685 -0.0660316 0 0.14415 0 -1.1598 0
0.299432 0 0.682254 -0.0656929 0 0.144856 0 -1.1613 0
0.304569 0 0.685823 -0.0653542 0 0.145562 0 -1.1628 0
0.309706 0 0.689392 -0.0650155 0 0.146268 0 -1.16431 0
0.314843 0 0.692961 -0.0646768 0 0.146974 0 -1.16581 0
0.31998 0 0.69653 -0.0643381 0 0.14768 0 -1.16731 0
0.325117 0 0.700098 -0.0639994 0 0.148386 0 -1.16881 0
0.330255 0 0.703667 -0.0636607 0 0.149092 0 -1.17031 0
0.335392 0 0.707236 -0.063322 0 0.149798 0 -1.17181 0
0.340529 0 0.710805 -0.0629833 0 0.150504 0 -1.17331 0
0.345732 0 0.714789 -0.0625999 0 0.151245 0 -1.17462 0
0.350946 0 0.718842 -0.0622091 0 0.151991 0 -1.17589 0
0.35616 0 0.722896 -0.0618183 0 0.152738 0 -1.17717 0
0.361374 0 0.726949 -0.0614274 0 0.153484 0 -1.17844 0
0.366588 0 0.731002 -0.0610366 0 0.154231 0 -1.17972 0
0.371802 0 0.735056 -0.0606457 0 0.154977 0 -1.181 0
0.377016 0 0.739109 -0.0602549 0 0.155724 0 -1.18227 0
0.38223 0 0.743162 -0.059864 0 0.15647 0 -1.18355 0
0.387444 0 0.747216 -0.0594732 0 0.157217 0 -1.18482 0
0.392658 0 0.751269 -0.0590824 0 0.157963 0 -1.1861 0
0.39795 0 0.755739 -0.05865 0 0.158746 0 -1.18717 0
0.403263 0 0.760325 -0.058206 0 0.159538 0 -1.18817 0
0.408577 0 0.764912 -0.057762 0 0.16033 0 -1.18918 0
0.41389 0 0.769498 -0.0573181 0 0.161123 0 -1.19018 0
0.419204 0 0.774085 -0.0568741 0 0.161915 0 -1.19119 0
0.424517 0 0.778671 -0.0564301 0 0.162708 0 -1.1922 0
0.429831 0 0.783258 -0.0559861 0 0.1635 0 -1.1932 0
0.435144 0 0.787844 -0.0555422 0 0.164292 0 -1.19421 0
0.440458 0 0.79243 -0.0550982 0 0.165085 0 -1.19522 0
0.445771 0 0.797017 -0.0546542 0 0.165877 0 -1.19622 0
0.45117 0 0.802008 -0.0541719 0 0.166706 0 -1.197 0
0.456603 0 0.807167 -0.0536736 0 0.16755 0 -1.19769 0
0.462037 0 0.812326 -0.0531753 0 0.168394 0 -1.19838 0
0.467471 0 0.817485 -0.0526769 0 0.169238 0 -1.19907 0
0.472904 0 0.822644 -0.0521786 0 0.170082 0 -1.19975 0
0.478338 0 0.827803 -0.0516803 0 0.170926 0 -1.20044 0
0.483772 0 0.832962 -0.051182 0 0.17177 0 -1.20113 0
0.489205 0 0.838121 -0.0506837 0 0.172614 0 -1.20182 0
0.494639 0 0.84328 -0.0501854 0 0.173458 0 -1.2025 0
0.500073 0 0.848439 -0.0496871 0 0.174302 0 -1.20319 0
0.505594 0 0.853976 -0.0491536 0 0.175182 0 -1.20365 0
0.511166 0 0.859736 -0.0485996 0 0.176083 0 -1.20396 0
0.516738 0 0.865495 -0.0480456 0 0.176985 0 -1.20428 0
0.52231 0 0.871255 -0.0474915 0 0.177887 0 -1.2046 0
0.527882 0 0.877014 -0.0469375 0 0.178788 0 -1.20492 0
0.533454 0 0.882774 -0.0463835 0 0.17969 0 -1.20523 0
0.539025 0 0.888533 -0.0458294 0 0.180591 0 -1.20555 0
0.544597 0 0.894293 -0.0452754 0 0.181493 0 -1.20587 0
0.550169 0 0.900052 -0.0447214 0 0.182394 0 -1.20618 0
0.555741 0 0.905812 -0.0441673 0 0.183296 0 -1.2065 0
0.561398 0 0.911912 -0.0435816 0 0.184233 0 -1.20658 0
0.567122 0 0.918287 -0.0429703 0 0.185198 0 -1.20647 0
0.572846 0 0.924661 -0.042359 0 0.186163 0 -1.20636 0
0.57857 0 0.931036 -0.0417477 0 0.187129 0 -1.20626 0
0.584295 0 0.93741 -0.0411365 0 0.188094 0 -1.20615 0
0.590019 0 0.943784 -0.0405252 0 0.189059 0 -1.20604 0
0.595743 0 0.950159 -0.0399139 0 0.190025 0 -1.20593 0
0.601467 0 0.956533 -0.0393026 0 0.19099 0 -1.20582 0
0.607192 0 0.962908 -0.0386914 0 0.191955 0 -1.20571 0
0.612916 0 0.969282 -0.0380801 0 0.19292 0 -1.2056 0
0.618717 0 0.97595 -0.0374406 0 0.193919 0 -1.20526 0
0.624601 0 0.982937 -0.0367705 0 0.194954 0 -1.20467 0
0.630486 0 0.989925 -0.0361004 0 0.19599 0 -1.20407 0
0.63637 0 0.996912 -0.0354303 0 0.197025 0 -1.20348 0
0.642255 0 1.0039 -0.0347601 0 0.19806 0 -1.20288 0
0.648139 0 1.01089 -0.03409 0 0.199095 0 -1.20229 0
0.654024 0 1.01787 -0.0334199 0 0.20013 0 -1.2017 0
0.659908 0 1.02486 -0.0327498 0 0.201165 0 -1.2011 0
0.665793 0 1.03185 -0.0320797 0 0.202201 0 -1.20051 0
0.671677 0 1.03884 -0.0314095 0 0.203236 0 -1.19991 0
0.677626 0 1.04606 -0.030715 0 0.204302 0 -1.1991 0
0.683669 0 1.05364 -0.0299845 0 0.205413 0 -1.19796 0
0.689712 0 1.06122 -0.0292539 0 0.206524 0 -1.19682 0
0.695755 0 1.0688 -0.0285234 0 0.207634 0 -1.19567 0
0.701799 0 1.07637 -0.0277928 0 0.208745 0 -1.19453 0
0.707842 0 1.08395 -0.0270623 0 0.209856 0 -1.19339 0
0.713885 0 1.09153 -0.0263317 0 0.210967 0 -1.19225 0
0.719928 0 1.09911 -0.0256012 0 0.212078 0 -1.1911 0
0.725971 0 1.10669 -0.0248706 0 0.213189 0 -1.18996 0
0.732015 0 1.11426 -0.0241401 0 0.2143 0 -1.18882 0
0.738104 0 1.12202 -0.0233892 0 0.215438 0 -1.18748 0
0.74429 0 1.13013 -0.0225968 0 0.21663 0 -1.18572 0
0.750476 0 1.13825 -0.0218044 0 0.217822 0 -1.18396 0
0.756661 0 1.14637 -0.021012 0 0.219014 0 -1.1822 0
0.762847 0 1.15448 -0.0202196 0 0.220206 0 -1.18045 0
0.769032 0 1.1626 -0.0194272 0 0.221398 0 -1.17869 0
0.775218 0 1.17071 -0.0186348 0 0.22259 0 -1.17693 0
0.781404 0 1.17883 -0.0178424 0 0.223783 0 -1.17517 0
0.787589 0 1.18695 -0.01705 0 0.224975 0 -1.17342 0
0.793775 0 1.19506 -0.0162576 0 0.226167 0 -1.17166 0
0.799986 0 1.20329 -0.0154493 0 0.22738 0 -1.16973 0
0.806274 0 1.21184 -0.014594 0 0.228658 0 -1.16728 0
0.812561 0 1.2204 -0.0137387 0 0.229936 0 -1.16484 0
0.818849 0 1.22895 -0.0128835 0 0.231213 0 -1.16239 0
0.825137 0 1.23751 -0.0120282 0 0.232491 0 -1.15995 0
0.831424 0 1.24606 -0.0111729 0 0.233769 0 -1.1575 0
0.837712 0 1.25461 -0.0103176 0 0.235046 0 -1.15506 0
0.843999 0 1.26317 -0.00946232 0 0.236324 0 -1.15261 0
0.850287 0 1.27172 -0.00860704 0 0.237602 0 -1.15017 0
0.856575 0 1.28028 -0.00775176 0 0.238879 0 -1.14772 0
0.862866 0 1.28888 -0.00688534 0 0.240173 0 -1.14514 0
0.869175 0 1.29769 -0.00596697 0 0.241538 0 -1.14193 0
0.875484 0 1.3065 -0.00504859 0 0.242904 0 -1.13873 0
0.881793 0 1.31531 -0.00413022 0 0.24427 0 -1.13552 0
0.888102 0 1.32412 -0.00321185 0 0.245636 0 -1.13231 0
0.89441 0 1.33293 -0.00229347 0 0.247001 0 -1.1291 0
0.900719 0 1.34174 -0.0013751 0 0.248367 0 -1.12589 0
0.907028 0 1.35055 -0.000456728 0 0.249733 0 -1.12269 0
0.913337 0 1.35936 0.000461645 0 0.251099 0 -1.11948 0
0.919646 0 1.36817 0.00138002 0 0.252464 0 -1.11627 0
0.925942 0 1.37697 0.00230462 0 0.253839 0 -1.11298 0
0.932121 0 1.38571 0.00328478 0 0.255292 0 -1.10893 0
0.9383 0 1.39444 0.00426495 0 0.256745 0 -1.10489 0
0.944478 0 1.40318 0.00524511 0 0.258198 0 -1.10084 0
0.950657 0 1.41191 0.00622527 0 0.259652 0 -1.09679 0
0.956836 0 1.42065 0.00720543 0 0.261105 0 -1.09275 0
0.963015 0 1.42938 0.00818559 0 0.262558 0 -1.0887 0
0.969194 0 1.43812 0.00916575 0 0.264011 0 -1.08465 0
0.975373 0 1.44686 0.0101459 0 0.265464 0 -1.08061 0
0.981552 0 1.45559 0.0111261 0 0.266917 0 -1.07656 0
0.987555 0 1.46381 0.012106 0 0.268367 0 -1.07252 0
0.986764 0 1.45224 0.0130783 0 0.269705 0 -1.06855 0
0.985974 0 1.44066 0.0140506 0 0.271042 0 -1.06458 0
0.985184 0 1.42908 0.0150228 0 0.272379 0 -1.06061 0
0.984393 0 1.41751 0.0159951 0 0.273717 0 -1.05664 0
0.983603 0 1.40593 0.0169673 0 0.275054 0 -1.05267 0
0.982813 0 1.39435 0.0179396 0 0.276391 0 -1.04871 0
0.982023 0 1.38277 0.0189118 0 0.277729 0 -1.04474 0
0.981232 0 1.3712 0.0198841 0 0.279066 0 -1.04077 0
0.980442 0 1.35962 0.0208564 0 0.280403 0 -1.0368 0
0.979652 0 1.34804 0.0218286 0 0.281741 0 -1.03283 0
0.979054 0 1.33666 0.0227953 0 0.28297 0 -1.02895 0
0.978466 0 1.32529 0.0237617 0 0.284194 0 -1.02506 0
0.977878 0 1.31392 0.0247281 0 0.285417 0 -1.02118 0
0.977291 0 1.30256 0.0256944 0 0.286641 0 -1.0173 0
0.976703 0 1.29119 0.0266608 0 0.287865 0 -1.01341 0
0.976115 0 1.27982 0.0276272 0 0.289088 0 -1.00953 0
0.975528 0 1.26845 0.0285936 0 0.290312 0 -1.00565 0
0.97494 0 1.25708 0.02956 0 0.291536 0 -1.00177 0
0.974352 0 1.24571 0.0305264 0 0.292759 0 -0.997884 0
0.973765 0 1.23434 0.0314927 0 0.293983 0 -0.994001 0
0.973317 0 1.22314 0.0324554 0 0.295109 0 -0.990196 0
0.972889 0 1.21196 0.0334175 0 0.296221 0 -0.986403 0
0.972461 0 1.20078 0.0343796 0 0.297333 0 -0.98261 0
0.972033 0 1.1896 0.0353417 0 0.298444 0 -0.978817 0
0.971606 0 1.17842 0.0363038 0 0.299556 0 -0.975024 0
0.971178 0 1.16724 0.0372659 0 0.300668 0 -0.971231 0
0.97075 0 1.15606 0.038228 0 0.30178 0 -0.967438 0
0.970322 0 1.14488 0.0391901 0 0.302892 0 -0.963645 0
0.969895 0 1.1337 0.0401522 0 0.304004 0 -0.959852 0
0.969467 0 1.12252 0.0411143 0 0.305116 0 -0.956059 0
0.969138 0 1.11147 0.042074 0 0.30614 0 -0.95234 0
0.968835 0 1.10046 0.0430331 0 0.307141 0 -0.948639 0
0.968531 0 1.08945 0.0439921 0 0.308143 0 -0.944938 0
0.968228 0 1.07843 0.0449512 0 0.309145 0 -0.941238 0
0.967924 0 1.06742 0.0459103 0 0.310146 0 -0.937537 0
0.96762 0 1.05641 0.0468693 0 0.311148 0 -0.933836 0
0.967317 0 1.0454 0.0478284 0 0.31215 0 -0.930135 0
0.967013 0 1.03438 0.0487875 0 0.313152 0 -0.926435 0
0.96671 0 1.02337 0.0497465 0 0.314153 0 -0.922734 0
0.966406 0 1.01236 0.0507056 0 0.315155 0 -0.919033 0
0.966172 0 1.00145 0.0516632 0 0.316078 0 -0.9154 0
0.965963 0 0.990586 0.0526202 0 0.316971 0 -0.911793 0
0.965755 0 0.979719 0.0535772 0 0.317864 0 -0.908185 0
0.965547 0 0.968852 0.0545341 0 0.318758 0 -0.904578 0
0.965339 0 0.957985 0.0554911 0 0.319651 0 -0.90097 0
0.96513 0 0.947118 0.0564481 0 0.320544 0 -0.897363 0
0.964922 0 0.936251 0.0574051 0 0.321437 0 -0.893756 0
0.964714 0 0.925384 0.0583621 0 0.32233 0 -0.890148 0
0.964506 0 0.914517 0.0593191 0 0.323223 0 -0.886541 0
0.964297 0 0.90365 0.0602761 0 0.324116 0 -0.882934 0
0.964136 0 0.892864 0.0612322 0 0.324939 0 -0.879387 0
0.964 0 0.882122 0.0621878 0 0.325725 0 -0.875873 0
0.963865 0 0.87138 0.0631434 0 0.326511 0 -0.87236 0
0.963729 0 0.860639 0.0640991 0 0.327296 0 -0.868846 0
0.963593 0 0.849897 0.0650547 0 0.328082 0 -0.865332 0
0.963458 0 0.839155 0.0660103 0 0.328868 0 -0.861819 0
0.963322 0 0.828414 0.0669659 0 0.329653 0 -0.858305 0
0.963186 0 0.817672 0.0679216 0 0.330439 0 -0.854791 0
0.963051 0 0.80693 0.0688772 0 0.331225 0 -0.851278 0
0.962915 0 0.796189 0.0698328 0 0.33201 0 -0.847764 0
0.962811 0 0.785509 0.070788 0 0.332735 0 -0.844304 0
0.96273 0 0.774875 0.0717428 0 0.333414 0 -0.840884 0
0.96265 0 0.764241 0.0726976 0 0.334094 0 -0.837464 0
0.962569 0 0.753607 0.0736525 0 0.334773 0 -0.834043 0
0.962489 0 0.742973 0.0746073 0 0.335452 0 -0.830623 0
0.962408 0 0.732339 0.0755621 0 0.336132 0 -0.827203 0
0.962328 0 0.721705 0.0765169 0 0.336811 0 -0.823783 0
0.962247 0 0.711071 0.0774718 0 0.33749 0 -0.820363 0
0.962167 0 0.700437 0.0784266 0 0.33817 0 -0.816943 0
0.962086 0 0.689803 0.0793814 0 0.338849 0 -0.813523 0
0.962027 0 0.679215 0.0803361 0 0.339476 0 -0.810149 0
0.961988 0 0.668674 0.0812905 0 0.34005 0 -0.806822 0
0.96195 0 0.658133 0.0822449 0 0.340624 0 -0.803495 0
0.961912 0 0.647592 0.0831994 0 0.341198 0 -0.800169 0
0.961873 0 0.637051 0.0841538 0 0.341771 0 -0.796842 0
0.961835 0 0.62651 0.0851083 0 0.342345 0 -0.793515 0
0.961797 0 0.61597 0.0860627 0 0.342919 0 -0.790188 0
0.961758 0 0.605429 0.0870171 0 0.343493 0 -0.786861 0
0.96172 0 0.594888 0.0879716 0 0.344067 0 -0.783534 0
0.961682 0 0.584347 0.088926 0 0.344641 0 -0.780207 0
0.961657 0 0.57384 0.0898804 0 0.345171 0 -0.776919 0
0.961651 0 0.56338 0.0908348 0 0.34564 0 -0.773685 0
0.961646 0 0.55292 0.0917892 0 0.346109 0 -0.770451 0
0.96164 0 0.54246 0.0927436 0 0.346579 0 -0.767217 0
0.961635 0 0.532 0.093698 0 0.347048 0 -0.763982 0
0.961629 0 0.521541 0.0946524 0 0.347517 0 -0.760748 0
0.961623 0 0.511081 0.0956067 0 0.347987 0 -0.757514 0
0.961618 0 0.500621 0.0965611 0 0.348456 0 -0.75428 0
0.961612 0 0.490161 0.0975155 0 0.348925 0 -0.751045 0
0.961606 0 0.479701 0.0984699 0 0.349395 0 -0.747811 0
0.96161 0 0.469266 0.0994244 0 0.349828 0 -0.744609 0
0.96163 0 0.458879 0.100379 0 0.350193 0 -0.741466 0
0.961651 0 0.448491 0.101334 0 0.350559 0 -0.738324 0
0.961671 0 0.438103 0.102288 0 0.350924 0 -0.735182 0
0.961691 0 0.427715 0.103243 0 0.35129 0 -0.732039 0
0.961712 0 0.417327 0.104197 0 0.351655 0 -0.728897 0
0.961732 0 0.406939 0.105152 0 0.352021 0 -0.725755 0
0.961752 0 0.396552 0.106106 0 0.352386 0 -0.722612 0
0.961773 0 0.386164 0.107061 0 0.352751 0 -0.71947 0
0.961793 0 0.375776 0.108016 0 0.353117 0 -0.716328 0
0.961819 0 0.365406 0.10897 0 0.353454 0 -0.71321 0
0.961861 0 0.355083 0.109925 0 0.353717 0 -0.710159 0
0.961903 0 0.344761 0.11088 0 0.353979 0 -0.707108 0
0.961944 0 0.334438 0.111835 0 0.354241 0 -0.704056 0
0.961986 0 0.324115 0.11279 0 0.354503 0 -0.701005 0
0.962028 0 0.313793 0.113745 0 0.354765 0 -0.697954 0
0.962069 0 0.30347 0.1147 0 0.355028 0 -0.694902 0
0.962111 0 0.293148 0.115655 0 0.35529 0 -0.691851 0
0.962153 0 0.282825 0.11661 0 0.355552 0 -0.6888 0
0.962194 0 0.272503 0.117565 0 0.355814 0 -0.685749 0
0.962239 0 0.262192 0.118521 0 0.356057 0 -0.682715 0
0.962299 0 0.251929 0.119476 0 0.356216 0 -0.679753 0
0.962359 0 0.241667 0.120432 0 0.356376 0 -0.676792 0
0.962418 0 0.231405 0.121387 0 0.356535 0 -0.67383 0
0.962478 0 0.221143 0.122343 0 0.356695 0 -0.670869 0
0.962537 0 0.210881 0.123299 0 0.356854 0 -0.667907 0
0.962597 0 0.200619 0.124254 0 0.357014 0 -0.664946 0
0.962657 0 0.190357 0.12521 0 0.357174 0 -0.661985 0
0.962716 0 0.180094 0.126165 0 0.357333 0 -0.659023 0
0.962776 0 0.169832 0.127121 0 0.357493 0 -0.656062 0
0.962837 0 0.159577 0.128077 0 0.35764 0 -0.653111 0
0.962912 0 0.149372 0.129033 0 0.357698 0 -0.650237 0
0.962987 0 0.139167 0.129989 0 0.357755 0 -0.647364 0
0.963062 0 0.128962 0.130946 0 0.357813 0 -0.644491 0
0.963137 0 0.118757 0.131902 0 0.35787 0 -0.641618 0
0.963212 0 0.108552 0.132858 0 0.357928 0 -0.638744 0
0.963288 0 0.0983471 0.133815 0 0.357985 0 -0.635871 0
0.963363 0 0.0881421 0.134771 0 0.358043 0 -0.632998 0
0.963438 0 0.0779371 0.135727 0 0.3581 0 -0.630124 0
0.963513 0 0.0677322 0.136684 0 0.358158 0 -0.627251 0
0.963588 0 0.0575295 0.13764 0 0.358211 0 -0.624382 0
0.963677 0 0.0473796 0.138597 0 0.358167 0 -0.621594 0
0.963765 0 0.0372297 0.139555 0 0.358123 0 -0.618807 0
0.963853 0 0.0270798 0.140512 0 0.358079 0 -0.61602 0
0.963942 0 0.0169299 0.141469 0 0.358035 0 -0.613232 0
0.96403 0 0.00677998 0.142426 0 0.357991 0 -0.610445 0
0.964119 0 -0.00336993 0.143384 0 0.357947 0 -0.607658 0
0.964207 0 -0.0135198 0.144341 0 0.357903 0 -0.604871 0
0.964295 0 -0.0236698 0.145298 0 0.357859 0 -0.602083 0
0.964384 0 -0.0338197 0.146255 0 0.357815 0 -0.599296 0
0.964472 0 -0.0439696 0.147213 0 0.357771 0 -0.596509 0
0.964572 0 -0.0540676 0.148171 0 0.35763 0 -0.593802 0
0.964671 0 -0.0641638 0.149129 0 0.357485 0 -0.591098 0
0.964771 0 -0.0742601 0.150087 0 0.35734 0 -0.588394 0
0.964871 0 -0.0843563 0.151045 0 0.357195 0 -0.58569 0
0.96497 0 -0.0944526 0.152004 0 0.35705 0 -0.582986 0
0.96507 0 -0.104549 0.152962 0 0.356905 0 -0.580282 0
0.96517 0 -0.114645 0.15392 0 0.35676 0 -0.577577 0
0.965269 0 -0.124741 0.154878 0 0.356615 0 -0.574873 0
0.965369 0 -0.134838 0.155837 0 0.35647 0 -0.572169 0
0.965469 0 -0.144934 0.156795 0 0.356325 0 -0.569465 0
0.965577 0 -0.154983 0.157754 0 0.356091 0 -0.566832 0
0.965685 0 -0.165027 0.158713 0 0.355846 0 -0.564207 0
0.965794 0 -0.17507 0.159673 0 0.3556 0 -0.561583 0
0.965903 0 -0.185114 0.160632 0 0.355355 0 -0.558958 0
0.966012 0 -0.195157 0.161591 0 0.355109 0 -0.556334 0
0.966121 0 -0.205201 0.162551 0 0.354864 0 -0.553709 0
0.966229 0 -0.215244 0.16351 0 0.354619 0 -0.551085 0
0.966338 0 -0.225288 0.164469 0 0.354373 0 -0.54846 0
0.966447 0 -0.235331 0.165429 0 0.354128 0 -0.545836 0
0.966556 0 -0.245375 0.166388 0 0.353883 0 -0.543211 0
0.96667 0 -0.255376 0.167348 0 0.353556 0 -0.540648 0
0.966785 0 -0.265368 0.168309 0 0.35321 0 -0.538099 0
0.9669 0 -0.27536 0.169269 0 0.352865 0 -0.53555 0
0.967016 0 -0.285351 0.17023 0 0.35252 0 -0.533001 0
0.967131 0 -0.295343 0.17119 0 0.352175 0 -0.530451 0
0.967246 0 -0.305335 0.172151 0 0.351829 0 -0.527902 0
0.967362 0 -0.315326 0.173111 0 0.351484 0 -0.525353 0
0.967477 0 -0.325318 0.174071 0 0.351139 0 -0.522804 0
0.967592 0 -0.33531 0.175032 0 0.350793 0 -0.520254 0
0.967707 0 -0.345302 0.175992 0 0.350448 0 -0.517705 0
0.967825 0 -0.355256 0.176954 0 0.350029 0 -0.515208 0
0.967944 0 -0.365196 0.177915 0 0.349585 0 -0.512728 0
0.968063 0 -0.375137 0.178877 0 0.34914 0 -0.510249 0
0.968182 0 -0.385078 0.179839 0 0.348695 0 -0.50777 0
0.9683 0 -0.395019 0.1808 0 0.348251 0 -0.505291 0
0.968419 0 -0.40496 0.181762 0 0.347806 0 -0.502812 0
0.968538 0 -0.4149 0.182724 0 0.347361 0 -0.500333 0
0.968657 0 -0.424841 0.183685 0 0.346916 0 -0.497854 0
0.968776 0 -0.434782 0.184647 0 0.346472 0 -0.495374 0
0.968894 0 -0.444723 0.185609 0 0.346027 0 -0.492895 0
0.969013 0 -0.45463 0.186571 0 0.345517 0 -0.490459 0
0.969132 0 -0.464521 0.187534 0 0.344973 0 -0.488044 0
0.969251 0 -0.474412 0.188497 0 0.344429 0 -0.485629 0
0.96937 0 -0.484303 0.18946 0 0.343886 0 -0.483214 0
0.969489 0 -0.494194 0.190423 0 0.343342 0 -0.480799 0
0.969608 0 -0.504085 0.191385 0 0.342799 0 -0.478384 0
0.969727 0 -0.513976 0.192348 0 0.342255 0 -0.475969 0
0.969846 0 -0.523867 0.193311 0 0.341711 0 -0.473554 0
0.969965 0 -0.533758 0.194274 0 0.341168 0 -0.471139 0
0.970084 0 -0.543649 0.195237 0 0.340624 0 -0.468724 0
0.970201 0 -0.553512 0.1962 0 0.340023 0 -0.466343 0
0.970316 0 -0.563354 0.197164 0 0.339381 0 -0.463986 0
0.970431 0 -0.573196 0.198128 0 0.338739 0 -0.461628 0
0.970547 0 -0.583039 0.199092 0 0.338097 0 -0.459271 0
0.970662 0 -0.592881 0.200056 0 0.337455 0 -0.456914 0
0.970777 0 -0.602724 0.20102 0 0.336812 0 -0.454556 0
0.970893 0 -0.612566 0.201984 0 0.33617 0 -0.452199 0
0.971008 0 -0.622409 0.202948 0 0.335528 0 -0.449842 0
0.971124 0 -0.632251 0.203912 0 0.334886 0 -0.447484 0
0.971239 0 -0.642094 0.204876 0 0.334244 0 -0.445127 0
0.971351 0 -0.651912 0.205841 0 0.333552 0 -0.442795 0
0.971459 0 -0.661707 0.206806 0 0.332812 0 -0.440489 0
0.971567 0 -0.671503 0.207771 0 0.332072 0 -0.438182 0
0.971675 0 -0.681298 0.208736 0 0.331332 0 -0.435875 0
0.971783 0 -0.691094 0.209701 0 0.330592 0 -0.433568 0
0.971891 0 -0.700889 0.210666 0 0.329852 0 -0.431261 0
0.971999 0 -0.710684 0.211631 0 0.329112 0 -0.428954 0
0.972107 0 -0.72048 0.212597 0 0.328372 0 -0.426647 0
0.972215 0 -0.730275 0.213562 0 0.327632 0 -0.42434 0
0.972323 0 -0.740071 0.214527 0 0.326892 0 -0.422034 0
0.972427 0 -0.749846 0.215492 0 0.32611 0 -0.419745 0
0.972524 0 -0.759596 0.216458 0 0.325272 0 -0.417481 0
0.972621 0 -0.769346 0.217424 0 0.324435 0 -0.415217 0
0.972718 0 -0.779096 0.21839 0 0.323597 0 -0.412953 0
0.972815 0 -0.788846 0.219356 0 0.32276 0 -0.41069 0
0.972912 0 -0.798596 0.220323 0 0.321922 0 -0.408426 0
0.97301 0 -0.808346 0.221289 0 0.321085 0 -0.406162 0
0.973107 0 -0.818096 0.222255 0 0.320247 0 -0.403898 0
0.973204 0 -0.827845 0.223221 0 0.31941 0 -0.401634 0
0.973301 0 -0.837595 0.224187 0 0.318572 0 -0.39937 0
0.973393 0 -0.847329 0.225153 0 0.3177 0 -0.397118 0
0.973476 0 -0.857035 0.22612 0 0.316765 0 -0.394889 0
0.973559 0 -0.866741 0.227087 0 0.315831 0 -0.39266 0
0.973643 0 -0.876447 0.228054 0 0.314896 0 -0.390432 0
0.973726 0 -0.886152 0.229021 0 0.313961 0 -0.388203 0
0.973809 0 -0.895858 0.229988 0 0.313027 0 -0.385974 0
0.973892 0 -0.905564 0.230954 0 0.312092 0 -0.383745 0
0.973975 0 -0.91527 0.231921 0 0.311158 0 -0.381516 0
0.974058 0 -0.924975 0.232888 0 0.310223 0 -0.379287 0
0.974141 0 -0.934681 0.233855 0 0.309289 0 -0.377058 0
0.97422 0 -0.944375 0.234822 0 0.308327 0 -0.374837 0
0.974287 0 -0.954037 0.23579 0 0.307295 0 -0.372635 0
0.974353 0 -0.9637 0.236757 0 0.306264 0 -0.370433 0
0.97442 0 -0.973363 0.237725 0 0.305233 0 -0.368231 0
0.974487 0 -0.983025 0.238692 0 0.304202 0 -0.366029 0
0.974554 0 -0.992688 0.23966 0 0.303171 0 -0.363828 0
0.97462 0 -1.00235 0.240628 0 0.30214 0 -0.361626 0
0.974687 0 -1.01201 0.241595 0 0.301108 0 -0.359424 0
0.974754 0 -1.02168 0.242563 0 0.300077 0 -0.357222 0
0.974821 0 -1.03134 0.24353 0 0.299046 0 -0.35502 0
0.974884 0 -1.04099 0.244498 0 0.297995 0 -0.352822 0
0.974933 0 -1.05061 0.245466 0 0.296867 0 -0.35064 0
0.974982 0 -1.06023 0.246434 0 0.29574 0 -0.348457 0
0.975031 0 -1.06985 0.247402 0 0.294613 0 -0.346274 0
0.97508 0 -1.07947 0.24837 0 0.293485 0 -0.344091 0
0.97513 0 -1.08909 0.249338 0 0.292358 0 -0.341909 0
0.975179 0 -1.09871 0.250306 0 0.29123 0 -0.339726 0
0.975228 0 -1.10833 0.251274 0 0.290103 0 -0.337543 0
0.975277 0 -1.11796 0.252242 0 0.288976 0 -0.33536 0
0.975327 0 -1.12758 0.25321 0 0.287848 0 -0.333177 0
0.975373 0 -1.13719 0.254178 0 0.286708 0 -0.330996 0
0.975406 0 -1.14677 0.255147 0 0.285485 0 -0.328825 0
0.975438 0 -1.15635 0.256115 0 0.284262 0 -0.326653 0
0.97547 0 -1.16592 0.257083 0 0.283039 0 -0.324482 0
0.975502 0 -1.1755 0.258052 0 0.281815 0 -0.32231 0
0.975534 0 -1.18508 0.25902 0 0.280592 0 -0.320139 0
0.975566 0 -1.19466 0.259989 0 0.279369 0 -0.317967 0
0.975598 0 -1.20423 0.260957 0 0.278146 0 -0.315796 0
0.97563 0 -1.21381 0.261925 0 0.276923 0 -0.313624 0
0.975662 0 -1.22339 0.262894 0 0.2757 0 -0.311453 0
0.975693 0 -1.23297 0.263862 0 0.274471 0 -0.309281 0
0.975711 0 -1.2425 0.264831 0 0.273152 0 -0.307113 0
0.975728 0 -1.25203 0.265799 0 0.271834 0 -0.304946 0
0.975745 0 -1.26157 0.266768 0 0.270515 0 -0.302778 0
0.975762 0 -1.2711 0.267736 0 0.269197 0 -0.30061 0
0.97578 0 -1.28064 0.268705 0 0.267878 0 -0.298442 0
0.975797 0 -1.29017 0.269673 0 0.26656 0 -0.296274 0
0.975814 0 -1.29971 0.270642 0 0.265241 0 -0.294106 0
0.975831 0 -1.30924 0.27161 0 0.263923 0 -0.291938 0
0.975849 0 -1.31878 0.272579 0 0.262604 0 -0.28977 0
0.975866 0 -1.32831 0.273547 0 0.261286 0 -0.287603 0
0.975873 0 -1.3378 0.274516 0 0.259874 0 -0.285431 0
0.97588 0 -1.34729 0.275485 0 0.258461 0 -0.28326 0
0.975887 0 -1.35678 0.276453 0 0.257047 0 -0.281088 0
0.975894 0 -1.36627 0.277422 0 0.255634 0 -0.278917 0
0.975901 0 -1.37576 0.278391 0 0.25422 0 -0.276745 0
0.975908 0 -1.38525 0.279359 0 0.252807 0 -0.274573 0
0.975915 0 -1.39474 0.280328 0 0.251394 0 -0.272402 0
0.975922 0 -1.40423 0.281296 0 0.24998 0 -0.27023 0
0.975929 0 -1.41372 0.282265 0 0.248567 0 -0.268059 0
0.975936 0 -1.42321 0.283234 0 0.247154 0 -0.265887 0
0.97594 0 -1.43266 0.284202 0 0.245654 0 -0.263706 0
0.975944 0 -1.4421 0.285171 0 0.244147 0 -0.261524 0
0.975948 0 -1.45154 0.28614 0 0.242639 0 -0.259342 0
0.975951 0 -1.46099 0.287108 0 0.241131 0 -0.25716 0
0.975955 0 -1.47043 0.288077 0 0.239623 0 -0.254978 0
0.975959 0 -1.47987 0.289045 0 0.238115 0 -0.252796 0
0.975963 0 -1.48931 0.290014 0 0.236607 0 -0.250614 0
0.975967 0 -1.49876 0.290983 0 0.2351 0 -0.248432 0
0.975971 0 -1.5082 0.291951 0 0.233592 0 -0.24625 0
0.975975 0 -1.51764 0.29292 0 0.232084 0 -0.244068 0
0.975984 0 -1.52705 0.293889 0 0.230498 0 -0.241872 0
0.975995 0 -1.53644 0.294858 0 0.228896 0 -0.239673 0
0.976006 0 -1.54583 0.295826 0 0.227294 0 -0.237474 0
0.976017 0 -1.55523 0.296795 0 0.225693 0 -0.235275 0
0.976028 0 -1.56462 0.297764 0 0.224091 0 -0.233077 0
0.976039 0 -1.57401 0.298733 0 0.222489 0 -0.230878 0
0.97605 0 -1.58341 0.299701 0 0.220887 0 -0.228679 0
0.97606 0 -1.5928 0.30067 0 0.219286 0 -0.22648 0
0.976071 0 -1.6022 0.301639 0 0.217684 0 -0.224281 0
0.976082 0 -1.61159 0.302608 0 0.216082 0 -0.222082 0
0.976026 0 -1.62129 0.303576 0 0.214406 0 -0.219884 0
0.975949 0 -1.6311 0.304544 0 0.212706 0 -0.217685 0
0.975872 0 -1.6409 0.305512 0 0.211007 0 -0.215486 0
0.975794 0 -1.65071 0.30648 0 0.209307 0 -0.213287 0
0.975717 0 -1.66051 0.307448 0 0.207607 0 -0.211088 0
0.97564 0 -1.67032 0.308416 0 0.205907 0 -0.208889 0
0.975562 0 -1.68012 0.309384 0 0.204207 0 -0.206691 0
0.975485 0 -1.68993 0.310352 0 0.202507 0 -0.204492 0
0.975408 0 -1.69973 0.31132 0 0.200808 0 -0.202293 0
0.97533 0 -1.70954 0.312288 0 0.199108 0 -0.200094 0
0.975252 0 -1.71934 0.313255 0 0.197341 0 -0.197895 0
0.975173 0 -1.72914 0.314222 0 0.195543 0 -0.195696 0
0.975094 0 -1.73895 0.31519 0 0.193746 0 -0.193498 0
0.975015 0 -1.74875 0.316157 0 0.191948 0 -0.191299 0
0.974936 0 -1.75855 0.317124 0 0.19015 0 -0.1891 0
0.974858 0 -1.76836 0.318091 0 0.188352 0 -0.186901 0
0.974779 0 -1.77816 0.319058 0 0.186554 0 -0.184702 0
0.9747 0 -1.78796 0.320025 0 0.184756 0 -0.182503 0
0.974621 0 -1.79776 0.320993 0 0.182959 0 -0.180305 0
0.974542 0 -1.80757 0.32196 0 0.181161 0 -0.178106 0
0.974462 0 -1.81737 0.322927 0 0.179304 0 -0.175907 0
0.974382 0 -1.82717 0.323893 0 0.177408 0 -0.173708 0
0.974302 0 -1.83697 0.324859 0 0.175512 0 -0.171509 0
0.974222 0 -1.84677 0.325826 0 0.173616 0 -0.16931 0
0.974141 0 -1.85657 0.326792 0 0.17172 0 -0.167112 0
0.974061 0 -1.86637 0.327759 0 0.169824 0 -0.164913 0
0.973981 0 -1.87618 0.328725 0 0.167928 0 -0.162714 0
0.9739 0 -1.88598 0.329691 0 0.166033 0 -0.160515 0
0.97382 0 -1.89578 0.330658 0 0.164137 0 -0.158316 0
0.97374 0 -1.90558 0.331624 0 0.162241 0 -0.156117 0
0.973659 0 -1.91538 0.33259 0 0.160293 0 -0.153919 0
0.973577 0 -1.92518 0.333556 0 0.158299 0 -0.15172 0
0.973495 0 -1.93498 0.334521 0 0.156306 0 -0.149521 0
0.973413 0 -1.94478 0.335487 0 0.154312 0 -0.147322 0
0.973332 0 -1.95458 0.336452 0 0.152318 0 -0.145123 0
0.97325 0 -1.96438 0.337418 0 0.150324 0 -0.142924 0
0.973168 0 -1.97418 0.338384 0 0.14833 0 -0.140726 0
0.973087 0 -1.98398 0.339349 0 0.146336 0 -0.138527 0
0.973005 0 -1.99378 0.340315 0 0.144342 0 -0.136328 0
0.972923 0 -2.00357 0.34128 0 0.142349 0 -0.134129 0
0.972841 0 -2.01337 0.342245 0 0.14031 0 -0.13193 0
0.972758 0 -2.02317 0.34321 0 0.138218 0 -0.129731 0
0.972675 0 -2.03297 0.344175 0 0.136127 0 -0.127532 0
0.972591 0 -2.04277 0.34514 0 0.134035 0 -0.125334 0
0.972508 0 -2.05256 0.346104 0 0.131943 0 -0.123135 0
0.972425 0 -2.06236 0.347069 0 0.129851 0 -0.120936 0
0.972342 0 -2.07216 0.348034 0 0.127759 0 -0.118737 0
0.972259 0 -2.08196 0.348999 0 0.125668 0 -0.116538 0
0.972176 0 -2.09175 0.349963 0 0.123576 0 -0.114339 0
0.972093 0 -2.10155 0.350928 0 0.121484 0 -0.112141 0
0.972009 0 -2.11135 0.351893 0 0.119355 0 -0.109942 0
0.971925 0 -2.12114 0.352856 0 0.117165 0 -0.107743 0
0.97184 0 -2.13094 0.35382 0 0.114975 0 -0.105544 0
0.971756 0 -2.14074 0.354784 0 0.112786 0 -0.103345 0
0.971672 0 -2.15053 0.355748 0 0.110596 0 -0.101146 0
0.971587 0 -2.16033 0.356712 0 0.108406 0 -0.0989476 0
0.971503 0 -2.17012 0.357676 0 0.106216 0 -0.0967488 0
0.971418 0 -2.17992 0.35864 0 0.104027 0 -0.0945499 0
0.971334 0 -2.18971 0.359604 0 0.101837 0 -0.0923511 0
0.971249 0 -2.19951 0.360568 0 0.099647 0 -0.0901523 0
0.971165 0 -2.2093 0.361531 0 0.0974276 0 -0.0879534 0
0.971079 0 -2.2191 0.362494 0 0.0951398 0 -0.0857546 0
0.970993 0 -2.22889 0.363457 0 0.0928521 0 -0.0835558 0
0.970907 0 -2.23869 0.36442 0 0.0905644 0 -0.0813569 0
0.970822 0 -2.24848 0.365384 0 0.0882767 0 -0.0791581 0
0.970736 0 -2.25827 0.366347 0 0.085989 0 -0.0769593 0
0.97065 0 -2.26807 0.36731 0 0.0837012 0 -0.0747604 0
0.970564 0 -2.27786 0.368273 0 0.0814135 0 -0.0725616 0
0.970479 0 -2.28766 0.369236 0 0.0791258 0 -0.0703628 0
0.970393 0 -2.29745 0.370199 0 0.0768381 0 -0.0681639 0
0.970307 0 -2.30724 0.371162 0 0.0745282 0 -0.0659651 0
0.97022 0 -2.31703 0.372124 0 0.0721425 0 -0.0637662 0
0.970133 0 -2.32683 0.373086 0 0.0697569 0 -0.0615674 0
0.970046 0 -2.33662 0.374048 0 0.0673712 0 -0.0593686 0
0.969959 0 -2.34641 0.37501 0 0.0649856 0 -0.0571697 0
0.969872 0 -2.3562 0.375972 0 0.0626 0 -0.0549709 0
0.969785 0 -2.36599 0.376935 0 0.0602143 0 -0.0527721 0
0.969698 0 -2.37579 0.377897 0 0.0578287 0 -0.0505732 0
0.969611 0 -2.38558 0.378859 0 0.055443 0 -0.0483744 0
0.969524 0 -2.39537 0.379821 0 0.0530574 0 -0.0461756 0
0.969437 0 -2.40516 0.380783 0 0.050657 0 -0.0439767 0
0.969349 0 -2.41495 0.381744 0 0.0481734 0 -0.0417779 0
0.969261 0 -2.42474 0.382706 0 0.0456899 0 -0.039579 0
0.969172 0 -2.43453 0.383667 0 0.0432064 0 -0.0373802 0
0.969084 0 -2.44432 0.384628 0 0.0407228 0 -0.0351814 0
0.968996 0 -2.45411 0.38559 0 0.0382393 0 -0.0329825 0
0.968908 0 -2.4639 0.386551 0 0.0357557 0 -0.0307837 0
0.96882 0 -2.47369 0.387512 0 0.0332722 0 -0.0285849 0
0.968731 0 -2.48348 0.388474 0 0.0307887 0 -0.026386 0
0.968643 0 -2.49327 0.389435 0 0.0283051 0 -0.0241872 0
0.968555 0 -2.50306 0.390396 0 0.0258142 0 -0.0219884 0
0.968466 0 -2.51285 0.391356 0 0.0232328 0 -0.0197895 0
0.968376 0 -2.52264 0.392317 0 0.0206513 0 -0.0175907 0
0.968287 0 -2.53243 0.393277 0 0.0180699 0 -0.0153919 0
0.968198 0 -2.54221 0.394238 0 0.0154885 0 -0.013193 0
0.968108 0 -2.552 0.395198 0 0.0129071 0 -0.0109942 0
0.968019 0 -2.56179 0.396158 0 0.0103257 0 -0.00879534 0
0.967929 0 -2.57158 0.397119 0 0.00774425 0 -0.00659651 0
0.96784 0 -2.58137 0.398079 0 0.00516284 0 -0.00439767 0
0.967751 0 -2.59115 0.39904 0 0.00258142 0 -0.00219884 0
0.967661 0 -2.60094 0.4 0 -2.19206e-15 0 -1.02728e-15 0
0 0 0 0 0 0 0 4.183e-62 0
