23.9961 48.0923 3.1025 55.2409
25.1027 47.0471 4.10196 54.3896
26.2189 46.044 5.11066 53.5839
27.3426 45.0558 6.12496 52.7954
28.4588 44.0713 7.13757 51.985
31.0241 38.0967 9.25734 47.1379
32.1473 37.1084 10.2552 46.1215
33.4537 34.8403 10.8478 45.054
34.5768 33.8522 11.544 43.506
36.0719 25.4723 12.063 38.6246
37.1923 24.4855 13.0741 37.8365
38.5593 21.1294 14.2111 36.8546
40.2824 19.676 15.6328 35.7196
41.6891 16.2702 16.4122 31.8616
41.9438 13.1893 15.5397 29.1823
42.0888 12.498 16.9593 28.047
41.9647 10.9101 16.8919 26.4177
43.5168 9.53553 16.4112 25.2831
41.2504 7.90531 15.936 24.0087
36.4702 6.92146 15.0636 23.2459
38.0184 5.54391 14.2129 22.3535
36.883 3.67725 13.8054 20.9562
35.5159 1.95348 11.2737 19.5535
37.3053 -1.35207 13.0519 18.0928
33.2424 -2.06408 12.8118 16.5054
31.7545 -3.77302 12.3753 16.1574
27.5206 -6.12293 10.0113 13.498
29.4353 -7.84694 11.785 12.0348
24.3348 -7.81581 11.3503 9.64173
22.8372 -7.8641 13.0353 7.14609
24.5024 -12.5833 14.8086 5.6858
16.4593 -13.8025 6.38829 6.2707
18.6851 -15.8301 8.47773 4.50238
20.9109 -17.8577 10.5672 2.73406
16.3699 -19.1038 8.28811 1.84042
18.5897 -21.1362 10.3749 0.0708404
14.8294 -22.5634 4.78963 -1.04857
17.0075 -24.8671 6.86964 -2.82277
17.0992 -26.2431 7.04299 -4.65997
16.488 -26.8698 6.94758 -5.32133
16.3065 -27.7437 7.11241 -6.72538
18.7062 -29.971 9.36618 -8.89518
15.7319 -29.5443 7.53761 -9.27461
18.2269 -31.5486 9.88661 -11.396
15.2518 -30.955 7.94831 -11.5753
11.2885 -29.4461 5.5167 -11.042
13.7991 -31.2265 7.87163 -13.0405
13.7411 -31.8322 8.10443 -14.1416
13.0863 -32.5414 7.89421 -14.881
13.186 -32.2364 8.05759 -15.4167
12.6282 -31.9955 7.78813 -15.6303
12.9405 -31.2501 5.25569 -15.054
15.6279 -33.7736 7.84854 -17.3874
12.9466 -32.521 8.1409 -17.5672
15.7626 -33.7043 7.97102 -17.6691
13.202 -32.3178 8.12359 -18.2855
9.77662 -30.0448 7.82525 -18.1561
12.6117 -31.0453 7.53845 -18.1137
12.4597 -30.8512 7.58995 -18.5
11.8457 -29.9472 4.54472 -16.7397
11.2939 -29.0443 7.19837 -18.3776
4.64273 -21.6613 1.85556 -13.7035
7.50401 -24.3719 4.65349 -16.2978
10.3653 -27.0825 7.45142 -18.8921
13.2266 -29.7931 10.2494 -21.4863
10.362 -26.0838 8.57586 -20.2322
9.98239 -24.7894 8.7706 -20.1065
6.23085 -19.8497 6.40917 -18.0681
9.29895 -20.6625 9.19872 -20.6733
8.72408 -21.5568 9.36278 -20.7503
8.60362 -20.8027 9.84741 -21.2552
7.8785 -19.1304 9.41666 -22.1996
-4.03744 -4.05853 0.960866 -12.2216
-1.03379 -6.91696 3.93525 -15.0675
2.1964 -7.78514 6.97844 -17.3515
-0.288523 -5.18698 8.55942 -18.3452
-2.89237 -0.81906 9.7403 -18.1804
0.112978 -3.68599 8.32153 -18.656
0.363484 -3.04661 9.2075 -19.3635
3.61166 -3.84685 12.3452 -20.837
0.541571 -1.71988 10.3295 -20.0155
0.432822 -0.828444 10.5733 -19.8621
0.508867 -0.284538 13.7083 -22.9346
-4.49325 6.27893 7.34511 -16.2291
-1.37585 3.31567 10.4807 -19.3074
1.74156 0.352409 13.6163 -22.3857
2.24747 0.691328 14.5916 -23.0487
2.8866 2.79027 15.3096 -23.3572
2.70975 1.63136 15.5465 -23.1651
2.83258 1.82621 15.731 -23.1081
5.95127 -1.14528 18.8645 -26.1942
-19.322 31.8865 0.410119 -6.87917
-16.1249 28.8488 3.68336 -10.1887
-14.2652 27.9748 6.74308 -13.6768
-11.0673 24.9345 10.0153 -16.9887
-9.4974 23.7864 11.8631 -18.7925
-6.29869 20.7437 15.1345 -22.1066
-5.34524 19.5949 15.8113 -22.7161
-3.67057 17.722 17.0188 -23.6771
-2.0234 15.5155 20.4417 -25.8952
-0.147439 12.8632 19.1602 -25.7487
3.06158 9.8165 22.4615 -29.1123
2.82794 8.39268 20.3488 -26.5606
3.94196 6.30727 20.4295 -26.2283
7.17997 3.26169 23.8265 -29.7339
6.71958 1.79618 21.0138 -26.4717
5.4373 1.06219 17.219 -21.8608
8.67277 -1.98774 20.6174 -25.3711
9.92725 -4.39007 20.4721 -24.8581
8.48858 -5.17049 16.1988 -19.6118
11.7223 -8.22326 19.5994 -23.1256
12.6697 -10.0913 19.3073 -22.4085
10.8643 -10.0879 14.8553 -16.9171
14.0862 -13.1897 18.3683 -20.607
17.3108 -16.2992 21.8874 -24.2914
15.5104 -16.1464 17.3235 -18.413
16.4178 -17.893 12.5327 -15.3541
19.651 -20.9022 16.0469 -19.0506
14.9919 -17.9949 12.7692 -9.36557
15.8595 -19.6887 12.3315 -10.8312
19.0893 -22.7028 15.8536 -14.5311
14.5615 -19.2672 8.49395 -5.16597
17.7583 -22.1919 12.1157 -9.03271
20.9615 -25.1115 15.7409 -12.895
21.9031 -26.236 16.284 -13.2184
22.5575 -26.6639 16.5489 -12.8689
19.9824 -24.2793 12.2286 -6.85556
23.1778 -27.2084 15.8566 -10.7288
23.9688 -26.9191 15.9927 -10.4789
24.326 -28.2619 16.2324 -10.258
24.7576 -28.4329 16.219 -9.551
24.9976 -27.1282 11.4138 -5.77934
24.9218 -28.127 15.4865 -7.44927
25.1959 -29.317 15.455 -9.36033
25.2643 -27.822 14.9726 -8.91551
25.4523 -28.9646 19.4038 -8.33324
25.8787 -27.5982 15.8647 -5.88483
29.2616 -28.8192 19.593 -9.92366
26.0836 -26.771 15.8969 -4.79871
25.9533 -25.9831 15.6109 -3.75695
29.3111 -27.3679 19.3429 -7.80543
25.9465 -26.515 15.8121 -3.14429
19.8148 -18.998 9.25101 5.26355
22.8479 -21.6302 13.0643 1.05811
18.0555 -18.2721 16.8785 -3.14307
21.8532 -16.1335 13.463 1.65952
14.6465 -1.14905 11.1571 6.34999
15.2495 -2.39826 13.678 3.54101
18.5819 -3.2234 17.501 -0.684586
19.8622 -3.39549 20.1922 -3.77101
17.5329 -1.09464 18.4756 -1.27194
18.4422 -0.28526 19.8287 -2.97659
21.3755 -2.74002 23.7101 -7.33109
19.1517 -1.05607 21.5965 -4.97145
22.1941 -2.74877 25.4877 -9.34868
22.4266 -2.64305 26.1382 -10.1282
19.493 -0.681522 22.5771 -6.35144
22.4964 -2.63419 26.4701 -10.7347
22.5875 -2.77289 26.6325 -11.0654
19.4085 -0.91613 22.2155 -6.41821
22.3826 -3.05859 26.1104 -10.8078
18.9705 -1.35023 25.9554 -10.8245
21.8627 -2.99993 25.163 -9.97724
21.7328 -3.29617 25.0685 -10.3811
18.2387 -1.31898 20.0769 -5.32282
21.0261 -3.34852 24.034 -9.85943
20.8111 -3.45863 18.3926 -6.74158
23.6441 -5.2207 22.7681 -8.85596
23.0339 -5.43412 26.7294 -13.3925
11.8026 1.45836 10.6704 2.67872
14.5604 -0.717504 14.6332 -1.87486
12.5361 0.277461 15.9555 -3.80111
15.2908 -0.88867 16.5404 -4.54489
15.6373 -1.21633 17.3459 -5.82755
15.5682 -1.04304 17.5191 -6.28678
15.7982 -1.53358 18.3492 -7.95033
15.9556 -1.76926 18.9358 -9.10683
15.7718 -1.76313 18.7829 -9.18159
15.9288 -2.21132 19.3239 -10.5279
16.0073 -2.50969 19.6605 -11.4115
18.6051 -4.19902 23.6841 -16.1164
12.9826 -1.42861 15.0846 -7.38344
12.926 -1.59248 15.3285 -8.42736
15.2729 -3.08629 19.4033 -13.2736
12.8177 -1.7918 15.5536 -9.40554
15.1641 -3.287 19.631 -14.2556
17.5106 -4.7822 23.7083 -19.1057
10.1927 -0.702325 11.8913 -11.8442
12.537 -2.20187 15.9611 -16.7066
14.8812 -3.70141 20.0309 -21.5691
11.3369 -2.22909 18.4013 -15.1581
13.6798 -3.73121 22.4871 -20.0218
15.8861 -4.99566 23.7461 -23.3034
15.6773 -4.49859 24.2629 -20.5328
17.7784 -5.57872 28.4 -25.5285
14.5419 -4.11623 22.5133 -22.9105
13.8214 -3.95902 21.4034 -22.1043
13.0847 -3.90157 20.3035 -21.4603
15.1832 -4.98526 24.4384 -26.4679
9.70437 -2.67406 15.1387 -17.2126
11.6974 -4.33812 19.2806 -22.2248
7.97426 -2.15525 12.16 -14.6886
5.94624 -0.94656 8.84772 -11.2911
7.77569 -1.56318 13.042 -16.4446
5.66908 -0.145865 14.1843 -15.2984
7.4984 -0.763445 13.6783 -17.6676
7.49422 -0.605681 14.44 -19.1352
5.35085 0.521507 14.622 -17.5205
7.17869 -0.0973915 14.8652 -20.3404
7.20415 -0.0112629 15.2729 -21.1183
9.03201 -0.627364 19.4862 -26.2785
4.90629 1.10984 10.8056 -16.2907
6.61525 0.705051 15.0381 -21.5148
6.32148 1.21728 19.3003 -26.8133
6.28949 1.66704 16.4386 -24.1821
7.82959 1.5688 20.7049 -29.4848
5.74674 2.46953 16.0946 -24.0648
5.24196 2.14761 15.5873 -23.5549
6.78114 2.04872 14.6394 -25.7652
4.78615 3.34718 15.3763 -24.1606
2.8027 3.79985 10.5607 -18.6533
4.34089 3.69976 14.8428 -23.9725
4.20919 3.96071 14.9116 -24.2215
5.44255 4.43338 19.2525 -29.6675
3.41998 5.17753 14.5763 -24.2657
1.53053 5.72748 9.93208 -18.8477
2.76325 6.1995 14.2832 -24.304
2.62965 6.5844 14.4164 -24.5937
3.68289 6.09986 19.4055 -27.0712
2.23944 7.23177 14.1099 -24.4544
1.27077 8.12639 14.9587 -25.7293
2.32657 7.63997 14.2491 -24.4305
2.21579 8.01851 14.612 -25.1406
1.99006 9.80991 19.0595 -30.7257
1.48983 9.39739 14.4485 -25.233
1.13895 9.94682 8.96125 -18.3912
1.01552 11.6779 13.4094 -23.9938
0.574762 10.9491 13.7399 -24.6946
0.16465 9.9522 8.94609 -18.7197
1.0735 11.0487 13.4079 -24.3277
-0.691234 9.65653 4.96667 -13.4632
-1.22 9.0328 2.29294 -9.82381
-0.380494 10.2547 6.80047 -15.4594
0.193951 12.0252 11.355 -21.2012
0.00956845 10.81 8.83765 -17.0596
1.17566 12.2193 13.404 -22.8077
1.4994 11.0947 14.4298 -23.1336
2.07256 12.8662 14.2556 -26.075
2.31119 13.3302 16.2016 -24.9398
2.55865 13.2919 20.7876 -30.6885
2.66734 13.7043 17.1855 -25.9524
3.23778 15.4771 21.783 -31.7031
2.93455 13.7545 12.6386 -19.8079
3.16352 16.2501 17.3234 -25.6947
2.58258 13.1676 14.4073 -22.1023
2.49158 13.8624 19.1083 -27.9879
3.14881 16.0965 20.3093 -29.258
3.44888 16.5034 21.0662 -29.6815
3.7077 16.174 25.7801 -35.5685
3.57482 16.6013 20.5658 -28.7695
3.53608 16.4475 15.0836 -22.1011
3.37534 16.7427 19.8208 -27.9949
3.73695 16.5449 13.8317 -20.3508
3.61178 19.8158 18.6665 -26.3786
2.74465 17.9354 18.7338 -26.687
2.81259 17.996 12.1262 -18.4558
2.68413 21.2677 16.9842 -24.4862
1.91802 19.1413 17.1014 -24.8538
1.43458 16.1455 16.1788 -23.4768
1.96104 19.0182 16.2872 -23.7987
1.86594 19.4877 11.7634 -21.0635
3.06805 12.7272 7.2957 -11.9156
2.93284 16.0012 12.2111 -17.9508
2.46689 20.0631 17.2183 -24.1152
2.38258 21.1033 18.3833 -25.4566
2.74924 21.4774 19.4364 -26.465
2.99253 21.6252 19.4442 -26.0192
3.03947 21.484 18.6918 -24.8519
2.82807 21.6767 18.0529 -24.3066
2.56272 22.2677 18.2905 -24.9073
2.67878 21.7695 17.3416 -23.6016
2.18384 25.8664 22.4222 -29.7697
2.76287 21.8216 17.3468 -23.8688
2.67515 22.8107 18.3478 -25.0572
1.8091 27.7842 16.5019 -27.3115
6.27925 5.50208 -0.746607 -1.69457
5.42982 10.4736 4.52851 -8.00652
5.43807 7.41545 3.23571 -5.042
4.58621 12.3872 8.53118 -11.3531
7.66278 11.6849 11.1095 -13.9204
9.84069 7.252 9.44399 -10.8416
8.98031 12.2232 14.7702 -17.1508
9.62811 12.5254 16.7514 -18.9068
8.48855 18.2428 16.9092 -22.3778
9.47019 10.854 16.408 -17.4535
8.26627 16.7513 21.9072 -23.9011
15.6664 5.75138 11.7202 -13.6062
14.443 11.6455 17.2513 -20.0508
15.4698 5.10141 17.6103 -15.865
14.2358 11.0106 23.1961 -22.2826
13.0062 16.9044 29.4002 -25.7189
15.3845 11.9541 26.9885 -25.4282
14.1499 17.8473 32.5805 -31.8606
30.9611 -22.2555 15.3955 -2.74554
29.3681 -15.3846 21.2751 -9.29344
27.7937 -8.46977 26.4114 -15.5047
37.823 -20.2048 32.2108 -13.0897
36.204 -13.3362 38.1405 -19.6353
36.8707 -11.3932 41.275 -21.4396
35.235 -4.52879 47.2191 -27.9789
35.8336 -5.49277 45.6422 -25.3435
35.0576 -3.0569 46.1573 -25.6324
33.4191 3.80842 52.1316 -32.1652
31.9424 4.12996 47.0035 -27.2011
30.6949 2.64393 38.8067 -18.8844
28.7263 10.548 45.0034 -25.5673
26.6245 14.8225 44.8693 -26.0834
25.1989 17.1741 43.1005 -24.4378
22.6766 20.4725 50.0132 -27.7255
21.2975 23.8799 40.6292 -23.393
19.938 25.6963 38.4463 -21.5079
18.2568 28.0672 36.3638 -20.1793
16.3113 31.3363 35.5361 -20.3159
14.9902 33.2184 33.3912 -18.6309
12.6426 31.4233 24.5277 -11.1954
11.1811 39.9443 31.0587 -18.0377
9.75348 42.6816 30.3577 -17.9991
8.71906 44.0219 28.4387 -16.5047
7.33693 46.1209 26.2204 -18.8695
5.63652 49.2036 26.5401 -16.6916
8.24241 28.9119 17.661 -2.43564
12.1893 16.4671 -1.6103 7.4183
12.0683 18.8232 5.26669 1.75166
9.58305 28.424 12.0893 -5.16163
6.9505 38.6084 16.1247 -10.707
7.0251 47.1887 21.3383 -15.8323
3.94781 52.5505 23.0418 -20.2075
7.07518 44.8945 25.7055 -20.1521
6.78224 45.933 26.1891 -21.1524
5.86232 47.6665 26.7649 -20.8529
3.1997 57.8492 33.792 -27.8402
4.1482 51.5699 28.2743 -26.3193
3.24724 43.2203 27.2257 -25.9964
3.10334 52.4312 25.8245 -28.8269
1.71178 55.416 26.5194 -29.9244
1.29565 55.818 25.6309 -27.8286
0.44471 56.9322 24.4547 -27.8459
1.41979 48.5061 15.9254 -22.2773
-1.54654 59.9587 23.3652 -29.4422
-1.91694 60.628 24.5546 -31.6681
-0.909728 69.7815 22.799 -30.5156
-2.56726 61.4187 22.8799 -31.8781
-3.33305 50.595 21.5903 -29.354
-2.9962 60.5634 20.9958 -32.6
-6.38019 73.364 20.3988 -35.7882
35.7225 -49.5564 -2.39539 -10.7922
32.3403 -36.7146 5.7006 -18.0779
28.1454 -32.8415 18.4188 -26.1886
24.7553 -19.9835 26.5555 -33.4485
27.1035 -21.4148 34.7397 -37.8091
36.0318 -23.0796 40.4335 -41.3892
35.741 -26.026 41.3763 -40.9519
32.343 -13.1095 49.6289 -48.1279
32.0553 -1.61472 52.3299 -52.8583
30.5691 -2.32405 56.7056 -53.1882
29.2722 2.47851 56.4482 -51.9689
25.528 16.8212 65.1669 -59.3831
24.2799 15.7633 55.0605 -51.3382
22.6381 19.6452 52.6753 -49.2155
18.8644 33.9932 61.4448 -56.6136
17.5462 31.237 49.058 -46.8054
15.9076 34.3612 46.3384 -44.3289
12.1054 48.7158 55.163 -51.7138
11.0421 44.7158 41.6869 -41.4444
11.7347 47.2393 38.7418 -38.7588
7.59731 63.1868 48.1938 -46.3614
4.66618 60.3393 36.4972 -37.4684
0.520236 76.2972 45.9919 -45.0639
1.13209 69.0896 32.5263 -34.7825
10.0277 25.4836 -8.49392 -2.37345
5.80768 41.474 -4.36255 -7.54039
8.26166 24.5036 -4.66936 -9.16876
12.3409 27.2849 1.07121 -12.0745
8.06507 43.5221 11.1041 -18.1009
7.28099 37.821 9.53519 -18.7415
2.7231 55.5926 19.9758 -26.5587
5.70594 60.0641 25.1971 -27.277
5.2684 63.1044 17.5104 -24.1604
0.657178 69.3593 28.0199 -31.9599
-0.398641 75.0548 31.3287 -31.7878
5.83748 72.9297 31.3599 -31.5304
4.22081 65.1986 21.6905 -25.4462
-0.619858 83.0135 22.1527 -28.9455
-5.34804 100.917 33.2263 -34.1022
-1.88459 89.437 35.9109 -36.228
-2.25679 91.2199 34.6405 -35.0304
3.27551 77.6661 33.6839 -32.1849
-1.89372 97.4231 45.3016 -40.1596
2.09009 71.7429 13.0148 -24.1857
-3.30901 91.5321 24.7496 -32.1236
2.20956 77.0071 27.229 -36.421
2.08467 79.7199 32.6413 -36.4398
2.3025 79.6519 32.2443 -35.7225
1.81733 81.3428 31.4378 -35.8749
-0.169016 87.1769 33.8462 -38.0586
-5.89021 109.17 46.6899 -46.2864
-10.5824 98.6129 36.5442 -40.5686
-16.812 120.585 40.2051 -40.1081
-22.5687 142.613 53.1513 -48.3023
-19.2922 159.292 66.0975 -56.4966
-26.0058 181.177 55.7472 -53.5622
-32.4553 203.068 34.2388 -40.7273
-41.9992 224.395 48.0219 -48.1642
-48.3305 246.264 61.1643 -56.1484
15.8929 46.4084 8.33949 -28.0345
10.9075 41.8918 20.7099 -34.9865
16.7243 41.7136 27.7724 -38.5339
21.7325 41.441 31.4511 -39.8369
16.0977 48.8715 34.4995 -41.6448
14.16 56.3383 39.7998 -45.0889
18.7964 54.9392 41.1373 -45.1972
18.0734 42.3451 29.4464 -39.0317
11.161 67.2473 44.2298 -47.2561
5.74592 73.2732 46.1392 -48.4381
9.50311 75.2286 48.8972 -49.6629
8.75848 77.5686 47.8856 -48.0513
1.25169 105.203 64.1277 -56.6791
4.72316 89.5784 47.2467 -47.9067
9.03089 87.2243 44.7959 -45.8016
3.3447 92.7132 41.636 -44.1893
1.05846 98.801 41.8171 -44.7513
5.87807 94.9691 38.6042 -42.4613
0.346729 99.4058 34.9689 -40.7921
-1.58131 104.31 34.9487 -41.4361
5.7761 76.7567 32.9731 -39.6474
-2.78304 107.883 31.1608 -38.6244
-7.42334 136.296 33.135 -39.9637
-5.12445 114.314 31.7202 -38.5217
-11.0401 120.028 33.048 -41.7016
-7.23584 122.571 35.1215 -40.9036
-6.4111 120.508 32.9146 -39.2984
-6.85604 121.229 30.4033 -38.1651
9.4374 63.1968 -2.91184 -23.8967
8.74115 67.0401 3.22639 -27.1641
-0.950815 101.134 23.3236 -36.276
-10.9502 136.399 44.0972 -45.5342
-13.3496 144.701 57.6276 -50.9703
-14.2832 174.247 78.4733 -60.1358
-11.7536 143.582 53.234 -48.2231
-5.3835 138.065 49.4589 -46.0495
-16.3392 173.548 70.5998 -54.9807
-2.43456 106.763 20.6522 -33.7986
-13.0175 142.541 41.7535 -42.8583
-23.6005 178.318 62.8547 -51.9181
8.92164 76.2102 39.4995 -42.7591
-3.0203 116.6 63.1098 -52.2955
-10.0611 153.331 68.6683 -56.0297
-22.2481 193.647 92.2871 -65.5441
-19.0736 170.91 92.3434 -62.6778
-5.08149 122.859 48.2406 -44.2895
-18.0054 163.625 44.8514 -43.302
-25.0197 172.945 68.7129 -52.7436
-21.9879 174.63 70.4933 -54.0923
-18.5383 162.353 35.1982 -39.6645
-25.2253 167.279 60.6388 -49.3057
-21.5013 170.785 61.0613 -49.3536
17.7545 8.88979 -21.057 -20.7107
3.14686 56.3121 5.91508 -30.4954
-13.1175 103.536 33.5265 -39.7495
-28.4813 150.719 60.652 -49.1011
-19.2518 112.589 105.018 -62.3764
-34.834 160.658 132.301 -71.8185
-7.24437 -2.83062 102.837 -62.7577
-22.9026 46.223 130.232 -72.0482
-3.47189 42.3767 126.912 -68.3111
5.70018 -10.7524 123.275 -64.4068
-12.4352 45.2832 129.728 -67.8628
-14.7705 67.8191 140.85 -67.8898
-13.6606 63.1262 143.87 -65.8462
-19.1389 55.5091 142.094 -67.1894
-22.0333 104.772 149.214 -65.0189
11.6917 31.1093 79.3496 -38.4732
-7.46897 88.8386 110.427 -48.0031
-26.6296 146.568 141.504 -57.5331
-42.2575 202.654 156.37 -60.093
-40.6525 187.399 173.47 -63.1006
-26.5878 142.45 167.349 -52.8251
-49.2884 209.207 163.838 -53.534
-55.2025 223.769 162.21 -50.443
-40.455 174.624 151.879 -43.5342
-63.7734 242.39 146.464 -41.1286
-67.4116 250.626 142.198 -38.2578
-51.8372 184.931 130.437 -31.6438
-67.3289 246.749 166.03 -39.766
-70.2619 252.574 118.211 -27.3966
-56.7265 212.522 58.4308 -9.84578
-54.0291 189.088 91.2787 -18.9297
-37.6575 161.751 86.8263 -16.0139
-23.479 122.488 37.9098 -2.46853
-21.5425 100.698 70.915 -11.5793
-26.9815 135.494 104.2 -19.0478
10.924 35.4533 71.249 -10.924
-4.58424 79.3172 104.485 -19.5367
31.0491 -34.5843 47.275 -7.03799
15.81 8.27351 80.5672 -16.0836
3.04789 44.2799 114.155 -24.3073
-7.34804 66.9624 128.669 -28.7275
3.21707 36.5691 140.708 -33.4009
32.8497 -31.9069 109.165 -23.2743
37.2323 -60.1307 142.847 -32.0319
24.3 -32.638 149.497 -33.9245
30.046 -62.7716 117.4 -33.9863
16.4719 -24.6933 151.035 -42.7248
2.89775 13.385 184.669 -51.4633
-42.3026 106.414 155.24 -44.5771
-30.5344 73.3276 189.349 -51.9975
-41.2339 104.035 223.284 -59.9754
-50.8522 124.115 166.555 -46.9418
-61.73 155.04 200.417 -55.1987
-23.7315 38.93 209.666 -56.3231
-23.1237 59.5608 243.559 -64.3541
-21.2967 53.3787 202.63 -54.7139
-20.9158 50.2234 193.848 -52.3192
-32.5096 81.5828 186.251 -50.1815
-24.024 38.2718 72.1453 -21.0814
-32.6793 62.5364 106.179 -28.9612
-45.2247 93.2158 117.108 -30.5894
-54.0343 117.491 151.155 -38.3443
-29.8692 62.1235 131.851 -33.2238
-18.4275 33.8895 104.873 -25.5896
-27.4847 58.5072 138.877 -33.5476
-33.2024 72.4512 141.941 -33.5256
-18.7839 37.4945 112.441 -25.1895
-28.0997 62.3199 146.421 -33.2252
-31.9027 72.046 150.468 -33.5532
-30.9099 69.6593 153.481 -32.383
-27.027 62.0267 155.316 -32.1164
-22.6641 52.5696 156.621 -31.1047
-12.6248 29.5492 153.536 -28.309
-7.91028 18.9835 150.436 -26.77
-15.5212 35.7808 151.435 -25.7386
-4.75414 6.19124 82.6161 -6.19095
-11.7372 24.3448 116.489 -13.8641
-18.7226 42.4987 150.364 -21.5354
-17.6011 33.1814 114.361 -10.5939
-22.1121 45.5494 148.039 -17.6763
-11.42 22.8655 38.6178 14.0048
-15.9108 34.7936 72.256 6.7649
-10.7713 26.3248 52.3291 14.2284
-15.3045 38.2708 85.9337 6.79773
-9.00025 24.5012 68.7726 13.2252
-13.663 36.4645 102.396 5.83538
-13.1372 35.8188 113.332 3.0225
-17.9953 47.767 146.805 -6.0482
-13.4128 38.1159 133.391 -1.55077
-2.81881 16.3743 130.894 1.97114
1.23024 4.64204 94.0381 14.3644
-0.14838 9.08459 127.188 7.58806
-2.41012 15.5621 160.267 0.670699
0.631889 3.17618 93.9556 22.0823
-1.64265 9.68267 126.982 14.2226
-3.39724 12.5716 129.211 15.3836
-1.79715 8.59888 126.361 18.9462
-1.43426 3.05032 71.7845 33.5491
-3.81133 9.58406 104.786 26.41
-4.38014 12.4986 137.327 19.9846
-6.23583 14.9531 124.444 23.2081
-6.25912 16.7579 156.782 16.9252
6.74765 -10.0915 118.589 31.1645
6.52071 -8.12361 150.873 24.7904
5.93133 -7.94722 147.819 27.8847
3.49507 -4.77533 141.386 32.6838
-0.24363 -3.58971 79.6704 52.1158
-0.304192 -1.77223 111.835 45.4774
-0.364869 0.0440685 143.875 39.298
0.389228 -1.66087 147.97 34.3049
1.85814 -4.4819 152.62 34.4283
5.37083 -11.6384 146.852 36.4236
6.7338 -15.0662 144.822 40.9024
-18.5655 28.7616 144.334 42.6523
-27.2226 43.5478 139.832 45.2897
-29.6005 47.4316 139.204 46.5047
-29.7581 48.0593 135.73 48.3405
-29.0263 46.9183 136.196 48.7302
-28.0601 45.7946 134.131 53.3241
-25.7773 42.3084 134.151 49.9917
-23.2981 37.841 129.905 48.1206
-20.3829 33.3921 131.03 52.4778
-17.4714 28.6991 131.949 52.7409
-13.7407 23.6707 161.448 47.6365
-12.0565 20.0971 129.561 53.6475
-9.68867 16.0434 126.705 54.8866
-5.93481 11.0326 155.952 49.517
-5.12772 8.15701 121.517 56.6351
-4.5642 5.49855 90.4953 61.3864
0.0951966 -0.985944 118.705 56.5025
4.3192 -7.88781 120.025 55.7116
8.12446 -14.3854 117.434 57.0566
11.6308 -20.7285 114.254 57.8078
15.6144 -27.3225 114.668 56.8408
6.42306 -14.846 86.8194 60.2973
9.20723 -19.2987 89.0225 58.296
14.4715 -26.7842 94.9543 54.0688
21.3327 -36.8726 121.785 49.3807
24.3339 -40.7445 127.866 45.4352
30.601 -49.5533 153.921 41.4747
14.1925 -26.816 123.979 45.3194
9.76699 -23.6709 88.1739 52.346
13.0335 -26.8673 113.023 48.9332
14.4392 -30.0318 62.7894 61.0506
21.6266 -40.059 87.4206 57.5036
20.8405 -39.2451 110.409 46.0693
24.9413 -44.6638 113.58 43.0403
32.1692 -54.6404 113.784 49.8236
14.5394 -30.0424 111.688 40.3512
11.8197 -26.3354 108.096 40.9331
20.4127 -38.4008 130.617 38.9416
10.1405 -23.3547 52.588 34.1968
18.8148 -35.2696 74.5674 31.9589
24.9224 -42.6859 79.9287 27.7739
29.969 -52.2784 99.6788 16.508
21.6203 -37.4521 84.7483 21.5855
17.5532 -31.7006 85.0442 19.6488
26.428 -43.3973 86.4702 27.2623
16.6028 -20.6774 -27.6294 -22.8386
25.9707 -32.6084 -7.75395 -24.873
24.7964 -26.9119 5.47121 -33.5735
32.0028 -38.3272 16.2298 -40.7787
34.0112 -40.2343 26.4266 -47.6239
29.2238 -33.9187 36.1748 -43.3024
35.0834 -40.2407 54.7258 -44.0225
13.9031 -13.7012 29.5378 -72.1978
21.6447 -25.1592 35.2846 -65.9468
32.0757 -37.9448 53.5374 -66.6309
44.1253 -52.8698 60.4271 -61.1008
42.4717 -51.3013 60.1749 -71.4461
15.2917 -16.2309 58.7845 -69.5306
20.7461 -27.3372 58.1532 -58.4851
29.9558 -39.0674 53.7594 -64.3948
29.2141 -39.2794 53.5058 -53.528
34.1823 -45.8235 49.1985 -59.9672
14.4013 -20.0615 47.1652 -57.6672
20.8614 -31.493 47.0468 -46.8063
28.3789 -40.5496 43.2674 -53.2209
40.0331 -54.3462 41.6773 -51.3257
30.641 -43.5394 40.7092 -49.4014
25.7319 -38.3323 38.0951 -45.6555
30.4695 -43.9257 36.2535 -42.1711
22.2922 -37.3241 31.8552 -47.4064
21.4084 -34.0339 32.2117 -35.4143
26.0679 -41.7405 1.69216 -33.762
38.6033 -56.4668 15.6486 -30.653
51.1386 -71.1931 29.605 -27.544
43.8416 -59.6213 30.6093 -25.9922
43.7037 -57.3204 41.7528 -31.9506
36.3028 -48.8254 32.6495 -23.9789
22.2405 -34.0607 20.6372 -12.7243
28.0874 -39.7241 30.2573 -16.0226
37.0681 -49.0722 29.5424 -12.4383
21.598 -30.3644 16.3055 -11.207
33.7034 -45.0265 28.4165 -5.84216
15.622 -24.4812 16.9696 -6.50827
29.0014 -39.4917 29.0031 -1.15825
32.2383 -42.4356 29.477 1.4935
46.9774 -57.2574 30.7722 3.48093
35.4132 -44.9754 32.6232 3.39506
33.6394 -43.3014 31.6714 7.68531
37.2806 -46.8228 30.9067 12.3637
46.0332 -58.8749 30.59 16.1899
37.812 -47.15 33.7344 29.4953
34.6408 -43.7554 29.4179 23.1487
44.4368 -57.4449 39.1333 31.3953
33.2784 -42.2394 28.7074 29.5082
21.9597 -29.4872 22.9484 36.3317
36.0919 -44.4297 32.4476 44.554
22.2216 -24.1173 -1.39037 6.88918
36.9299 -39.3064 -6.46106 18.6273
48.1983 -48.1925 4.49539 11.9753
43.1749 -43.8944 5.64565 14.1459
45.4335 -46.1437 6.45912 17.6714
36.6261 -38.1946 8.1754 19.0844
29.3691 -31.9238 9.7684 21.1767
38.859 -40.5938 11.3199 24.1487
53.7436 -55.2677 19.2407 35.6787
42.7067 -44.1608 15.655 27.304
35.7561 -37.9385 17.6554 27.728
50.9659 -52.9323 23.1197 42.3832
38.7404 -41.0185 16.7152 37.8597
15.0659 -19.3459 16.9868 41.1902
30.3238 -34.1378 22.4938 56.3274
40.2038 -42.777 16.7216 50.076
13.4295 -18.5887 14.2855 38.8495
29.2208 -33.2553 19.7128 54.044
44.4934 -47.8061 24.3458 70.0394
58.7435 -58.4917 21.0131 62.1193
38.2924 -45.386 23.4854 60.3294
53.8512 -60.0627 27.2353 78.552
32.9604 -37.655 21.6167 72.0374
12.5276 -19.5939 20.7807 76.2597
28.1405 -34.0624 24.1314 95.3514
38.0737 -42.2731 19.3742 86.43
15.4877 -20.3091 16.7861 71.7958
27.6579 -33.8234 20.3433 90.9079
36.658 -40.8526 14.9149 80.8516
52.3416 -54.9327 18.4072 100.007
67.974 -69.059 16.839 104.097
45.189 -47.1824 20.4823 105.672
34.9846 -39.0166 18.2683 88.5229
50.8826 -53.1929 19.7108 111.9
35.1217 -38.8203 18.127 118.62
51.0038 -52.8434 19.6025 142.008
40.4046 -42.4617 17.7085 125.155
33.9751 -37.4007 19.3028 148.56
38.8395 -40.7882 18.579 129.322
32.5227 -35.8268 20.2882 152.747
38.2809 -39.8925 20.459 131.456
32.909 -35.6425 20.6802 132.593
14.0222 -18.0258 16.6518 94.0183
30.0625 -31.5667 16.4536 122.061
46.1029 -45.1075 16.2554 150.104
51.3849 -44.0876 8.57311 85.5748
63.1395 -56.7343 -4.65352 76.8428
54.4743 -51.1703 0.968027 99.1296
70.4942 -64.4022 1.27505 127.248
50.3383 -49.2518 5.28718 127.165
66.3407 -62.3604 5.60034 155.301
38.9092 -38.0848 4.94043 129.758
34.017 -32.8983 6.72492 77.9119
44.7075 -38.1321 -1.60066 92.1791
60.8776 -51.0738 -2.9852 125.368
56.3227 -46.5192 -10.5634 83.0311
42.1429 -37.3481 -11.7186 116.271
58.2696 -50.0389 -4.29701 139.449
13.9514 -18.5787 -23.6004 99.1871
30.0478 -31.1473 -14.6502 120.838
32.542 -33.5545 -23.3846 104.208
31.9197 -31.6427 -15.5133 128.629
40.442 -36.8045 -17.5738 138.491
36.1379 -33.4816 -28.2164 153.919
41.4952 -36.5268 -8.6192 135.913
35.4367 -32.0723 -19.5883 150.261
40.6072 -34.9677 -20.4975 157.249
54.2882 -47.1189 -31.2666 171.027
8.7983 -9.2189 -15.0884 85.593
24.883 -21.2603 -16.9059 124.689
40.9676 -33.3016 -18.7212 163.785
54.4839 -44.3233 -20.0361 171.867
47.3228 -36.8664 -20.1533 169.928
43.2163 -34.0208 -21.2526 178.602
59.3907 -45.9686 -24.725 223.948
38.238 -30.188 -21.9604 187.633
6.35295 -6.28793 -25.5145 117.122
23.2101 -18.0008 -17.3656 147.353
39.2624 -29.6956 -20.342 192.934
59.498 -42.286 -21.0613 199.796
48.9743 -35.6813 -35.162 211.616
44.2554 -32.8565 -19.5791 195.145
60.3518 -44.4474 -24.0829 247.925
37.8478 -28.6985 -21.0865 206.818
31.5816 -26.4582 -16.6897 155.113
47.5805 -37.9367 -20.8064 208.171
38.8704 -28.9187 -21.4423 216.131
52.4373 -40.3834 -20.813 211.932
42.2278 -30.889 -12.2893 246.182
47.5069 -34.3148 -21.0107 218.396
63.3572 -45.6115 -24.6788 271.793
79.1655 -56.9983 -28.3839 327.307
58.0846 -41.5625 -25.3315 234.567
43.8288 -33.0948 -34.824 199.586
59.6517 -44.2527 -39.2355 261.806
41.9234 -31.8832 -27.9023 247.376
54.0463 -43.1491 -27.6511 243.193
38.177 -29.2378 -28.09 251.686
15.4524 -11.5684 -26.9735 245.992
28.3228 -22.629 -26.5394 244.085
36.6543 -27.4367 -26.5949 250.222
50.0787 -38.5681 -30.6599 315.126
30.2765 -23.0072 -9.62902 220.243
45.8236 -33.8997 -16.1593 293.809
35.4718 -27.1389 -12.8464 239.963
50.9325 -38.0075 -19.4002 314.009
21.6027 -15.8393 -10.8704 175.964
26.3616 -17.8899 -17.7907 250.9
40.4086 -28.7238 -35.3751 282.104
55.1272 -38.1928 -37.7244 294.877
70.3945 -48.9969 -26.3164 334.466
60.5838 -42.8942 -44.6198 354.501
31.8329 -19.5688 -367.044 202.441
46.8972 -30.2214 -663.563 397.535
53.5262 -35.3608 0.993725 167.472
53.8676 -36.5416 -12.8076 241.141
50.7225 -35.6094 -26.256 201.112
31.0916 -23.528 -34.7928 136.844
45.9593 -34.1926 -36.9885 227.368
45.1072 -34.1714 -39.5308 238.988
35.3935 -27.7605 -42.508 235.071
37.0532 -28.6468 -43.8607 252.658
22.5797 -17.1933 -59.1016 82.2763
39.6365 -28.345 -50.4416 110.729
54.7355 -39.5598 -54.6387 167.686
48.4802 -32.0184 -76.9634 69.7742
59.6094 -43.4195 -64.0301 90.249
49.7794 -37.4105 -67.9243 58.6868
19.6802 -16.1079 -86.3039 -32.8682
34.5405 -27.3453 -89.4621 25.7986
40.6457 -31.2928 -79.7898 -35.7402
24.8974 -19.2772 -81.1973 -134.38
39.727 -30.6342 -86.0886 -85.1871
44.2095 -33.9885 -86.0517 -73.2987
37.5595 -29.4621 -102.503 -66.1351
39.3395 -30.849 -88.6471 -91.0406
14.3556 -12.425 -85.9785 -163.788
28.9135 -23.8443 -90.5766 -113.838
43.4714 -35.2636 -95.1747 -63.8882
46.551 -32.755 -38.0544 170.712
60.9703 -44.1474 -43.0552 221.243
75.3896 -55.5398 -48.056 271.774
48.897 -33.7573 -58.8077 120.513
57.8688 -45.502 -31.4039 81.186
41.3957 -29.4989 -27.9599 88.7717
27.012 -17.1026 -24.8003 80.9186
41.1773 -28.5869 -31.2308 121.356
45.0119 -32.6695 -19.5694 114.875
17.8677 -13.1627 -10.589 60.3094
31.8868 -24.6698 -17.7587 100.869
44.1721 -38.3537 7.38886 125.899
57.9411 -49.968 -0.274645 166.655
31.8904 -30.8203 -1.34314 52.841
45.539 -42.4622 -9.89323 83.6547
59.1876 -54.1041 -18.4332 114.461
37.9703 -38.9557 -18.6879 65.3081
51.5425 -50.6219 -27.2992 96.1913
41.9682 -43.8415 -30.0104 84.632
22.0063 -21.4959 -23.3927 40.1553
35.4721 -33.1505 -32.1123 71.1643
35.555 -34.0354 4.27959 50.1825
48.364 -46.0328 -4.7335 81.4192
53.6017 -52.4278 -13.9734 105.901
51.9493 -53.1573 -24.5297 107.145
16.3806 -24.3805 -31.6658 73.3719
29.1206 -36.303 -37.3984 45.7244
17.1599 -23.8422 -36.4732 32.7009
29.8385 -35.7743 -45.6857 54.7041
34.8982 -38.8907 -54.7208 76.835
39.9158 -41.9446 -51.1205 76.8591
34.8848 -36.6634 -51.9828 64.0427
19.7497 -20.226 -42.8004 38.3988
32.4949 -32.1231 -52.0939 54.9526
38.3143 -35.9564 -52.1823 58.7059
34.8261 -31.8131 -61.4938 72.2699
36.7903 -32.5703 -50.7518 34.3081
18.5852 -12.1967 -48.9574 26.2625
28.401 -24.0622 -57.5837 44.4325
33.4868 -27.696 -45.5791 31.775
19.9209 -11.8365 -43.4399 31.3142
29.6946 -23.6933 -52.2316 49.2691
34.741 -27.7806 -39.9977 32.9999
33.0608 -26.3697 -37.9701 25.6312
29.5183 -23.4732 -47.3921 31.4649
20.1588 -14.4532 -23.0809 -0.454111
32.0195 -26.1737 -32.658 5.14037
35.4018 -29.5551 -31.8322 4.15411
47.1024 -41.4223 -41.4007 9.84282
25.8081 -22.1527 -12.9535 -0.976873
37.4947 -33.9073 -22.6444 4.44255
49.0444 -45.8087 -25.1761 -2.88467
45.6994 -43.1962 -34.8821 2.50822
56.5754 -53.9682 -36.5456 14.7221
43.5303 -44.0917 -23.5691 -18.15
54.9112 -55.7139 -32.9533 -19.6764
24.6341 -28.104 -30.648 -17.4092
8.54852 -11.5144 -28.686 -17.0132
19.8256 -23.0929 -38.0768 -18.5748
31.1028 -34.6714 -47.4676 -20.1363
38.9757 -39.3341 -26.463 -14.7499
34.9527 -36.3305 -16.0956 -28.4317
46.0942 -47.9425 -24.2101 -11.0886
4.33888 -4.68734 4.81795 -9.79446
15.1669 -16.0687 -3.9262 -17.5802
27.428 -27.0745 -1.01351 -25.7458
38.1819 -38.4762 -9.71896 -33.5632
32.9128 -35.353 -12.5461 -26.5899
43.6088 -46.765 -16.5462 -41.1607
39.8353 -44.9242 -19.8044 -37.28
28.4534 -35.7197 -21.961 -26.9306
15.6091 -14.6274 9.76965 -22.517
26.0115 -26.063 1.22629 -30.4439
36.3902 -41.7715 -8.12085 -30.1543
46.1163 -53.0632 -15.8091 -43.1
56.1844 -64.347 -23.4974 -56.0458
35.6406 -39.1186 -30.4549 -30.4733
45.6736 -50.4168 -36.4282 -45.6461
27.1314 -41.0933 -39.9425 -41.7875
6.72082 -15.7271 -41.8402 -9.4821
16.6753 -27.0173 -42.5481 -31.5235
20.6984 -30.3396 -41.9714 -39.1101
21.9743 -29.6121 -41.5767 -37.5486
21.9651 -27.1262 -40.8058 -34.1713
25.6578 -29.8422 -38.7041 -43.7041
24.5873 -27.6449 -36.8717 -45.127
20.1178 -24.2576 -35.1098 -44.0072
20.4854 -21.8764 -23.6903 -43.5929
25.0324 -25.73 -30.3467 -60.6161
30.1444 -30.2835 -29.4051 -62.044
27.5036 -27.9655 -22.064 -32.2836
36.9472 -39.0111 -28.6122 -49.23
25.6449 -26.2823 -26.8205 -54.1027
23.0106 -25.0338 -15.4348 -82.7558
26.5636 -27.5957 -21.6564 -74.7539
29.3311 -30.6199 -21.9878 -67.9585
25.4197 -27.2883 -27.7219 -88.2641
25.8927 -27.9599 -20.4186 -57.3499
22.5472 -24.9717 -19.1498 -52.7067
19.1881 -21.9689 -8.4244 -57.4972
17.5306 -20.3606 -13.6763 -77.7089
22.1429 -24.8556 -11.7902 -66.4388
21.8015 -24.9588 -5.99218 -63.8026
28.045 -35.6733 -10.9731 -84.2224
12.545 -14.8018 -2.6808 -45.6239
21.0215 -25.2867 -6.93162 -68.3695
23.8265 -25.725 8.42457 -66.6812
25.414 -28.8782 6.28333 -66.3237
10.5049 -15.2248 5.34639 -41.4167
18.9494 -25.6336 1.68672 -63.8853
21.1402 -28.7093 1.4008 -72.1797
8.45037 -15.3541 -2.79225 -29.5184
16.805 -25.786 -6.37134 -51.818
25.1468 -36.2038 -9.91199 -74.2105
33.9021 -46.4198 -14.9628 -72.58
34.0137 -43.2579 1.4075 -102.424
26.6951 -36.9049 -4.91153 -82.2832
17.454 -28.2402 -11.2458 -59.1717
25.4049 -38.3368 -13.6698 -83.3762
9.3636 -15.8457 0.273679 -97.0648
17.2846 -25.9158 -4.07094 -101.237
19.311 -27.3896 -6.0518 -37.8163
27.188 -37.4779 -8.17846 -61.6989
12.0684 -15.0295 -2.13934 -37.1464
19.5906 -24.7321 -3.3266 -62.3918
27.102 -34.4223 -4.48393 -87.6912
35.183 -44.2102 -0.53438 -116.997
13.0432 -19.0244 -4.56205 -46.2501
20.5006 -28.7123 -5.50508 -71.3344
19.4596 -27.5157 -4.06678 -73.6132
15.7834 -23.5634 -5.92257 -63.726
23.2079 -33.2459 -6.7652 -88.66
20.069 -26.667 -0.89146 -118.746
7.51988 -11.5884 3.9035 -70.1498
14.5226 -20.9426 3.69301 -95.8447
21.5176 -30.2341 10.7192 -126.336
19.4125 -25.2988 5.26219 -80.2633
17.0289 -23.2957 1.45941 -67.5724
23.9788 -32.5798 5.10781 -95.1675
16.1016 -22.0551 2.33051 -63.1161
15.2926 -21.0026 2.79621 -60.8199
20.2247 -30.3376 -2.81636 -52.5202
16.7673 -21.992 6.55705 -65.1599
16.063 -21.3394 5.99641 -61.69
22.5803 -30.2982 7.03325 -87.2163
16.2622 -21.5636 8.97985 -64.3659
14.9266 -20.4606 8.59279 -61.5774
8.81365 -12.0445 9.62379 -39.2493
15.2711 -20.8569 11.2718 -64.4691
18.2221 -23.977 15.1954 -74.1952
6.69996 -11.003 13.2525 -66.8861
13.1169 -19.8112 7.26341 -55.1579
14.8692 -21.5984 9.9044 -61.5388
11.7675 -20.7041 11.8089 -60.0012
11.9756 -18.7047 7.18234 -53.1639
14.3143 -20.7743 11.7125 -62.3025
11.2116 -19.751 13.8846 -61.1263
11.4396 -17.811 9.2305 -53.9305
13.7206 -19.9118 13.1843 -62.0266
10.9983 -19.2766 14.2794 -59.9855
11.4801 -17.7629 9.53871 -52.9069
13.9368 -20.1158 13.2296 -60.8616
19.8542 -28.4465 16.0604 -85.271
7.34888 -7.8912 5.39464 -13.3211
12.9494 -15.8862 15.2373 -40.0916
17.3769 -21.1375 24.3674 -58.0841
16.319 -21.4097 17.27 -35.6023
16.568 -19.5844 19.6655 -58.7358
14.1108 -21.1701 19.6014 -63.7427
12.4075 -20.1715 14.8645 -58.9312
15.6006 -28.0481 10.5684 -52.8524
12.6342 -20.5487 12.7732 -60.1927
11.9397 -19.881 10.609 -58.1938
12.3452 -18.3132 6.47295 -53.0486
12.568 -19.9648 11.1585 -60.5461
12.9121 -18.6007 9.81788 -57.4652
6.52134 -10.591 7.05659 -35.5415
11.4426 -17.8825 11.2239 -58.0253
16.2421 -17.4221 30.0198 -58.6072
21.1199 -24.7193 34.2553 -80.902
16.7721 -27.3683 15.0777 -46.9369
21.6213 -34.6799 19.3333 -69.1445
13.6035 -22.5893 13.3244 -63.8648
10.2362 -19.7001 6.63195 -54.9922
7.70468 -6.19737 17.7126 -16.9
12.0463 -12.937 22.2571 -37.797
17.2853 -21.0632 32.5529 -61.4066
16.7783 -22.9605 37.1609 -82.2223
16.0167 -24.7216 31.9033 -87.6617
16.4768 -31.5327 36.2226 -108.543
11.6688 -23.3304 8.9275 -68.3807
5.17301 -12.3888 0.454847 -59.9651
9.42671 -19.1551 -3.29523 -54.2968
9.58224 -20.2096 0.602218 -60.9575
6.48063 -13.1705 4.77978 -60.5117
10.2741 -19.3103 4.21088 -63.3616
11.4371 -20.0398 7.47481 -67.0437
13.389 -26.1863 12.6439 -86.4989
9.347 -17.2112 5.16853 -58.611
7.77607 -15.3184 -5.41441 -26.4567
10.1785 -21.4682 -0.855323 -45.6203
8.31594 -14.8441 5.96892 -50.7458
6.00681 -9.70709 11.1046 -49.8174
9.73461 -15.8561 10.6741 -53.1081
11.1627 -17.2885 14.2588 -57.1252
10.9775 -15.1847 19.1999 -74.6431
8.99249 -15.0054 12.13 -48.9412
0.31879 -1.25794 2.53202 -18.8038
3.55727 -6.72862 2.40029 -21.922
7.01677 -12.1998 11.411 -40.0367
11.1267 -16.2614 14.2424 -52.0716
14.3085 -21.7594 18.6611 -49.5783
9.64031 -15.4198 17.676 -48.2706
7.46991 -13.5107 12.7563 -41.1966
10.5353 -18.7824 17.2563 -57.8073
11.7255 -12.8602 9.01648 -35.7072
15.302 -17.6167 13.3459 -50.8249
10.4808 -18.8545 17.1325 -31.0283
13.1705 -23.6091 21.5185 -46.093
6.59266 -7.63583 25.7839 -38.7065
9.25022 -12.3984 30.1404 -53.7005
6.27408 -10.4119 13.259 -35.1975
8.91844 -15.1852 17.5957 -50.1697
8.15541 -15.4986 11.8149 -47.0607
2.04136 -7.47706 -2.31001 -21.6122
4.19735 -11.449 1.59574 -34.3432
4.71029 -11.4612 4.12592 -36.2492
5.75311 -11.9595 4.62878 -39.0977
6.20947 -12.1764 9.9487 -40.9377
1.45286 -4.91215 3.54794 -22.4722
3.57928 -8.89265 7.42659 -35.1441
4.29255 -9.42376 9.30247 -36.5762
3.46268 -5.9466 3.20467 -20.9112
5.57271 -9.9313 7.06824 -33.5474
6.21139 -10.9048 10.8428 -35.649
6.26075 -10.6868 8.61913 -29.7807
5.8421 -10.128 8.68772 -28.0692
1.75646 -3.83657 4.02954 -11.89
3.36262 -6.95963 7.29704 -21.9503
2.78369 -4.44793 6.76148 -14.8934
4.43111 -7.57575 10.0207 -24.9355
4.67279 -8.04941 10.0841 -16.5784
6.25825 -11.1799 13.3388 -26.602
5.85223 -6.19311 21.3042 -25.2166
7.36457 -9.28344 24.4364 -35.0383
5.3763 -8.24283 19.6972 -36.3121
3.99271 -7.65379 10.561 -28.5947
3.45551 -7.59725 5.35003 -24.3
2.36051 -6.51191 0.94503 -19.2968
2.82832 -8.68678 1.16584 -19.0041
1.19189 -3.05014 3.05324 -20.5733
2.00257 -5.245 2.79025 -19.1968
1.63273 -3.14384 4.03121 -20.0429
2.66118 -5.35624 6.37644 -27.1852
2.65922 -5.69959 4.50506 -19.2789
0.902108 -1.57426 2.54797 -14.6608
1.43589 -2.76333 3.94042 -18.6068
0.968856 -2.22822 1.71911 -8.10119
0.928248 -1.45245 1.38627 -1.21723
1.02053 -1.35305 2.77157 -5.15679
1.48581 -1.59612 4.35998 -5.7851
1.93356 -2.78409 4.43506 -4.93597
1.76566 -1.69614 5.27469 -5.53859
1.66103 -1.59343 4.91877 -4.95119
1.93287 -2.77075 4.36176 -4.23704
1.3647 -0.846739 4.17187 -2.27012
0.424607 1.5052 2.81475 1.25704
-0.00050131 2.21243 2.33469 3.54745
0.0230113 2.13087 2.56479 3.1695
0.205803 2.2738 1.54203 6.77606
0.527023 2.14103 2.52227 6.86415
0.915737 1.85686 2.96202 6.8498
0.938632 1.77515 3.19092 6.47232
1.04951 1.5632 3.46379 5.85561
1.07548 1.3854 3.46293 5.32781
0.686511 2.31023 2.59581 8.24556
0.0559781 3.09627 0.383713 10.4987
-0.401229 4.22766 -0.658802 14.0864
-0.838369 5.2696 -1.72225 17.6736
-1.38636 6.40967 -3.24571 21.0575
-1.86549 7.45246 -4.6662 24.4759
-0.991509 6.71668 -5.71769 28.0735
-0.269101 5.99508 -0.163138 20.0581
0.458315 5.04029 3.57441 11.2582
0.00607165 6.17619 2.54539 14.8566
0.849502 3.43283 2.56281 12.1978
-11.0314 -10.0542 -14.143 -2.85158
-11.0314 -10.0542 -14.143 -2.85158
-11.2286 -9.72918 -14.5958 -2.0243
-9.8698 -7.57267 -10.7255 -2.27064
-9.06443 -7.68668 -9.42682 -2.45304
-9.08064 -7.66689 -8.29915 -2.48864
-9.5503 -2.96558 -6.47207 -2.41225
-8.03745 -3.18728 -6.47207 -2.41225
-7.49207 -2.69044 -5.73733 -2.32304
-6.96028 -2.27494 -5.09823 -2.21507
-6.96028 -2.27494 -5.09823 -2.21507
-5.96054 -1.63023 -4.04679 -1.97356
-5.49677 -1.3791 -3.614 -1.84779
-2.62583 -0.417327 -1.6864 -0.981806
-2.62583 -0.417327 -1.68641 -0.981624
-2.39837 -0.226678 -1.3244 -0.940732
-1.93042 -0.114199 -1.0543 -0.804383
-1.93042 -0.114199 -1.0543 -0.804383
-1.72063 -0.0676065 -0.938824 -0.743625
-1.54037 0.0404845 -0.852487 -0.616249
-1.54037 0.0404845 -0.742075 -0.636226
-1.16965 0.0384868 -0.656565 -0.588691
-0.850355 0.0407695 -0.580982 -0.544765
-0.850355 0.0407695 -0.580982 -0.544765
-0.723364 0.108128 -0.449224 -0.468726
-0.594391 0.126948 -0.393566 -0.434238
-0.473239 0.143802 -0.343499 -0.401845
-0.473239 0.143802 -0.343499 -0.401845
-0.25671 0.167289 -0.256108 -0.347161
-0.158329 0.177452 -0.22004 -0.321547
-0.158329 0.177452 -0.22004 -0.321547
0.0161904 0.192051 -0.155673 -0.280219
0.0959125 0.198412 -0.128269 -0.261994
7.89267 -15.0536 4.81772 -1.22396
17.0536 -33.9779 17.4496 -37.1144
25.2065 -52.3937 25.7911 -56.8395
31.3713 -68.6883 31.9616 -74.1385
31.3713 -68.6883 31.9616 -74.1385
38.9244 -93.8955 39.1998 -100.541
40.4779 -103.622 40.3552 -110.288
40.4779 -103.622 40.3552 -110.288
41.8 -118.529 40.8604 -124.841
41.4623 -124.708 40.0095 -130.489
41.4623 -124.708 40.0095 -130.489
38.9691 -138.325 36.5778 -142.904
38.9691 -138.325 36.5778 -142.904
37.2725 -149.093 33.3343 -151.1
36.1183 -156.208 31.1622 -155.523
36.1183 -156.208 31.1622 -155.523
35.4148 -159.395 30.0496 -157.398
33.8681 -165.818 27.8737 -159.51
33.8681 -165.818 27.8737 -159.51
34.2902 -165.966 27.5881 -159.571
34.4765 -169.064 26.2895 -160.445
31.9667 -174.635 -35.4328 18.8104
32.0201 -177.275 -81.8668 140.25
35.2889 -188.214 -77.1122 145.67
35.2889 -188.214 -77.1122 145.67
39.1283 -192.181 -64.2318 136.592
39.1283 -192.181 -65.0815 131.96
40.5597 -196.852 -53.2452 123.764
39.0559 -197.858 -47.8934 121.661
42.0818 -200.942 -42.9426 115.812
42.2079 -202.966 -38.6977 106.679
-76.5178 254.212 -6.70968 71.6015
-76.5178 254.212 -6.70968 71.6015
-72.3769 244.257 -5.04817 68.8638
-72.3769 244.257 -5.04817 68.8638
-70.3876 229.656 -3.18042 63.861
-69.3454 224.229 -2.16964 61.5472
-67.4923 214.374 -0.127833 56.9661
-67.4923 214.374 -0.127833 56.9661
-66.6749 209.894 0.825454 54.8198
-64.9928 206.05 1.90727 52.8718
-67.4874 201.992 1.882 51.1833
-64.5093 197.67 3.34483 48.9983
-63.0275 194.338 4.28527 47.264
-63.0275 194.338 4.28527 47.264
-62.6574 186.961 5.56937 43.7766
-61.345 184.039 6.3837 42.2171
-61.345 184.039 6.3837 42.2171
-61.0414 177.485 7.53175 39.0946
-60.5928 174.666 8.10022 37.692
-59.6091 169.022 9.26526 34.8531
-59.6091 169.022 9.26526 34.8531
-59.1603 166.387 9.80675 33.5099
-58.1396 164.164 10.3915 32.258
-58.1396 164.164 10.7158 32.1345
-57.9054 158.988 11.2162 29.8317
-56.9706 156.978 12.0288 27.612
-56.9706 156.978 12.0288 27.612
-56.7284 152.258 12.4389 26.5045
-56.1793 152.451 12.5638 25.6005
-53.6338 146.121 13.5771 23.45
-53.6338 146.121 13.5771 23.45
-55.1565 144.053 13.6089 22.5983
-54.7596 142.127 14.1662 21.5859
-54.2889 142.297 14.2378 21.5341
-54.0125 138.496 14.4782 20.7321
-53.6178 136.7 14.9536 19.0681
-52.795 135.299 15.3671 18.2094
