0.169591 -0.149207 -0.192304 -0.149234
0.16959 -0.149211 -0.192305 -0.149238
0.169589 -0.149212 -0.192305 -0.149239
0.169589 -0.149212 -0.192305 -0.149239
0.16959 -0.149212 -0.192306 -0.14924
0.169585 -0.149256 -0.192301 -0.149274
0.169585 -0.149256 -0.19231 -0.149291
0.16959 -0.149274 -0.19231 -0.149319
0.16959 -0.149274 -0.19232 -0.149341
0.169547 -0.149421 -0.19235 -0.149458
0.169554 -0.149413 -0.192343 -0.149467
0.169527 -0.149468 -0.192344 -0.149467
0.169534 -0.149469 -0.192344 -0.149468
0.169518 -0.149524 -0.192381 -0.149562
0.169483 -0.149647 -0.192421 -0.149681
0.169478 -0.149647 -0.192421 -0.149682
0.16947 -0.1497 -0.192429 -0.14977
0.16947 -0.1497 -0.192473 -0.149817
0.169395 -0.149856 -0.192504 -0.149887
0.169311 -0.150006 -0.192514 -0.150002
0.169311 -0.150006 -0.192574 -0.150048
0.169259 -0.150085 -0.192613 -0.150114
0.169227 -0.150181 -0.192699 -0.150273
0.169195 -0.150248 -0.192699 -0.150273
0.169094 -0.150339 -0.192718 -0.15039
0.16899 -0.150405 -0.19277 -0.150383
0.168825 -0.150568 -0.192902 -0.150598
0.168825 -0.150568 -0.192902 -0.150598
0.168704 -0.150583 -0.192928 -0.150791
0.168613 -0.150576 -0.192955 -0.150844
0.168537 -0.150807 -0.192955 -0.150845
0.168212 -0.151034 -0.193273 -0.151062
0.168212 -0.151034 -0.193273 -0.151062
0.168212 -0.151034 -0.193273 -0.151062
0.167941 -0.151111 -0.193368 -0.151239
0.167941 -0.151111 -0.193368 -0.151239
0.167603 -0.151366 -0.193707 -0.15145
0.167573 -0.151426 -0.193707 -0.15145
0.167463 -0.151509 -0.193789 -0.151561
0.16737 -0.151531 -0.193861 -0.151555
0.16726 -0.151601 -0.193927 -0.151612
0.16726 -0.15163 -0.193946 -0.151651
0.167061 -0.151662 -0.194102 -0.151684
0.167056 -0.151678 -0.194108 -0.151724
0.166854 -0.151727 -0.194268 -0.151748
0.166652 -0.151754 -0.194425 -0.151767
0.166642 -0.151773 -0.194439 -0.151793
0.166541 -0.151781 -0.194521 -0.151808
0.166436 -0.151791 -0.194603 -0.1518
0.166327 -0.151808 -0.194703 -0.151827
0.166222 -0.151809 -0.194793 -0.151828
0.166123 -0.151808 -0.194972 -0.151809
0.166123 -0.151808 -0.194972 -0.151809
0.165912 -0.151785 -0.195072 -0.151793
0.165922 -0.151777 -0.195163 -0.151785
0.165717 -0.151744 -0.195258 -0.151761
0.165504 -0.151708 -0.195359 -0.151718
0.165521 -0.151683 -0.19545 -0.151698
0.165423 -0.151648 -0.195548 -0.151661
0.165315 -0.151611 -0.195754 -0.151589
0.165224 -0.151557 -0.195745 -0.151572
0.16492 -0.151391 -0.196046 -0.151404
0.16492 -0.151391 -0.196046 -0.151404
0.16492 -0.151391 -0.196046 -0.151404
0.16492 -0.151391 -0.196046 -0.151404
0.164717 -0.151266 -0.196246 -0.151277
0.164616 -0.151198 -0.196346 -0.151206
0.164413 -0.151053 -0.196546 -0.151059
0.164437 -0.150991 -0.196563 -0.151029
0.164312 -0.150976 -0.196646 -0.150982
0.164211 -0.150899 -0.196746 -0.150904
0.16411 -0.150816 -0.196868 -0.150862
0.163612 -0.150386 -0.197336 -0.150386
0.16359 -0.150406 -0.197358 -0.150351
0.163639 -0.150313 -0.197335 -0.150309
0.163421 -0.150209 -0.197429 -0.150218
0.163233 -0.150028 -0.197519 -0.150045
0.163233 -0.150028 -0.197708 -0.150024
0.163119 -0.149959 -0.19782 -0.149899
0.163172 -0.149859 -0.197793 -0.149849
0.162958 -0.149754 -0.197978 -0.149746
0.162867 -0.149661 -0.198067 -0.149651
0.162777 -0.149568 -0.198086 -0.149621
0.162513 -0.149288 -0.198416 -0.149279
0.162513 -0.149288 -0.198416 -0.149279
0.162513 -0.149288 -0.198416 -0.149279
0.162427 -0.149196 -0.1985 -0.149186
0.162379 -0.149025 -0.198599 -0.149069
0.162258 -0.149011 -0.198666 -0.148998
0.162163 -0.148929 -0.198761 -0.148887
0.162163 -0.148929 -0.198761 -0.148887
0.161016 -0.14768 -0.199893 -0.147614
0.161016 -0.14768 -0.199893 -0.147614
0.160916 -0.147576 -0.199991 -0.147512
0.160916 -0.147576 -0.199991 -0.147512
0.160827 -0.147482 -0.200077 -0.147423
0.160827 -0.147482 -0.200077 -0.147423
0.160754 -0.147382 -0.200149 -0.147351
0.160709 -0.147346 -0.200193 -0.147308
0.160673 -0.1473 -0.200175 -0.147276
0.160636 -0.147261 -0.200266 -0.14724
0.160636 -0.147261 -0.200266 -0.14724
0.160556 -0.147184 -0.200347 -0.147157
0.160543 -0.14711 -0.200373 -0.14714
0.160543 -0.14711 -0.200373 -0.14714
0.160442 -0.147066 -0.200464 -0.147043
0.160367 -0.146982 -0.200542 -0.146964
0.160367 -0.146982 -0.200542 -0.146964
0.160329 -0.146941 -0.200582 -0.146924
0.160253 -0.146852 -0.200662 -0.146838
0.160253 -0.146852 -0.200662 -0.146838
0.160215 -0.146806 -0.200703 -0.146794
0.160135 -0.146711 -0.200785 -0.146701
0.160138 -0.146707 -0.200785 -0.146701
0.160176 -0.146666 -0.20075 -0.146755
0.160059 -0.146603 -0.20087 -0.1466
0.160059 -0.146512 -0.20101 -0.146589
0.160059 -0.146512 -0.20101 -0.146589
0.159941 -0.146326 -0.200949 -0.146339
0.159855 -0.146315 -0.201089 -0.14632
0.159855 -0.146315 -0.201089 -0.14632
0.159728 -0.14612 -0.201224 -0.146129
0.159728 -0.14612 -0.201224 -0.146129
0.159765 -0.146082 -0.201187 -0.146185
0.159685 -0.146054 -0.20127 -0.146064
0.159642 -0.145984 -0.201316 -0.145995
0.159554 -0.145834 -0.20141 -0.145846
0.159554 -0.145834 -0.20141 -0.145846
0.15956 -0.145695 -0.201423 -0.145823
0.159463 -0.145682 -0.201505 -0.145695
0.159417 -0.145602 -0.201554 -0.145615
0.159426 -0.145446 -0.201718 -0.145561
0.159323 -0.145433 -0.201653 -0.145446
0.159253 -0.145385 -0.201768 -0.145474
0.159225 -0.145256 -0.201822 -0.145388
0.159151 -0.145209 -0.201659 -0.145203
0.159125 -0.145074 -0.20186 -0.14509
0.159184 -0.144994 -0.20183 -0.145134
0.159022 -0.144882 -0.201967 -0.144898
0.158997 -0.144754 -0.201994 -0.14484
0.159029 -0.144698 -0.201994 -0.14484
0.158829 -0.144639 -0.202133 -0.144598
0.158678 -0.144311 -0.202285 -0.144317
0.158678 -0.144311 -0.202285 -0.144317
0.158409 -0.144162 -0.202253 -0.144367
0.158526 -0.143959 -0.202477 -0.143975
0.158207 -0.143376 -0.202797 -0.143383
0.158108 -0.143367 -0.202848 -0.143289
0.158156 -0.143284 -0.202848 -0.143289
0.158105 -0.143194 -0.202899 -0.143199
0.157955 -0.143091 -0.203002 -0.143011
0.157949 -0.142922 -0.203054 -0.142922
0.157949 -0.142922 -0.203054 -0.142922
0.157801 -0.142818 -0.203161 -0.142742
0.157842 -0.142746 -0.203161 -0.142742
0.157788 -0.142659 -0.203215 -0.142654
0.157641 -0.142546 -0.203326 -0.142476
0.157678 -0.142483 -0.203326 -0.142476
0.157622 -0.142396 -0.203382 -0.142389
0.157476 -0.142276 -0.203498 -0.142214
0.157507 -0.142221 -0.203498 -0.142214
0.157361 -0.142098 -0.203539 -0.142152
0.157391 -0.142048 -0.203617 -0.14204
0.157332 -0.141962 -0.203677 -0.141955
0.157188 -0.141831 -0.2038 -0.141784
0.157211 -0.14179 -0.2038 -0.141784
0.157177 -0.141675 -0.203982 -0.141712
0.157199 -0.141637 -0.203925 -0.141613
0.157117 -0.141588 -0.203898 -0.14165
0.156781 -0.141208 -0.204242 -0.141206
0.156781 -0.141208 -0.204242 -0.141206
0.156644 -0.141082 -0.204277 -0.141167
0.156661 -0.141053 -0.204365 -0.141053
0.156602 -0.140979 -0.204425 -0.140977
0.156584 -0.140849 -0.204459 -0.140937
0.156484 -0.140832 -0.204547 -0.140828
0.156425 -0.14076 -0.204607 -0.140756
0.156407 -0.140636 -0.204638 -0.140722
0.156309 -0.140619 -0.204727 -0.140613
0.156281 -0.140514 -0.204756 -0.140586
0.156291 -0.140496 -0.204756 -0.140587
0.156116 -0.140292 -0.204933 -0.14038
0.156019 -0.140275 -0.205025 -0.140269
0.156019 -0.140275 -0.205025 -0.140269
0.15594 -0.140105 -0.205108 -0.140182
0.15594 -0.140105 -0.205108 -0.140182
0.15594 -0.140105 -0.205108 -0.140182
0.155685 -0.139888 -0.205475 -0.140055
0.155685 -0.139888 -0.205475 -0.140055
0.155685 -0.139888 -0.205475 -0.140055
0.155528 -0.139708 -0.205398 -0.139724
0.155528 -0.139707 -0.205398 -0.139724
0.155528 -0.139707 -0.205532 -0.1397
0.155516 -0.139604 -0.205491 -0.139596
0.155516 -0.139604 -0.205491 -0.139596
0.155377 -0.139526 -0.205689 -0.139512
0.155326 -0.139465 -0.205742 -0.139449
0.155276 -0.139403 -0.205795 -0.139386
0.155276 -0.139403 -0.205795 -0.139386
0.155221 -0.139107 -0.205857 -0.139338
0.15521 -0.139125 -0.205857 -0.139338
0.154989 -0.139034 -0.206095 -0.139026
0.154902 -0.138916 -0.206187 -0.138907
0.154902 -0.138916 -0.206187 -0.138907
0.15482 -0.138799 -0.206125 -0.138816
0.15482 -0.138799 -0.206274 -0.138788
0.15478 -0.138741 -0.206316 -0.138731
0.154703 -0.138626 -0.206251 -0.138642
0.154703 -0.138626 -0.206397 -0.138615
0.154667 -0.138569 -0.206436 -0.138558
0.154716 -0.138514 -0.206387 -0.13863
0.154614 -0.138339 -0.206496 -0.138458
0.154614 -0.138339 -0.206496 -0.138458
0.15453 -0.138341 -0.206496 -0.138458
0.154552 -0.138225 -0.206563 -0.138351
0.154552 -0.138225 -0.206563 -0.138351
0.15444 -0.138174 -0.20668 -0.138157
0.154456 -0.138075 -0.206653 -0.138184
0.154456 -0.138075 -0.206808 -0.138154
0.15436 -0.138007 -0.206768 -0.137988
0.154312 -0.137896 -0.206821 -0.137877
0.154312 -0.137896 -0.206821 -0.137877
0.154353 -0.137771 -0.206783 -0.137917
0.154353 -0.137771 -0.206783 -0.137917
0.154251 -0.137733 -0.206891 -0.137713
0.154217 -0.137625 -0.206931 -0.137606
0.154217 -0.137625 -0.206931 -0.137606
0.154202 -0.137573 -0.206949 -0.137554
0.154249 -0.137532 -0.206805 -0.13753
0.154177 -0.137469 -0.20698 -0.137448
0.154182 -0.13733 -0.206924 -0.137506
0.154158 -0.137368 -0.207005 -0.137346
0.154151 -0.137319 -0.207016 -0.137297
0.154171 -0.137228 -0.206943 -0.137407
0.154142 -0.13722 -0.207032 -0.137199
0.154215 -0.137086 -0.207043 -0.137099
0.154166 -0.137077 -0.207043 -0.137099
0.154138 -0.137076 -0.207046 -0.137054
0.154187 -0.136992 -0.207048 -0.136961
0.154187 -0.136992 -0.207048 -0.136961
0.154203 -0.136858 -0.207039 -0.136829
0.154221 -0.136774 -0.207023 -0.136749
0.154301 -0.136683 -0.206942 -0.136872
0.154301 -0.136683 -0.206942 -0.136872
0.15426 -0.13666 -0.206982 -0.136645
0.154238 -0.136656 -0.206982 -0.136645
0.154301 -0.136595 -0.206886 -0.136728
0.154301 -0.136595 -0.207023 -0.136702
0.154388 -0.136472 -0.206843 -0.136665
0.154348 -0.136538 -0.206843 -0.136665
0.154444 -0.136408 -0.206794 -0.136609
0.154444 -0.136408 -0.206794 -0.136609
0.154494 -0.136346 -0.206803 -0.136392
0.154494 -0.136346 -0.206803 -0.136392
0.154605 -0.136267 -0.206654 -0.136485
0.154556 -0.136347 -0.206654 -0.136485
0.15455 -0.136345 -0.206714 -0.136326
0.154681 -0.136217 -0.206587 -0.136447
0.154625 -0.136304 -0.206587 -0.136447
0.154664 -0.136283 -0.206613 -0.136257
0.154804 -0.136149 -0.206541 -0.136217
0.154746 -0.136245 -0.206541 -0.136217
0.154895 -0.136106 -0.206464 -0.13618
0.154895 -0.136106 -0.206464 -0.13618
0.154877 -0.136192 -0.206424 -0.136165
0.15504 -0.136049 -0.206341 -0.136132
0.15504 -0.136049 -0.206341 -0.136132
0.15502 -0.136146 -0.206297 -0.136121
0.155114 -0.136122 -0.206135 -0.136285
0.155122 -0.136123 -0.206206 -0.136097
0.155294 -0.135976 -0.206198 -0.136236
0.155345 -0.13609 -0.206005 -0.136068
0.155345 -0.13609 -0.206005 -0.136068
0.155345 -0.13609 -0.206005 -0.136068
0.155526 -0.135946 -0.20583 -0.136249
0.155467 -0.136083 -0.205895 -0.136065
0.15553 -0.136084 -0.205838 -0.136062
0.155723 -0.135941 -0.205651 -0.136254
0.155661 -0.13609 -0.20572 -0.136061
0.155728 -0.136093 -0.205659 -0.136067
0.155929 -0.135946 -0.205464 -0.136273
0.155929 -0.135946 -0.205464 -0.136273
0.155937 -0.136114 -0.205469 -0.13609
0.15601 -0.136122 -0.205403 -0.136103
0.156147 -0.135964 -0.205431 -0.136279
0.156479 -0.136217 -0.204976 -0.136206
0.156479 -0.136217 -0.204976 -0.136206
0.156595 -0.136254 -0.204819 -0.136255
0.156595 -0.136254 -0.204819 -0.136255
0.156737 -0.136288 -0.204739 -0.136283
0.156918 -0.136345 -0.204573 -0.136338
0.156918 -0.136345 -0.204573 -0.136338
0.157146 -0.136218 -0.204352 -0.136573
0.157146 -0.136218 -0.204487 -0.136546
0.157226 -0.136465 -0.204227 -0.136468
0.157226 -0.136465 -0.204227 -0.136468
0.157797 -0.136435 -0.203945 -0.136758
0.157797 -0.136435 -0.203945 -0.136758
0.157889 -0.136696 -0.203678 -0.136697
0.158025 -0.136538 -0.203542 -0.136899
0.158025 -0.136538 -0.203464 -0.136757
0.158233 -0.136619 -0.203349 -0.136982
0.158233 -0.136619 -0.203349 -0.136982
0.159264 -0.137218 -0.202068 -0.137328
0.159264 -0.137218 -0.202068 -0.137328
0.159481 -0.136977 -0.202252 -0.13757
0.160023 -0.137513 -0.201697 -0.137553
0.160023 -0.137513 -0.201697 -0.137553
0.160223 -0.137449 -0.201505 -0.137724
0.160223 -0.137448 -0.201505 -0.137724
0.16033 -0.137631 -0.201412 -0.137642
0.160535 -0.137543 -0.201215 -0.137824
0.160535 -0.137542 -0.201215 -0.137824
0.160619 -0.137726 -0.201145 -0.137727
0.160801 -0.137788 -0.200978 -0.137776
0.160801 -0.137787 -0.200978 -0.137776
0.16089 -0.137812 -0.200896 -0.137807
0.16111 -0.137687 -0.200683 -0.138023
0.161006 -0.137866 -0.200609 -0.137879
0.161149 -0.137899 -0.20066 -0.137888
0.161379 -0.137761 -0.200437 -0.138125
0.161318 -0.137967 -0.200507 -0.137946
0.161402 -0.137996 -0.200431 -0.137981
0.161486 -0.138034 -0.200355 -0.138014
0.161603 -0.138106 -0.200204 -0.138094
0.161654 -0.138111 -0.200204 -0.138093
0.161739 -0.138154 -0.200127 -0.138137
0.161994 -0.138006 -0.199881 -0.138424
0.161912 -0.138259 -0.200057 -0.138394
0.162 -0.138309 -0.199894 -0.138286
0.162545 -0.138353 -0.19896 -0.138717
0.16266 -0.138791 -0.199302 -0.138789
0.162763 -0.138874 -0.199063 -0.138904
0.162763 -0.138874 -0.199063 -0.138903
0.162763 -0.138874 -0.199209 -0.138878
0.163193 -0.138485 -0.198945 -0.13921
0.163036 -0.138759 -0.199084 -0.139186
0.163083 -0.139163 -0.198921 -0.139153
0.163193 -0.139272 -0.198822 -0.139249
0.163485 -0.139167 -0.198481 -0.139487
0.163485 -0.139167 -0.198481 -0.139487
0.16353 -0.1396 -0.198521 -0.139575
0.163644 -0.139835 -0.198224 -0.139964
0.163761 -0.139844 -0.198379 -0.139938
0.163879 -0.139965 -0.198271 -0.140059
0.163999 -0.140097 -0.198102 -0.140059
0.16412 -0.140231 -0.197994 -0.14019
0.164369 -0.140504 -0.197772 -0.140468
0.164369 -0.140504 -0.197772 -0.140468
0.164717 -0.140389 -0.197437 -0.140925
0.164856 -0.140398 -0.197542 -0.14076
0.164761 -0.140951 -0.197423 -0.140913
0.164888 -0.141265 -0.197004 -0.141259
0.165034 -0.141275 -0.19718 -0.141231
0.165271 -0.140997 -0.19712 -0.14153
0.167614 -0.143539 -0.19506 -0.144004
0.167614 -0.143539 -0.19506 -0.144004
0.167881 -0.144036 -0.194534 -0.144512
0.167881 -0.144036 -0.194534 -0.144512
0.168002 -0.144575 -0.194383 -0.144603
0.168522 -0.14455 -0.194053 -0.144981
0.16851 -0.145032 -0.193908 -0.145043
0.168683 -0.144833 -0.193734 -0.145276
0.168867 -0.14484 -0.193792 -0.145269
0.168852 -0.14531 -0.193598 -0.145317
0.16921 -0.145229 -0.193257 -0.145692
0.16921 -0.145229 -0.193257 -0.145692
0.169352 -0.145702 -0.193152 -0.145692
0.169724 -0.145587 -0.192799 -0.146087
0.169724 -0.145587 -0.192799 -0.146087
0.169839 -0.14607 -0.192722 -0.146051
0.170228 -0.145928 -0.192349 -0.146467
0.170228 -0.145928 -0.192349 -0.146467
0.17032 -0.146432 -0.192291 -0.146406
0.170871 -0.146274 -0.191902 -0.146843
0.170871 -0.146274 -0.191902 -0.146843
0.17106 -0.146502 -0.191601 -0.147105
0.17106 -0.146502 -0.191601 -0.147105
0.171135 -0.147062 -0.191563 -0.147028
0.172272 -0.147442 -0.190446 -0.147927
0.172272 -0.147442 -0.19063 -0.147903
0.172365 -0.148219 -0.190367 -0.148382
0.172742 -0.148381 -0.190193 -0.148535
0.172742 -0.148381 -0.190127 -0.148381
0.172929 -0.148721 -0.189845 -0.148864
0.172929 -0.148721 -0.189845 -0.148864
0.17333 -0.148893 -0.189602 -0.148881
0.173806 -0.148756 -0.189307 -0.149382
0.173525 -0.149259 -0.189307 -0.149382
0.173733 -0.149438 -0.18906 -0.149413
0.174654 -0.149294 -0.188584 -0.149965
0.174569 -0.15002 -0.188501 -0.149984
0.174868 -0.149671 -0.188374 -0.150337
0.174868 -0.149671 -0.18831 -0.150184
0.175002 -0.150428 -0.188116 -0.150392
0.175223 -0.150649 -0.187921 -0.1506
0.176235 -0.150704 -0.187007 -0.15147
0.176235 -0.150704 -0.187007 -0.15147
0.176696 -0.151382 -0.186749 -0.152132
0.177026 -0.150992 -0.186416 -0.152537
0.176848 -0.152261 -0.186591 -0.152518
0.177093 -0.152514 -0.186263 -0.152493
0.177689 -0.152375 -0.185696 -0.153165
0.177593 -0.153047 -0.185822 -0.153002
0.178203 -0.152889 -0.185241 -0.153701
0.178203 -0.152889 -0.185241 -0.153701
0.177779 -0.153871 -0.185144 -0.153817
0.178514 -0.153011 -0.184485 -0.154405
0.178514 -0.153011 -0.184485 -0.154405
0.179096 -0.152994 -0.184485 -0.154405
0.179849 -0.152107 -0.184054 -0.155135
0.180238 -0.151638 -0.183962 -0.155262
0.182618 -0.148762 -0.181479 -0.158152
0.182618 -0.148762 -0.181479 -0.158152
0.182559 -0.156235 -0.181783 -0.157961
0.181671 -0.157818 -0.181908 -0.157829
0.182325 -0.15813 -0.181639 -0.158148
0.183402 -0.157983 -0.180969 -0.158922
0.182941 -0.158797 -0.181098 -0.158786
0.183251 -0.159114 -0.180825 -0.159111
0.18435 -0.158947 -0.180135 -0.159901
0.184192 -0.160099 -0.179998 -0.160084
0.184614 -0.159611 -0.179575 -0.160559
0.184136 -0.16045 -0.179719 -0.160411
0.184827 -0.160755 -0.179439 -0.16074
0.185595 -0.160584 -0.17871 -0.161563
0.185595 -0.160584 -0.17871 -0.161563
0.185794 -0.161762 -0.17859 -0.161738
0.186978 -0.161537 -0.177831 -0.162592
0.18645 -0.162459 -0.178015 -0.162416
0.18678 -0.162795 -0.177724 -0.162765
0.188006 -0.162549 -0.176933 -0.163652
0.187452 -0.163515 -0.177135 -0.163468
0.18779 -0.163862 -0.176836 -0.163831
0.188483 -0.16461 -0.176014 -0.164751
0.188483 -0.164609 -0.176229 -0.164563
0.189415 -0.163969 -0.175919 -0.164943
0.189726 -0.164743 -0.17507 -0.165886
0.189112 -0.165795 -0.175344 -0.165865
0.189915 -0.166133 -0.17497 -0.166101
0.190286 -0.166542 -0.174646 -0.166496
0.190661 -0.166951 -0.174318 -0.1669
0.192387 -0.16753 -0.17273 -0.168745
0.192207 -0.168598 -0.172956 -0.168582
0.192207 -0.168598 -0.172956 -0.168582
0.192207 -0.168598 -0.172956 -0.168582
0.193184 -0.168342 -0.172012 -0.169608
0.193722 -0.168275 -0.172012 -0.169608
0.193416 -0.169913 -0.171885 -0.169876
0.19437 -0.170307 -0.171523 -0.170318
0.194985 -0.169599 -0.170906 -0.170937
0.195738 -0.171018 -0.16977 -0.172331
0.195738 -0.171018 -0.16977 -0.172331
0.195738 -0.171018 -0.16977 -0.172331
0.196848 -0.173624 -0.168862 -0.173721
0.196848 -0.173624 -0.168862 -0.173721
0.198086 -0.172803 -0.168488 -0.174319
0.198086 -0.172803 -0.168488 -0.174319
0.19775 -0.17458 -0.168003 -0.174568
0.198674 -0.175616 -0.167198 -0.175551
0.199367 -0.174827 -0.166788 -0.17606
0.198508 -0.176202 -0.166787 -0.176063
0.19961 -0.176598 -0.166374 -0.176577
0.200815 -0.176316 -0.165535 -0.177615
0.199887 -0.177783 -0.165535 -0.177615
0.201059 -0.178192 -0.165106 -0.178151
0.202109 -0.181124 -0.162938 -0.181137
0.202109 -0.181124 -0.162938 -0.181137
0.20498 -0.177866 -0.16002 -0.183712
0.20498 -0.177866 -0.16002 -0.183712
0.206369 -0.18218 -0.159627 -0.184218
0.206369 -0.18218 -0.159627 -0.184218
0.206165 -0.185438 -0.157747 -0.186298
0.206165 -0.185438 -0.157747 -0.186298
0.207594 -0.185801 -0.157229 -0.186698
0.207495 -0.187203 -0.156075 -0.187763
0.207511 -0.187228 -0.156325 -0.187756
0.208415 -0.187698 -0.155836 -0.188154
0.209386 -0.187595 -0.154679 -0.189195
0.208244 -0.189245 -0.154968 -0.189188
0.209387 -0.189548 -0.154493 -0.189542
0.210956 -0.190885 -0.15321 -0.190884
0.210956 -0.190885 -0.15321 -0.190884
0.210956 -0.190885 -0.15321 -0.190884
0.21248 -0.189907 -0.152768 -0.191325
0.211991 -0.191738 -0.152315 -0.191769
0.213035 -0.192666 -0.151053 -0.19266
0.213035 -0.192666 -0.151416 -0.192654
0.213554 -0.193114 -0.15096 -0.193102
0.214602 -0.194049 -0.149672 -0.194195
0.214602 -0.194049 -0.150042 -0.194023
0.215128 -0.194516 -0.149579 -0.194495
0.215248 -0.195748 -0.148226 -0.195643
0.216204 -0.195529 -0.148186 -0.195481
0.216746 -0.196008 -0.14816 -0.19598
0.218238 -0.1955 -0.147222 -0.197188
0.216821 -0.197329 -0.147224 -0.197186
0.218423 -0.197595 -0.146689 -0.197575
0.219962 -0.197074 -0.145711 -0.198828
0.218462 -0.198971 -0.145714 -0.198824
0.220536 -0.197628 -0.144715 -0.199392
0.220741 -0.199792 -0.144658 -0.19983
0.221701 -0.198724 -0.143694 -0.200522
0.224122 -0.200136 -0.142621 -0.202171
0.224122 -0.200136 -0.142621 -0.202171
0.225006 -0.199139 -0.141724 -0.202799
0.223281 -0.202038 -0.142124 -0.202789
0.223686 -0.202434 -0.14158 -0.203223
0.225831 -0.201724 -0.140567 -0.204389
0.224399 -0.203422 -0.140553 -0.204332
0.224715 -0.203786 -0.140046 -0.204886
0.2267 -0.203386 -0.138554 -0.206628
0.2267 -0.203386 -0.138554 -0.206628
0.2267 -0.203386 -0.138554 -0.206628
0.227124 -0.203926 -0.136269 -0.208828
0.226812 -0.204648 -0.135454 -0.209357
0.226812 -0.204648 -0.135454 -0.209358
0.22734 -0.204297 -0.135203 -0.21033
0.22734 -0.204297 -0.135203 -0.21033
0.227449 -0.204269 -0.13391 -0.211351
0.22789 -0.20414 -0.13391 -0.21135
0.228162 -0.204052 -0.133809 -0.211846
0.22843 -0.20395 -0.133363 -0.212356
0.229234 -0.20304 -0.132924 -0.212866
0.230114 -0.202735 -0.130733 -0.21535
0.230114 -0.202735 -0.130733 -0.21535
0.231203 -0.201493 -0.12949 -0.216314
0.231168 -0.20146 -0.129495 -0.21631
0.231158 -0.20174 -0.129436 -0.216771
0.231919 -0.201102 -0.128576 -0.217709
0.231919 -0.201102 -0.128576 -0.217709
0.232319 -0.200729 -0.128146 -0.218169
0.233139 -0.200035 -0.127296 -0.219089
0.233139 -0.200035 -0.127296 -0.219089
0.233562 -0.199661 -0.126874 -0.219544
0.234712 -0.198403 -0.125642 -0.220459
0.234427 -0.198914 -0.126034 -0.220448
0.234864 -0.198543 -0.125616 -0.220898
0.236031 -0.197317 -0.124376 -0.221813
0.235741 -0.197855 -0.124788 -0.221801
0.23618 -0.19746 -0.124378 -0.222247
0.237492 -0.196259 -0.123163 -0.223572
0.237493 -0.19626 -0.123165 -0.223571
0.237493 -0.19626 -0.123165 -0.223571
0.238183 -0.195453 -0.122371 -0.224435
0.238183 -0.195453 -0.122371 -0.224435
0.240649 -0.192965 -0.120404 -0.226545
0.240649 -0.192965 -0.120404 -0.226545
0.241121 -0.192467 -0.120401 -0.226929
0.241121 -0.192467 -0.120401 -0.226929
0.242837 -0.190608 -0.118846 -0.228113
0.242837 -0.190608 -0.118846 -0.228113
0.243011 -0.19042 -0.118458 -0.228512
0.243636 -0.189616 -0.117713 -0.228929
0.243931 -0.189368 -0.117693 -0.229307
0.244377 -0.188876 -0.117313 -0.2297
0.245513 -0.18754 -0.116569 -0.230486
0.245232 -0.187867 -0.116569 -0.230486
0.245859 -0.187054 -0.115802 -0.230904
0.246445 -0.18629 -0.11546 -0.23163
0.246445 -0.18629 -0.115464 -0.231661
0.246835 -0.185752 -0.115104 -0.232049
0.247216 -0.185218 -0.114743 -0.232405
0.248327 -0.183569 -0.113696 -0.233593
0.248327 -0.183569 -0.113696 -0.233593
0.248327 -0.183569 -0.113696 -0.233593
0.249058 -0.182435 -0.11301 -0.234366
0.249058 -0.182435 -0.11301 -0.234366
0.249802 -0.181319 -0.112333 -0.235129
0.249771 -0.181333 -0.112333 -0.235129
0.250117 -0.18077 -0.111999 -0.235514
0.250453 -0.180196 -0.111669 -0.235897
0.251436 -0.178435 -0.110676 -0.236991
0.251436 -0.178435 -0.110676 -0.236991
0.252002 -0.177633 -0.109923 -0.237341
0.251758 -0.177843 -0.110391 -0.23748
0.252079 -0.177247 -0.110084 -0.237881
0.25295 -0.175853 -0.109059 -0.238728
0.252703 -0.176057 -0.109482 -0.238691
0.253561 -0.174578 -0.108439 -0.239444
0.253324 -0.174691 -0.108903 -0.239518
0.254188 -0.173205 -0.10787 -0.240279
0.253971 -0.173308 -0.108343 -0.240367
0.254841 -0.171816 -0.10732 -0.241136
0.254644 -0.171909 -0.107753 -0.241094
0.254989 -0.171205 -0.107538 -0.241682
0.255861 -0.169709 -0.106593 -0.242633
0.255688 -0.16979 -0.107026 -0.242587
0.25656 -0.168295 -0.106033 -0.243373
0.25656 -0.168295 -0.106033 -0.243373
0.256754 -0.167663 -0.106294 -0.243989
0.257107 -0.166953 -0.106059 -0.244468
0.257107 -0.166953 -0.106059 -0.244468
0.257805 -0.16554 -0.105604 -0.245445
0.258486 -0.164134 -0.105168 -0.246451
0.258486 -0.164134 -0.105168 -0.246451
0.258823 -0.163435 -0.104957 -0.246963
0.25964 -0.16196 -0.104012 -0.24779
0.259479 -0.162045 -0.10455 -0.248004
0.259801 -0.161356 -0.104354 -0.248536
0.260888 -0.159186 -0.103247 -0.249918
0.261185 -0.158495 -0.103074 -0.250464
0.26102 -0.158585 -0.103618 -0.250725
0.261036 -0.158562 -0.103618 -0.250725
0.261792 -0.157124 -0.102728 -0.251582
0.261793 -0.157124 -0.102728 -0.251582
0.261932 -0.156432 -0.103115 -0.25243
0.262424 -0.155086 -0.102804 -0.253593
0.262503 -0.154974 -0.102804 -0.253593
0.263506 -0.15278 -0.102208 -0.255004
0.263506 -0.15278 -0.102208 -0.255004
0.263355 -0.152791 -0.102374 -0.255385
0.264068 -0.151318 -0.101522 -0.256278
0.264068 -0.151318 -0.101936 -0.25621
0.264206 -0.150533 -0.101989 -0.257224
0.264903 -0.149017 -0.101151 -0.258128
0.264903 -0.149017 -0.101151 -0.258128
0.265943 -0.145909 -0.101341 -0.261041
0.265943 -0.145909 -0.101341 -0.261041
0.26663 -0.144443 -0.100562 -0.261956
0.266423 -0.144565 -0.100784 -0.262421
0.266857 -0.143576 -0.101071 -0.263011
0.267159 -0.142775 -0.100989 -0.263675
0.267531 -0.142076 -0.100674 -0.263863
0.270717 -0.13426 -0.100274 -0.271157
0.270717 -0.13426 -0.100274 -0.271157
0.271455 -0.132771 -0.0996327 -0.272057
0.271399 -0.132809 -0.100168 -0.27253
0.271728 -0.13208 -0.100118 -0.273214
0.272326 -0.130758 -0.0991928 -0.273577
0.272442 -0.13055 -0.0991973 -0.273575
0.273359 -0.128302 -0.0996394 -0.276653
0.273229 -0.128398 -0.0998895 -0.276595
0.273503 -0.127816 -0.0993005 -0.276804
0.27351 -0.127685 -0.0995502 -0.276745
0.273778 -0.126954 -0.0998096 -0.277923
0.274492 -0.125246 -0.0991626 -0.278795
0.274264 -0.125405 -0.0994461 -0.278728
0.274784 -0.124031 -0.099085 -0.2801
0.274734 -0.123875 -0.0993885 -0.280027
0.274964 -0.123107 -0.0996636 -0.281165
0.275659 -0.121309 -0.0989961 -0.282027
0.275398 -0.121496 -0.0993263 -0.281945
0.275619 -0.120697 -0.0996117 -0.283061
0.275898 -0.120057 -0.0996003 -0.283686
0.276054 -0.119059 -0.0995913 -0.284306
0.276269 -0.118216 -0.0995859 -0.284924
0.276489 -0.117379 -0.0995825 -0.285537
0.276721 -0.116062 -0.0992224 -0.286854
0.276921 -0.115639 -0.0995833 -0.286758
0.277221 -0.113826 -0.0996081 -0.288567
0.277221 -0.113826 -0.0996081 -0.288567
0.277221 -0.113826 -0.0996081 -0.288567
0.277892 -0.111661 -0.0989683 -0.289386
0.278072 -0.111262 -0.0992857 -0.28986
0.278303 -0.110352 -0.0996515 -0.290359
0.278558 -0.108941 -0.0993701 -0.291076
0.278758 -0.108483 -0.0996945 -0.291547
0.278996 -0.107567 -0.0997185 -0.292139
0.279657 -0.105534 -0.0997752 -0.293322
0.279462 -0.105684 -0.0997752 -0.293322
0.279928 -0.103783 -0.0998417 -0.294506
0.279928 -0.103783 -0.0998417 -0.294506
0.280162 -0.10283 -0.0998787 -0.295096
0.280405 -0.101908 -0.0999167 -0.295685
0.280842 -0.100347 -0.0993335 -0.296492
0.280856 -0.0999796 -0.100005 -0.296881
0.281086 -0.0990244 -0.100053 -0.297475
0.281327 -0.0976704 -0.0994877 -0.298275
0.281535 -0.0971186 -0.0997887 -0.298182
0.281945 -0.0955653 -0.0996057 -0.299479
0.28174 -0.0957374 -0.0996057 -0.299479
0.282169 -0.0941808 -0.100343 -0.300493
0.282588 -0.0922248 -0.100091 -0.301217
0.282588 -0.0922248 -0.100091 -0.301217
0.28383 -0.0870053 -0.100313 -0.30501
0.28383 -0.0870053 -0.100323 -0.305007
0.284268 -0.085266 -0.100498 -0.306267
0.284319 -0.0848921 -0.101129 -0.306728
0.284519 -0.0840156 -0.101228 -0.307359
0.284843 -0.0826255 -0.100795 -0.308173
0.28487 -0.0822114 -0.101416 -0.308646
0.285048 -0.0813377 -0.101518 -0.309286
0.285182 -0.080858 -0.101002 -0.309453
0.285379 -0.0795825 -0.101733 -0.310581
0.285648 -0.0782327 -0.101348 -0.311397
0.285648 -0.0782327 -0.101345 -0.311398
0.285815 -0.0769263 -0.102067 -0.31255
0.286073 -0.0751511 -0.101699 -0.313372
0.286073 -0.0751511 -0.1017 -0.313372
0.286206 -0.0742864 -0.102417 -0.314555
0.286433 -0.0725098 -0.102686 -0.315913
0.286407 -0.0722144 -0.102227 -0.31606
0.286407 -0.0722144 -0.10232 -0.316028
0.286686 -0.0708201 -0.102958 -0.317271
0.286706 -0.0697215 -0.10265 -0.31812
0.286706 -0.0697215 -0.10265 -0.31812
0.286963 -0.0681716 -0.103391 -0.319383
0.287125 -0.0664005 -0.103112 -0.320236
0.287125 -0.0664005 -0.103112 -0.320236
0.287214 -0.0655388 -0.103868 -0.321537
0.287524 -0.0636009 -0.104201 -0.323019
0.287359 -0.0637664 -0.104208 -0.323017
0.287519 -0.0625341 -0.104568 -0.324507
0.287598 -0.0621719 -0.104161 -0.324636
0.287598 -0.0621719 -0.104768 -0.325261
0.287665 -0.0603011 -0.104933 -0.32603
0.287794 -0.0590776 -0.105323 -0.327606
0.287794 -0.0590775 -0.105323 -0.327606
0.287904 -0.0573314 -0.105152 -0.328511
0.287904 -0.0573314 -0.105152 -0.328511
0.288017 -0.0556204 -0.105573 -0.330125
0.288004 -0.0550583 -0.105578 -0.330124
0.288115 -0.0539143 -0.106032 -0.331773
0.288102 -0.0533401 -0.106032 -0.331773
0.288149 -0.0524959 -0.106818 -0.333362
0.288185 -0.0516382 -0.107049 -0.33423
0.288398 -0.0490338 -0.107763 -0.336856
0.288398 -0.0490338 -0.107763 -0.336856
0.288398 -0.0490338 -0.107763 -0.336856
0.288565 -0.0461355 -0.108762 -0.340451
0.288557 -0.0457403 -0.109798 -0.342102
0.288533 -0.0452603 -0.109547 -0.342198
0.288533 -0.0452603 -0.109547 -0.342198
0.288559 -0.0438002 -0.109291 -0.3433
0.288559 -0.0438002 -0.109291 -0.3433
0.288638 -0.0423414 -0.110103 -0.345128
0.288522 -0.0411832 -0.110382 -0.348225
0.288633 -0.0397714 -0.111017 -0.349058
0.288633 -0.0397714 -0.111017 -0.349058
0.288724 -0.0374993 -0.112137 -0.351911
0.288704 -0.0368137 -0.111913 -0.351981
0.288707 -0.0368144 -0.111521 -0.35213
0.288614 -0.0353801 -0.113495 -0.35478
0.288619 -0.0353813 -0.11306 -0.354948
0.288477 -0.0346849 -0.114168 -0.356812
0.288532 -0.0339713 -0.113687 -0.356997
0.288512 -0.0331863 -0.113887 -0.358059
0.288452 -0.0325958 -0.114865 -0.358867
0.288419 -0.0318502 -0.114 -0.360359
0.288358 -0.0312393 -0.115001 -0.361182
0.288319 -0.0305422 -0.115286 -0.362257
0.288213 -0.0306632 -0.116325 -0.363084
0.288087 -0.0280242 -0.116698 -0.366633
0.288087 -0.0280242 -0.116698 -0.366633
0.288087 -0.0280242 -0.116706 -0.366631
0.287959 -0.0276116 -0.117102 -0.367714
0.287988 -0.0268695 -0.1174 -0.368885
0.287911 -0.0263655 -0.117856 -0.369987
0.287911 -0.0263655 -0.117861 -0.369985
0.287749 -0.0251557 -0.11848 -0.372335
0.287561 -0.0234848 -0.12057 -0.375534
0.28748 -0.0235851 -0.119582 -0.375907
0.28748 -0.0235851 -0.119582 -0.375907
0.287413 -0.0233279 -0.120184 -0.377018
0.28733 -0.0226922 -0.121418 -0.377934
0.287215 -0.0224604 -0.120984 -0.379483
0.287215 -0.0224604 -0.120984 -0.379483
0.286997 -0.0213924 -0.121474 -0.382082
0.28674 -0.0214027 -0.12225 -0.384665
0.28674 -0.0214027 -0.12225 -0.384665
0.286629 -0.0202587 -0.122651 -0.385948
0.286502 -0.0206928 -0.123045 -0.387279
0.286383 -0.0196197 -0.122112 -0.387636
0.286244 -0.0196759 -0.124303 -0.389784
0.286244 -0.0196759 -0.124303 -0.389784
0.286223 -0.0200244 -0.124775 -0.389633
0.285896 -0.0186199 -0.125079 -0.393975
0.285716 -0.0187749 -0.127498 -0.396207
0.285719 -0.0187758 -0.127498 -0.396207
0.285433 -0.0179644 -0.126334 -0.398177
0.285275 -0.0185627 -0.126757 -0.399622
0.285106 -0.0176015 -0.127187 -0.401041
0.284885 -0.0171314 -0.12833 -0.402283
0.284755 -0.0172933 -0.128052 -0.403984
0.284596 -0.0171906 -0.128488 -0.405441
0.284447 -0.0178769 -0.129257 -0.405197
0.28421 -0.0175954 -0.128126 -0.408902
0.28421 -0.0175954 -0.128126 -0.408902
0.28375 -0.0176703 -0.128993 -0.411935
0.28375 -0.0176703 -0.128993 -0.411935
0.28334 -0.0175823 -0.130262 -0.416597
0.283315 -0.0168423 -0.130262 -0.416597
0.283205 -0.016977 -0.132056 -0.417723
0.28301 -0.0177612 -0.13353 -0.418955
0.283011 -0.0177616 -0.13107 -0.419751
0.282822 -0.0178578 -0.134018 -0.420591
0.282028 -0.0179766 -0.135257 -0.428976
0.282028 -0.0179766 -0.135257 -0.428976
0.28183 -0.0189641 -0.136841 -0.430241
0.281711 -0.0184666 -0.134243 -0.431044
0.281532 -0.0187043 -0.136662 -0.43383
0.281138 -0.0191701 -0.137601 -0.437101
0.281149 -0.0191736 -0.137558 -0.437115
0.280892 -0.0201967 -0.139248 -0.438366
0.280716 -0.0196348 -0.138489 -0.440433
0.280512 -0.0198837 -0.138958 -0.442062
0.279985 -0.0206154 -0.143411 -0.446098
0.279889 -0.0207256 -0.140368 -0.447004
0.279889 -0.0207256 -0.140368 -0.447004
0.27962 -0.0212502 -0.144513 -0.44938
0.279505 -0.0213824 -0.141301 -0.450323
0.279278 -0.021679 -0.141769 -0.451974
0.278783 -0.0222298 -0.146 -0.45431
0.278783 -0.0222298 -0.146 -0.45431
0.278558 -0.0225333 -0.14317 -0.456874
0.278088 -0.0231067 -0.144035 -0.460019
0.278088 -0.0231067 -0.144035 -0.460019
0.277788 -0.0243021 -0.145871 -0.460941
0.277624 -0.0236674 -0.147951 -0.461908
0.277392 -0.0239399 -0.144976 -0.464096
0.276813 -0.0253102 -0.146914 -0.466112
0.276813 -0.0253102 -0.146914 -0.466112
0.276813 -0.0253102 -0.146914 -0.466112
0.276095 -0.0256013 -0.145051 -0.46946
0.276095 -0.0256013 -0.145051 -0.46946
0.276095 -0.0256013 -0.145051 -0.46946
0.275486 -0.0273145 -0.149106 -0.470169
0.275289 -0.0275328 -0.143412 -0.471577
0.275043 -0.0271048 -0.142932 -0.472134
0.27469 -0.0275933 -0.144704 -0.472543
0.27469 -0.0275933 -0.144704 -0.472543
0.274354 -0.0280298 -0.141299 -0.473657
0.273847 -0.0286108 -0.140163 -0.474631
0.273847 -0.0286108 -0.140163 -0.474631
0.272642 -0.0314715 -0.138921 -0.475662
0.272642 -0.0314715 -0.138921 -0.475662
0.271991 -0.0321931 -0.136553 -0.476844
0.271991 -0.0321931 -0.136558 -0.476841
0.271991 -0.0321931 -0.136558 -0.476841
0.271514 -0.0329033 -0.136341 -0.477352
0.271524 -0.0329081 -0.136346 -0.47735
0.271261 -0.0331932 -0.136246 -0.477623
0.27104 -0.0333289 -0.135973 -0.478175
0.27104 -0.0333289 -0.135973 -0.478175
0.268002 -0.0398152 -0.136889 -0.477975
0.267922 -0.0403785 -0.137888 -0.477688
0.267874 -0.0402413 -0.137888 -0.477688
0.267724 -0.0406223 -0.137916 -0.477725
0.267326 -0.0411704 -0.139521 -0.477398
0.267333 -0.0411739 -0.13901 -0.477717
0.266941 -0.0416265 -0.139956 -0.477675
0.266941 -0.0416265 -0.139956 -0.477675
0.266754 -0.0418336 -0.141063 -0.47735
0.266573 -0.0420328 -0.140685 -0.477573
0.266373 -0.0421852 -0.140956 -0.477548
0.266055 -0.0423701 -0.141275 -0.477489
0.265967 -0.0424385 -0.141275 -0.477489
0.265665 -0.0433001 -0.142616 -0.477039
0.265576 -0.0426976 -0.142616 -0.477039
0.265378 -0.0428229 -0.141238 -0.477318
0.265037 -0.0429346 -0.142443 -0.476846
0.264944 -0.0430155 -0.142581 -0.47691
0.264736 -0.0431371 -0.140552 -0.477045
0.264384 -0.0432731 -0.141607 -0.476497
0.26429 -0.0433539 -0.141647 -0.476515
0.264073 -0.0434913 -0.13931 -0.476613
0.263843 -0.0436182 -0.1388 -0.476444
0.263603 -0.043738 -0.140252 -0.476018
0.263128 -0.0440311 -0.137039 -0.475852
0.263128 -0.0440311 -0.137039 -0.475852
0.26289 -0.0441964 -0.136402 -0.475618
0.262755 -0.0450091 -0.13787 -0.475194
0.262006 -0.0454848 -0.133734 -0.474483
0.262006 -0.0454848 -0.133734 -0.474483
0.261867 -0.0462677 -0.133296 -0.474274
0.261648 -0.0450917 -0.133296 -0.474274
0.261421 -0.0453448 -0.132488 -0.473841
0.261006 -0.0463068 -0.131376 -0.473283
0.261006 -0.0463068 -0.131376 -0.473283
0.260552 -0.0457455 -0.130469 -0.472793
0.259964 -0.0459529 -0.131189 -0.471992
0.259964 -0.0459529 -0.131189 -0.471992
0.259964 -0.0459529 -0.131189 -0.471992
0.259442 -0.0462667 -0.127462 -0.471059
0.259027 -0.0471968 -0.126299 -0.470313
0.259027 -0.0471968 -0.12591 -0.470072
0.258024 -0.0468121 -0.122806 -0.467935
0.258024 -0.0468121 -0.122806 -0.467935
0.257343 -0.047425 -0.121491 -0.466874
0.257343 -0.047425 -0.121491 -0.466874
0.256877 -0.0478562 -0.121844 -0.465749
0.256878 -0.0478574 -0.120369 -0.465807
0.256631 -0.0480418 -0.119847 -0.465248
0.256356 -0.0481628 -0.119308 -0.464648
0.254644 -0.0497656 -0.116054 -0.459607
0.254644 -0.0497656 -0.116054 -0.459607
0.253792 -0.0512425 -0.116397 -0.457848
0.253754 -0.0512759 -0.116397 -0.457848
0.253754 -0.0512759 -0.116397 -0.457848
0.253465 -0.0516566 -0.117294 -0.456905
0.253475 -0.0516645 -0.116724 -0.45691
0.253123 -0.0518816 -0.116825 -0.456381
0.252759 -0.05192 -0.117515 -0.455191
0.252761 -0.0519224 -0.116823 -0.455194
0.252418 -0.0520821 -0.116746 -0.45458
0.252197 -0.0521312 -0.116598 -0.453924
0.252068 -0.0521022 -0.116381 -0.453226
0.251763 -0.0522097 -0.116126 -0.452526
0.251545 -0.0522373 -0.115807 -0.451784
0.251097 -0.05298 -0.116629 -0.450694
0.250877 -0.052973 -0.114578 -0.449432
0.25088 -0.0522956 -0.114578 -0.449432
0.250672 -0.0523547 -0.11411 -0.448613
0.250303 -0.0530712 -0.113044 -0.446837
0.250303 -0.0530712 -0.113044 -0.446837
0.24999 -0.0524522 -0.112483 -0.445941
0.249527 -0.0532281 -0.112002 -0.444735
0.249528 -0.0525392 -0.111339 -0.444164
0.249302 -0.0526065 -0.110736 -0.443209
0.249061 -0.0526457 -0.111961 -0.442901
0.248824 -0.0527006 -0.109441 -0.441181
0.248577 -0.0527352 -0.108761 -0.440128
0.248175 -0.053455 -0.108123 -0.438682
0.24807 -0.0527827 -0.108123 -0.438682
0.247829 -0.052839 -0.106667 -0.436911
0.247433 -0.0535746 -0.106069 -0.435434
0.247327 -0.0536452 -0.106069 -0.435434
0.24669 -0.0537055 -0.105041 -0.432091
0.246541 -0.0543812 -0.106226 -0.431801
0.246154 -0.0533364 -0.101957 -0.429121
0.245933 -0.0534707 -0.101399 -0.428044
0.245459 -0.0536713 -0.100357 -0.425844
0.245459 -0.0536713 -0.100357 -0.425844
0.245227 -0.0537773 -0.0998869 -0.424771
0.244603 -0.0545528 -0.100043 -0.422223
0.244603 -0.0545528 -0.100043 -0.422223
0.244603 -0.0545528 -0.100043 -0.422223
0.24429 -0.0552889 -0.0997493 -0.420445
0.244085 -0.0542379 -0.097725 -0.419231
0.24385 -0.0542956 -0.0973294 -0.41807
0.24346 -0.0549249 -0.0979781 -0.416584
0.24346 -0.0549249 -0.0979781 -0.416584
0.242891 -0.0543463 -0.0971694 -0.414957
0.242891 -0.0543463 -0.0964385 -0.414092
0.242524 -0.0549861 -0.0948037 -0.410619
0.242524 -0.0549861 -0.0948037 -0.410619
0.24184 -0.0543891 -0.0942869 -0.40696
0.24184 -0.0543891 -0.0942869 -0.40696
0.24184 -0.0543891 -0.0942869 -0.40696
0.241634 -0.0550383 -0.0945957 -0.406619
0.241118 -0.0544908 -0.0923653 -0.402918
0.241118 -0.0544908 -0.0923653 -0.402918
0.240891 -0.0544867 -0.0919621 -0.401564
0.240657 -0.0544581 -0.0915428 -0.400151
0.240657 -0.0544581 -0.0915428 -0.400151
0.24029 -0.0544026 -0.0929199 -0.399579
0.239758 -0.05439 -0.0906515 -0.395596
0.23962 -0.0550013 -0.0916577 -0.395365
0.23962 -0.0550013 -0.0909908 -0.395259
0.239325 -0.054382 -0.089096 -0.391672
0.238964 -0.054963 -0.0896801 -0.389962
0.238964 -0.054963 -0.0890969 -0.389862
0.23866 -0.0543203 -0.0879102 -0.387177
0.23844 -0.0542987 -0.087521 -0.385662
0.238222 -0.0549443 -0.0877213 -0.384229
0.238006 -0.0542653 -0.0867625 -0.382625
0.23779 -0.0542501 -0.0863967 -0.381093
0.237654 -0.0548433 -0.0873485 -0.380875
0.23736 -0.0542255 -0.0856967 -0.37802
0.23701 -0.0547992 -0.0862958 -0.376261
0.236719 -0.0541947 -0.0847346 -0.37338
0.236719 -0.0541947 -0.0847346 -0.37338
0.236515 -0.0542124 -0.0844518 -0.371886
0.236086 -0.0541923 -0.0846142 -0.370031
0.236086 -0.0541923 -0.0839173 -0.368752
0.235881 -0.0541978 -0.0836736 -0.367214
0.235462 -0.0547998 -0.0838783 -0.365346
0.235456 -0.0541689 -0.0832111 -0.36406
0.235254 -0.0541741 -0.0830013 -0.362524
0.234844 -0.0547681 -0.0832479 -0.36066
0.234838 -0.0541464 -0.0826076 -0.359365
0.234639 -0.0541509 -0.082432 -0.357823
0.234237 -0.0547377 -0.0827263 -0.355961
0.23423 -0.0541284 -0.0821108 -0.354654
0.234035 -0.054136 -0.0819715 -0.353108
0.234035 -0.054136 -0.0819715 -0.353108
0.233137 -0.054257 -0.0823563 -0.346694
0.233137 -0.054257 -0.0819841 -0.346597
0.232922 -0.0543698 -0.0814645 -0.344082
0.232621 -0.0549736 -0.0817718 -0.341393
0.232615 -0.0544679 -0.0814748 -0.341313
0.232374 -0.0545671 -0.0815141 -0.339944
0.232064 -0.0551361 -0.0823238 -0.338354
0.232003 -0.0551733 -0.0818566 -0.337162
0.231815 -0.0547062 -0.0816979 -0.335714
0.231507 -0.0552592 -0.0825197 -0.334105
0.231501 -0.0547356 -0.0820647 -0.332891
0.231261 -0.0548073 -0.081935 -0.331422
0.231132 -0.0548043 -0.0820218 -0.329969
0.23076 -0.0548529 -0.0821931 -0.327043
0.23076 -0.0548529 -0.0821931 -0.327043
0.230065 -0.0552429 -0.0826508 -0.321807
0.230065 -0.0552429 -0.0826508 -0.321807
0.229742 -0.0559037 -0.0830113 -0.319281
0.229742 -0.0559037 -0.0830113 -0.319281
0.229564 -0.0555614 -0.0832116 -0.317963
0.229385 -0.0556263 -0.0834137 -0.316594
0.228285 -0.0567822 -0.0850787 -0.308114
0.228285 -0.0567822 -0.0850787 -0.308114
0.227752 -0.0576649 -0.0864476 -0.305152
0.22773 -0.0574367 -0.0863065 -0.305108
0.227582 -0.0576709 -0.0865441 -0.30377
0.227425 -0.058162 -0.0871545 -0.303603
0.227266 -0.0580598 -0.0873389 -0.301882
0.226983 -0.0583298 -0.088357 -0.300671
0.226983 -0.0583298 -0.0881039 -0.299762
0.226775 -0.0584978 -0.08846 -0.298689
0.226452 -0.058743 -0.089365 -0.297352
0.226452 -0.058743 -0.0891296 -0.296423
0.22617 -0.0593428 -0.0900596 -0.295097
0.22613 -0.0593591 -0.089998 -0.295078
0.22597 -0.0590727 -0.0900355 -0.292837
0.22568 -0.0596388 -0.0906724 -0.290251
0.225639 -0.0596564 -0.0906724 -0.290251
0.225482 -0.0593354 -0.0908566 -0.288927
0.225197 -0.0595102 -0.0916035 -0.287355
0.225197 -0.0595102 -0.0913665 -0.286279
0.224883 -0.0601057 -0.0922248 -0.284779
0.224886 -0.059702 -0.0921117 -0.284742
0.224694 -0.0598151 -0.0921268 -0.282275
0.224246 -0.0600598 -0.0932383 -0.279288
0.224246 -0.0600598 -0.0930202 -0.278166
0.224215 -0.0600733 -0.0928972 -0.278125
0.224068 -0.0602003 -0.0933007 -0.276891
0.223938 -0.0606726 -0.0935347 -0.27555
0.223758 -0.0604148 -0.0936916 -0.274178
0.223471 -0.0609813 -0.09455 -0.272613
0.223471 -0.0609813 -0.09455 -0.272613
0.222732 -0.0614086 -0.0964653 -0.265833
0.222728 -0.0614104 -0.0964653 -0.265833
0.22243 -0.062093 -0.0964475 -0.263481
0.22243 -0.062093 -0.0964475 -0.263481
0.221712 -0.0628292 -0.0983216 -0.258695
0.221712 -0.0628292 -0.0983216 -0.258695
0.221425 -0.0632887 -0.0991347 -0.256941
0.221426 -0.0632912 -0.0991347 -0.256941
0.221279 -0.0635095 -0.0995543 -0.25601
0.220974 -0.0638941 -0.100399 -0.254009
0.220974 -0.0638941 -0.100399 -0.254009
0.220694 -0.0645413 -0.101321 -0.252816
0.220677 -0.0642848 -0.101215 -0.252055
0.22053 -0.0644803 -0.101591 -0.251061
0.220229 -0.0648376 -0.102378 -0.249003
0.220229 -0.0648376 -0.102377 -0.249006
0.220103 -0.0650126 -0.102763 -0.247988
0.219828 -0.0653711 -0.103562 -0.245913
0.219828 -0.0653711 -0.103562 -0.245913
0.219509 -0.0660338 -0.104416 -0.244665
0.219501 -0.0657821 -0.104322 -0.243834
0.219218 -0.0664226 -0.105173 -0.24257
0.219058 -0.0663493 -0.105439 -0.240681
0.219058 -0.0663493 -0.105439 -0.240681
0.218785 -0.0667445 -0.106233 -0.238676
0.218769 -0.0667505 -0.106233 -0.238676
0.218473 -0.0674116 -0.106954 -0.236701
0.218473 -0.0674116 -0.106954 -0.236701
0.217228 -0.0697758 -0.110545 -0.230171
0.217228 -0.0697758 -0.110545 -0.230171
0.216941 -0.070398 -0.111378 -0.22902
0.216935 -0.0702707 -0.111358 -0.228607
0.216787 -0.0705771 -0.111799 -0.227956
0.216494 -0.0713075 -0.112697 -0.227049
0.216478 -0.0713155 -0.112674 -0.226603
0.216202 -0.0717427 -0.113558 -0.225705
0.216188 -0.0717472 -0.113528 -0.225248
0.215902 -0.0723269 -0.114402 -0.224336
0.215902 -0.0723269 -0.114402 -0.224336
0.21574 -0.0726236 -0.114783 -0.223181
0.215452 -0.0731955 -0.115653 -0.222245
0.215452 -0.0731955 -0.115653 -0.222245
0.21529 -0.0734922 -0.116018 -0.221065
0.214982 -0.0742204 -0.116826 -0.219682
0.214991 -0.0740838 -0.116826 -0.219682
0.214692 -0.0748229 -0.11767 -0.218779
0.214685 -0.0748242 -0.117627 -0.218361
0.214545 -0.0750119 -0.118028 -0.217722
0.214243 -0.0757605 -0.118868 -0.216848
0.214236 -0.0757627 -0.118831 -0.216466
0.214095 -0.0759732 -0.119233 -0.215864
0.213797 -0.0766271 -0.120071 -0.215024
0.213645 -0.0769619 -0.120468 -0.214444
0.213645 -0.0769619 -0.120468 -0.214444
0.213488 -0.0773055 -0.12085 -0.213584
0.213335 -0.0776551 -0.121247 -0.213063
0.213028 -0.0783747 -0.122054 -0.21209
0.213028 -0.0783747 -0.122055 -0.212088
0.212874 -0.0787439 -0.122461 -0.211632
0.212558 -0.079546 -0.123295 -0.210946
0.212558 -0.079546 -0.123295 -0.210946
0.212084 -0.080661 -0.124517 -0.209616
0.21192 -0.0810866 -0.124939 -0.209363
0.211924 -0.081055 -0.124939 -0.209363
0.211922 -0.0810555 -0.124932 -0.209256
0.211594 -0.0818787 -0.12577 -0.208651
0.211597 -0.0818658 -0.125771 -0.208648
0.211435 -0.0822887 -0.126176 -0.208336
0.211103 -0.0831476 -0.127019 -0.207905
0.211103 -0.0831476 -0.12702 -0.207901
0.210938 -0.0836115 -0.127436 -0.207706
0.209719 -0.086759 -0.130463 -0.206507
0.209719 -0.086759 -0.130463 -0.206507
0.209532 -0.0872291 -0.130931 -0.206418
0.208853 -0.0888901 -0.132617 -0.205631
0.208884 -0.0888821 -0.132573 -0.20562
0.208696 -0.0893164 -0.132954 -0.205414
0.208417 -0.0897345 -0.133699 -0.204956
0.208518 -0.089709 -0.133699 -0.204956
0.208404 -0.0900065 -0.134062 -0.204715
0.208296 -0.0902955 -0.13442 -0.204466
0.208296 -0.0902955 -0.13442 -0.204466
0.208097 -0.0908526 -0.135119 -0.203949
0.208004 -0.0911228 -0.135462 -0.20368
0.20737 -0.0933393 -0.138212 -0.20138
0.20737 -0.0933393 -0.138211 -0.201384
0.20733 -0.0934093 -0.138406 -0.201048
0.207206 -0.0938991 -0.139037 -0.20042
0.207206 -0.0938991 -0.139037 -0.20042
0.207145 -0.094143 -0.139349 -0.200107
0.206907 -0.0946615 -0.140097 -0.199497
0.206907 -0.0946615 -0.13997 -0.199469
0.20697 -0.0948726 -0.140278 -0.199146
0.206829 -0.0955367 -0.141019 -0.198515
0.206829 -0.0955367 -0.141019 -0.198515
0.206799 -0.0956016 -0.141197 -0.198168
0.206743 -0.0958449 -0.141501 -0.197839
0.206477 -0.0965373 -0.142236 -0.197196
0.206477 -0.0965373 -0.142236 -0.197196
0.206575 -0.0965766 -0.142409 -0.196843
0.206307 -0.097268 -0.143139 -0.196196
0.206307 -0.097268 -0.143139 -0.196196
0.206406 -0.0973122 -0.143311 -0.195837
0.206349 -0.0975584 -0.14361 -0.1955
0.206296 -0.0982258 -0.143824 -0.195159
0.20624 -0.099272 -0.144218 -0.196093
0.206174 -0.100651 -0.144544 -0.196929
0.205868 -0.102748 -0.14532 -0.197735
0.205868 -0.102748 -0.14532 -0.197735
0.205844 -0.106292 -0.145692 -0.200976
0.205448 -0.108962 -0.146568 -0.202385
0.205448 -0.108962 -0.146568 -0.202385
0.205228 -0.113424 -0.14718 -0.206503
0.204781 -0.116697 -0.148116 -0.208502
0.204781 -0.116697 -0.148116 -0.208502
0.204198 -0.125531 -0.150436 -0.215073
0.204198 -0.125531 -0.150436 -0.215073
0.202455 -0.132831 -0.152098 -0.221913
0.201242 -0.138388 -0.153841 -0.226551
0.201242 -0.138388 -0.153841 -0.226551
0.200694 -0.141713 -0.154762 -0.228873
0.198913 -0.147412 -0.156744 -0.233139
0.198913 -0.147412 -0.156744 -0.233139
0.199085 -0.148071 -0.157095 -0.233174
0.198524 -0.151328 -0.158431 -0.235201
0.197117 -0.156723 -0.159275 -0.236307
0.196326 -0.159707 -0.159924 -0.233494
0.192267 -0.171993 -0.161533 -0.223948
0.192267 -0.171993 -0.161533 -0.223948
0.191394 -0.175699 -0.163641 -0.221175
0.191394 -0.175699 -0.162868 -0.219409
0.189328 -0.182045 -0.16485 -0.216565
0.188113 -0.184237 -0.165287 -0.216593
0.187928 -0.187618 -0.165796 -0.214306
0.186828 -0.19077 -0.165645 -0.210514
0.179816 -0.193465 -0.169572 -0.193322
0.179816 -0.193465 -0.169572 -0.193322
0.178323 -0.192378 -0.170983 -0.19045
0.178323 -0.192378 -0.170983 -0.19045
0.178345 -0.187607 -0.170813 -0.187477
0.177885 -0.185748 -0.171199 -0.185618
0.177009 -0.182163 -0.171929 -0.182032
0.177009 -0.182163 -0.171929 -0.182032
0.176592 -0.180432 -0.172274 -0.180301
0.175345 -0.179554 -0.173446 -0.177783
0.176784 -0.17711 -0.173119 -0.176964
0.175421 -0.175473 -0.173238 -0.175343
0.174269 -0.174672 -0.17432 -0.172966
0.174269 -0.174672 -0.17432 -0.172966
0.174365 -0.170852 -0.1741 -0.170722
0.173301 -0.170121 -0.175098 -0.168481
0.173301 -0.170121 -0.175098 -0.168481
0.173414 -0.166545 -0.174867 -0.166415
0.17312 -0.165176 -0.175103 -0.165045
0.172562 -0.162535 -0.175547 -0.162404
0.172562 -0.162535 -0.175547 -0.162404
0.172299 -0.161261 -0.175755 -0.161131
0.171419 -0.160674 -0.176578 -0.159185
0.171419 -0.160674 -0.176342 -0.159206
0.171567 -0.157618 -0.176329 -0.157488
0.170757 -0.157085 -0.176672 -0.155178
0.170757 -0.157085 -0.176672 -0.155178
0.170916 -0.154231 -0.176831 -0.154102
0.170359 -0.154834 -0.177223 -0.153008
0.169387 -0.151737 -0.177781 -0.150357
0.169387 -0.151737 -0.177781 -0.150357
0.170166 -0.15009 -0.177639 -0.149965
0.169998 -0.149119 -0.177519 -0.14899
0.169504 -0.14967 -0.178011 -0.148409
0.169685 -0.147246 -0.178117 -0.14747
0.169539 -0.146346 -0.177851 -0.146218
0.168949 -0.146092 -0.178152 -0.144777
