-4.02359e-15 0 2.65953e-15 -4.79615e-14 0 -4.22287e-14 0 -1.84352e-14 0
0.000479208 0 0.000958542 4.79208e-06 0 9.58542e-06 0 6.87986e-05 0
0.000958416 0 0.00191708 9.58416e-06 0 1.91708e-05 0 0.000137597 0
0.00143762 0 0.00287563 1.43762e-05 0 2.87563e-05 0 0.000206396 0
0.00191683 0 0.00383417 1.91683e-05 0 3.83417e-05 0 0.000275194 0
0.00239604 0 0.00479271 2.39604e-05 0 4.79271e-05 0 0.000343993 0
0.00287525 0 0.00575125 2.87525e-05 0 5.75125e-05 0 0.000412792 0
0.00335445 0 0.00670979 3.35445e-05 0 6.70979e-05 0 0.00048159 0
0.00383366 0 0.00766834 3.83366e-05 0 7.66834e-05 0 0.000550389 0
0.00431287 0 0.00862688 4.31287e-05 0 8.62688e-05 0 0.000619188 0
0.00479208 0 0.00958542 4.79208e-05 0 9.58542e-05 0 0.000687986 0
0.00512873 0 0.0104888 5.5717e-05 0 0.000113748 0 0.000813005 0
0.00545372 0 0.0113877 6.37589e-05 0 0.000132322 0 0.000942624 0
0.00577871 0 0.0122865 7.18009e-05 0 0.000150897 0 0.00107224 0
0.0061037 0 0.0131854 7.98429e-05 0 0.000169471 0 0.00120186 0
0.00642869 0 0.0140842 8.78849e-05 0 0.000188045 0 0.00133148 0
0.00675368 0 0.0149831 9.59268e-05 0 0.000206619 0 0.0014611 0
0.00707867 0 0.015882 0.000103969 0 0.000225193 0 0.00159072 0
0.00740366 0 0.0167808 0.000112011 0 0.000243767 0 0.00172034 0
0.00772865 0 0.0176797 0.000120053 0 0.000262341 0 0.00184995 0
0.00805363 0 0.0185786 0.000128095 0 0.000280915 0 0.00197957 0
0.00825917 0 0.0194312 0.0001377 0 0.000306656 0 0.00215452 0
0.00844343 0 0.0202756 0.000147585 0 0.000333674 0 0.00233754 0
0.00862768 0 0.02112 0.000157469 0 0.000360692 0 0.00252056 0
0.00881193 0 0.0219644 0.000167354 0 0.00038771 0 0.00270358 0
0.00899618 0 0.0228088 0.000177238 0 0.000414728 0 0.0028866 0
0.00918043 0 0.0236532 0.000187123 0 0.000441745 0 0.00306962 0
0.00936469 0 0.0244975 0.000197007 0 0.000468763 0 0.00325264 0
0.00954894 0 0.0253419 0.000206892 0 0.000495781 0 0.00343566 0
0.00973319 0 0.0261863 0.000216776 0 0.000522799 0 0.00361868 0
0.00991744 0 0.0270307 0.000226661 0 0.000549817 0 0.0038017 0
0.0100024 0 0.0278369 0.000236977 0 0.000582982 0 0.00402067 0
0.0100582 0 0.028632 0.000247419 0 0.00061795 0 0.00425018 0
0.010114 0 0.029427 0.000257862 0 0.000652918 0 0.00447969 0
0.0101698 0 0.030222 0.000268304 0 0.000687886 0 0.0047092 0
0.0102256 0 0.031017 0.000278747 0 0.000722854 0 0.00493871 0
0.0102814 0 0.031812 0.00028919 0 0.000757822 0 0.00516822 0
0.0103372 0 0.032607 0.000299632 0 0.00079279 0 0.00539773 0
0.010393 0 0.033402 0.000310075 0 0.000827758 0 0.00562725 0
0.0104488 0 0.034197 0.000320517 0 0.000862726 0 0.00585676 0
0.0105046 0 0.034992 0.00033096 0 0.000897694 0 0.00608627 0
0.0104787 0 0.035756 0.000340974 0 0.000937897 0 0.0063437 0
0.0104173 0 0.0365066 0.000350803 0 0.000980371 0 0.00661324 0
0.0103559 0 0.0372571 0.000360631 0 0.00102284 0 0.00688279 0
0.0102945 0 0.0380077 0.00037046 0 0.00106532 0 0.00715233 0
0.0102332 0 0.0387582 0.000380289 0 0.00110779 0 0.00742187 0
0.0101718 0 0.0395088 0.000390117 0 0.00115027 0 0.00769141 0
0.0101104 0 0.0402593 0.000399946 0 0.00119274 0 0.00796096 0
0.010049 0 0.0410099 0.000409775 0 0.00123521 0 0.0082305 0
0.00998761 0 0.0417604 0.000419604 0 0.00127769 0 0.00850004 0
0.00992623 0 0.042511 0.000429432 0 0.00132016 0 0.00876958 0
0.0097984 0 0.0432368 0.000438215 0 0.00136705 0 0.00906025 0
0.00963018 0 0.0439477 0.000446361 0 0.00141664 0 0.00936377 0
0.00946196 0 0.0446585 0.000454508 0 0.00146622 0 0.00966729 0
0.00929373 0 0.0453693 0.000462654 0 0.0015158 0 0.00997081 0
0.00912551 0 0.0460802 0.000470801 0 0.00156538 0 0.0102743 0
0.00895728 0 0.046791 0.000478947 0 0.00161496 0 0.0105778 0
0.00878906 0 0.0475018 0.000487093 0 0.00166454 0 0.0108814 0
0.00862083 0 0.0482126 0.00049524 0 0.00171413 0 0.0111849 0
0.00845261 0 0.0489235 0.000503386 0 0.00176371 0 0.0114884 0
0.00828439 0 0.0496343 0.000511533 0 0.00181329 0 0.0117919 0
0.00806303 0 0.0503259 0.000518229 0 0.00186656 0 0.0121109 0
0.00779752 0 0.0510016 0.00052372 0 0.0019229 0 0.0124427 0
0.00753202 0 0.0516772 0.000529212 0 0.00197924 0 0.0127745 0
0.00726652 0 0.0523528 0.000534703 0 0.00203558 0 0.0131062 0
0.00700102 0 0.0530285 0.000540195 0 0.00209192 0 0.013438 0
0.00673552 0 0.0537041 0.000545686 0 0.00214825 0 0.0137698 0
0.00647002 0 0.0543798 0.000551177 0 0.00220459 0 0.0141016 0
0.00620452 0 0.0550554 0.000556669 0 0.00226093 0 0.0144334 0
0.00593901 0 0.055731 0.00056216 0 0.00231727 0 0.0147652 0
0.00567351 0 0.0564067 0.000567652 0 0.00237361 0 0.015097 0
0.0053664 0 0.0570678 0.000571478 0 0.00243298 0 0.0154395 0
0.00501249 0 0.0577126 0.00057343 0 0.00249577 0 0.0157942 0
0.00465857 0 0.0583574 0.000575382 0 0.00255855 0 0.0161489 0
0.00430465 0 0.0590022 0.000577334 0 0.00262134 0 0.0165035 0
0.00395073 0 0.0596469 0.000579287 0 0.00268412 0 0.0168582 0
0.00359682 0 0.0602917 0.000581239 0 0.00274691 0 0.0172129 0
0.0032429 0 0.0609365 0.000583191 0 0.0028097 0 0.0175676 0
0.00288898 0 0.0615813 0.000585143 0 0.00287248 0 0.0179222 0
0.00253507 0 0.0622261 0.000587096 0 0.00293527 0 0.0182769 0
0.00218115 0 0.0628708 0.000589048 0 0.00299805 0 0.0186316 0
0.00179557 0 0.0635051 0.000589286 0 0.00306328 0 0.0189932 0
0.00136147 0 0.0641231 0.000586897 0 0.00313225 0 0.0193657 0
0.000927379 0 0.0647412 0.000584508 0 0.00320122 0 0.0197381 0
0.000493286 0 0.0653592 0.00058212 0 0.00327018 0 0.0201105 0
5.91922e-05 0 0.0659773 0.000579731 0 0.00333915 0 0.0204829 0
-0.000374901 0 0.0665953 0.000577342 0 0.00340812 0 0.0208553 0
-0.000808994 0 0.0672134 0.000574954 0 0.00347708 0 0.0212278 0
-0.00124309 0 0.0678314 0.000572565 0 0.00354605 0 0.0216002 0
-0.00167718 0 0.0684495 0.000570176 0 0.00361501 0 0.0219726 0
-0.00211127 0 0.0690675 0.000567787 0 0.00368398 0 0.022345 0
-0.00256852 0 0.0696783 0.000563781 0 0.00375485 0 0.0227215 0
-0.00307511 0 0.0702736 0.000556327 0 0.00382977 0 0.0231068 0
-0.00358169 0 0.0708688 0.000548872 0 0.00390469 0 0.0234921 0
-0.00408828 0 0.0714641 0.000541417 0 0.00397961 0 0.0238773 0
-0.00459487 0 0.0720594 0.000533963 0 0.00405453 0 0.0242626 0
-0.00510146 0 0.0726546 0.000526508 0 0.00412945 0 0.0246479 0
-0.00560805 0 0.0732499 0.000519054 0 0.00420436 0 0.0250331 0
-0.00611464 0 0.0738451 0.000511599 0 0.00427928 0 0.0254184 0
-0.00662123 0 0.0744404 0.000504145 0 0.0043542 0 0.0258037 0
-0.00712781 0 0.0750357 0.00049669 0 0.00442912 0 0.0261889 0
-0.00765032 0 0.0756263 0.000487842 0 0.00450545 0 0.0265762 0
-0.00822223 0 0.0762026 0.000474668 0 0.00458613 0 0.0269696 0
-0.00879414 0 0.0767788 0.000461494 0 0.00466681 0 0.0273629 0
-0.00936605 0 0.0773551 0.000448321 0 0.00474749 0 0.0277563 0
-0.00993795 0 0.0779313 0.000435147 0 0.00482817 0 0.0281497 0
-0.0105099 0 0.0785076 0.000421973 0 0.00490885 0 0.0285431 0
-0.0110818 0 0.0790838 0.0004088 0 0.00498954 0 0.0289365 0
-0.0116537 0 0.0796601 0.000395626 0 0.00507022 0 0.0293299 0
-0.0122256 0 0.0802363 0.000382452 0 0.0051509 0 0.0297233 0
-0.0127975 0 0.0808126 0.000369279 0 0.00523158 0 0.0301166 0
-0.0133793 0 0.0813862 0.000355046 0 0.00531321 0 0.0305106 0
-0.0140098 0 0.0819471 0.000335567 0 0.0053995 0 0.0309076 0
-0.0146403 0 0.082508 0.000316088 0 0.00548579 0 0.0313045 0
-0.0152708 0 0.0830688 0.000296609 0 0.00557208 0 0.0317014 0
-0.0159013 0 0.0836297 0.00027713 0 0.00565837 0 0.0320983 0
-0.0165318 0 0.0841906 0.000257651 0 0.00574466 0 0.0324953 0
-0.0171623 0 0.0847515 0.000238173 0 0.00583095 0 0.0328922 0
-0.0177929 0 0.0853123 0.000218694 0 0.00591724 0 0.0332891 0
-0.0184234 0 0.0858732 0.000199215 0 0.00600353 0 0.0336861 0
-0.0190539 0 0.0864341 0.000179736 0 0.00608982 0 0.034083 0
-0.0196892 0 0.0869939 0.000159626 0 0.00617662 0 0.0344798 0
-0.0203721 0 0.0875429 0.000133319 0 0.0062684 0 0.0348758 0
-0.0210549 0 0.0880919 0.000107012 0 0.00636018 0 0.0352719 0
-0.0217377 0 0.0886409 8.07048e-05 0 0.00645196 0 0.0356679 0
-0.0224206 0 0.0891899 5.43976e-05 0 0.00654374 0 0.0360639 0
-0.0231034 0 0.0897389 2.80905e-05 0 0.00663552 0 0.0364599 0
-0.0237863 0 0.0902879 1.7833e-06 0 0.0067273 0 0.0368559 0
-0.0244691 0 0.090837 -2.45239e-05 0 0.00681908 0 0.0372519 0
-0.0251519 0 0.091386 -5.0831e-05 0 0.00691086 0 0.0376479 0
-0.0258348 0 0.091935 -7.71382e-05 0 0.00700264 0 0.0380439 0
-0.0265184 0 0.0924839 -0.000103568 0 0.00709452 0 0.0384398 0
-0.0272476 0 0.0930244 -0.000137168 0 0.0071917 0 0.0388305 0
-0.0279769 0 0.093565 -0.000170768 0 0.00728889 0 0.0392212 0
-0.0287062 0 0.0941056 -0.000204367 0 0.00738608 0 0.0396118 0
-0.0294354 0 0.0946462 -0.000237967 0 0.00748326 0 0.0400025 0
-0.0301647 0 0.0951868 -0.000271567 0 0.00758045 0 0.0403932 0
-0.030894 0 0.0957274 -0.000305167 0 0.00767763 0 0.0407839 0
-0.0316232 0 0.096268 -0.000338767 0 0.00777482 0 0.0411745 0
-0.0323525 0 0.0968086 -0.000372366 0 0.00787201 0 0.0415652 0
-0.0330818 0 0.0973492 -0.000405966 0 0.00796919 0 0.0419559 0
-0.033811 0 0.0978898 -0.000439566 0 0.00806638 0 0.0423466 0
-0.0345788 0 0.0984256 -0.000480415 0 0.00816861 0 0.0427281 0
-0.035349 0 0.0989612 -0.000521716 0 0.00827115 0 0.0431091 0
-0.0361192 0 0.0994968 -0.000563018 0 0.00837369 0 0.0434901 0
-0.0368893 0 0.100032 -0.000604319 0 0.00847623 0 0.0438711 0
-0.0376595 0 0.100568 -0.000645621 0 0.00857878 0 0.0442521 0
-0.0384297 0 0.101103 -0.000686923 0 0.00868132 0 0.0446331 0
-0.0391999 0 0.101639 -0.000728224 0 0.00878386 0 0.0450141 0
-0.0399701 0 0.102175 -0.000769526 0 0.0088864 0 0.045395 0
-0.0407402 0 0.10271 -0.000810827 0 0.00898895 0 0.045776 0
-0.0415104 0 0.103246 -0.000852129 0 0.00909149 0 0.046157 0
-0.0423115 0 0.10378 -0.000900406 0 0.00919865 0 0.0465258 0
-0.0431175 0 0.104314 -0.000949767 0 0.00930653 0 0.0468928 0
-0.0439234 0 0.104848 -0.000999128 0 0.00941441 0 0.0472597 0
-0.0447293 0 0.105382 -0.00104849 0 0.0095223 0 0.0476266 0
-0.0455352 0 0.105915 -0.00109785 0 0.00963018 0 0.0479935 0
-0.0463412 0 0.106449 -0.00114721 0 0.00973806 0 0.0483605 0
-0.0471471 0 0.106983 -0.00119657 0 0.00984594 0 0.0487274 0
-0.047953 0 0.107517 -0.00124593 0 0.00995382 0 0.0490943 0
-0.0487589 0 0.108051 -0.00129529 0 0.0100617 0 0.0494613 0
-0.0495649 0 0.108585 -0.00134465 0 0.0101696 0 0.0498282 0
-0.0503952 0 0.10912 -0.00140063 0 0.0102817 0 0.0501805 0
-0.051232 0 0.109656 -0.00145835 0 0.0103949 0 0.050529 0
-0.0520689 0 0.110192 -0.00151608 0 0.0105082 0 0.0508775 0
-0.0529057 0 0.110727 -0.00157381 0 0.0106214 0 0.0512259 0
-0.0537426 0 0.111263 -0.00163154 0 0.0107346 0 0.0515744 0
-0.0545794 0 0.111799 -0.00168927 0 0.0108479 0 0.0519229 0
-0.0554163 0 0.112334 -0.001747 0 0.0109611 0 0.0522713 0
-0.0562531 0 0.11287 -0.00180473 0 0.0110744 0 0.0526198 0
-0.0570899 0 0.113406 -0.00186246 0 0.0111876 0 0.0529683 0
-0.0579268 0 0.113941 -0.00192019 0 0.0113008 0 0.0533167 0
-0.0587825 0 0.114481 -0.00198408 0 0.0114179 0 0.0536488 0
-0.0596457 0 0.115021 -0.00205045 0 0.0115366 0 0.0539744 0
-0.060509 0 0.115562 -0.00211681 0 0.0116552 0 0.0542999 0
-0.0613722 0 0.116103 -0.00218317 0 0.0117739 0 0.0546254 0
-0.0622355 0 0.116644 -0.00224953 0 0.0118925 0 0.0549509 0
-0.0630987 0 0.117185 -0.00231589 0 0.0120112 0 0.0552765 0
-0.063962 0 0.117726 -0.00238225 0 0.0121298 0 0.055602 0
-0.0648253 0 0.118267 -0.00244862 0 0.0122485 0 0.0559275 0
-0.0656885 0 0.118807 -0.00251498 0 0.0123671 0 0.056253 0
-0.0665518 0 0.119348 -0.00258134 0 0.0124858 0 0.0565786 0
-0.0674292 0 0.119895 -0.00265336 0 0.0126079 0 0.0568865 0
-0.0683147 0 0.120444 -0.00272857 0 0.0127321 0 0.0571845 0
-0.0692001 0 0.120994 -0.00280379 0 0.0128562 0 0.0574825 0
-0.0700856 0 0.121543 -0.00287901 0 0.0129803 0 0.0577805 0
-0.070971 0 0.122093 -0.00295422 0 0.0131045 0 0.0580785 0
-0.0718565 0 0.122643 -0.00302944 0 0.0132286 0 0.0583765 0
-0.072742 0 0.123192 -0.00310466 0 0.0133528 0 0.0586745 0
-0.0736274 0 0.123742 -0.00317987 0 0.0134769 0 0.0589725 0
-0.0745129 0 0.124291 -0.00325509 0 0.013601 0 0.0592705 0
-0.0753984 0 0.124841 -0.0033303 0 0.0137252 0 0.0595685 0
-0.0762941 0 0.125398 -0.00341061 0 0.0138525 0 0.0598483 0
-0.0771979 0 0.12596 -0.00349486 0 0.0139823 0 0.0601141 0
-0.0781017 0 0.126522 -0.00357912 0 0.014112 0 0.0603798 0
-0.0790054 0 0.127084 -0.00366337 0 0.0142418 0 0.0606455 0
-0.0799092 0 0.127646 -0.00374763 0 0.0143715 0 0.0609112 0
-0.080813 0 0.128208 -0.00383188 0 0.0145013 0 0.061177 0
-0.0817168 0 0.12877 -0.00391613 0 0.0146311 0 0.0614427 0
-0.0826205 0 0.129332 -0.00400039 0 0.0147608 0 0.0617084 0
-0.0835243 0 0.129894 -0.00408464 0 0.0148906 0 0.0619741 0
-0.0844281 0 0.130456 -0.0041689 0 0.0150204 0 0.0622399 0
-0.085339 0 0.131026 -0.00425763 0 0.0151529 0 0.0624875 0
-0.0862575 0 0.131604 -0.00435107 0 0.0152885 0 0.062716 0
-0.087176 0 0.132182 -0.00444451 0 0.015424 0 0.0629445 0
-0.0880944 0 0.13276 -0.00453794 0 0.0155596 0 0.063173 0
-0.0890129 0 0.133339 -0.00463138 0 0.0156951 0 0.0634016 0
-0.0899314 0 0.133917 -0.00472482 0 0.0158307 0 0.0636301 0
-0.0908498 0 0.134495 -0.00481826 0 0.0159662 0 0.0638586 0
-0.0917683 0 0.135073 -0.0049117 0 0.0161018 0 0.0640871 0
-0.0926868 0 0.135652 -0.00500514 0 0.0162373 0 0.0643156 0
-0.0936052 0 0.13623 -0.00509858 0 0.0163728 0 0.0645442 0
-0.0945284 0 0.136816 -0.00519584 0 0.0165109 0 0.0647552 0
-0.0954582 0 0.137415 -0.00529858 0 0.0166524 0 0.0649414 0
-0.096388 0 0.138013 -0.00540132 0 0.0167939 0 0.0651276 0
-0.0973179 0 0.138612 -0.00550406 0 0.0169354 0 0.0653137 0
-0.0982477 0 0.13921 -0.00560679 0 0.017077 0 0.0654999 0
-0.0991775 0 0.139809 -0.00570953 0 0.0172185 0 0.065686 0
-0.100107 0 0.140407 -0.00581227 0 0.01736 0 0.0658722 0
-0.101037 0 0.141006 -0.005915 0 0.0175016 0 0.0660583 0
-0.101967 0 0.141604 -0.00601774 0 0.0176431 0 0.0662445 0
-0.102897 0 0.142203 -0.00612048 0 0.0177846 0 0.0664306 0
-0.103829 0 0.142809 -0.00622637 0 0.0179282 0 0.0666007 0
-0.104768 0 0.143432 -0.00633849 0 0.018076 0 0.0667391 0
-0.105706 0 0.144055 -0.00645061 0 0.0182238 0 0.0668774 0
-0.106644 0 0.144678 -0.00656272 0 0.0183715 0 0.0670157 0
-0.107582 0 0.145301 -0.00667484 0 0.0185193 0 0.0671541 0
-0.10852 0 0.145923 -0.00678696 0 0.018667 0 0.0672924 0
-0.109458 0 0.146546 -0.00689908 0 0.0188148 0 0.0674308 0
-0.110396 0 0.147169 -0.0070112 0 0.0189625 0 0.0675691 0
-0.111334 0 0.147792 -0.00712331 0 0.0191103 0 0.0677074 0
-0.112272 0 0.148415 -0.00723543 0 0.0192581 0 0.0678458 0
-0.113212 0 0.149045 -0.00735001 0 0.0194075 0 0.0679702 0
-0.114156 0 0.149697 -0.00747156 0 0.0195618 0 0.0680549 0
-0.115099 0 0.150348 -0.00759312 0 0.0197161 0 0.0681397 0
-0.116043 0 0.151 -0.00771467 0 0.0198703 0 0.0682244 0
-0.116986 0 0.151652 -0.00783622 0 0.0200246 0 0.0683092 0
-0.11793 0 0.152303 -0.00795778 0 0.0201789 0 0.068394 0
-0.118873 0 0.152955 -0.00807933 0 0.0203332 0 0.0684787 0
-0.119817 0 0.153607 -0.00820089 0 0.0204874 0 0.0685635 0
-0.12076 0 0.154258 -0.00832244 0 0.0206417 0 0.0686482 0
-0.121704 0 0.15491 -0.00844399 0 0.020796 0 0.068733 0
-0.122648 0 0.155568 -0.0085673 0 0.0209515 0 0.0688067 0
-0.123594 0 0.156253 -0.00869831 0 0.0211126 0 0.0688318 0
-0.124541 0 0.156938 -0.00882933 0 0.0212738 0 0.0688568 0
-0.125487 0 0.157622 -0.00896035 0 0.0214349 0 0.0688818 0
-0.126434 0 0.158307 -0.00909137 0 0.021596 0 0.0689069 0
-0.12738 0 0.158992 -0.00922239 0 0.0217571 0 0.0689319 0
-0.128326 0 0.159677 -0.0093534 0 0.0219183 0 0.068957 0
-0.129273 0 0.160362 -0.00948442 0 0.0220794 0 0.068982 0
-0.130219 0 0.161047 -0.00961544 0 0.0222405 0 0.069007 0
-0.131166 0 0.161732 -0.00974646 0 0.0224016 0 0.0690321 0
-0.132112 0 0.162422 -0.00987851 0 0.0225636 0 0.0690499 0
-0.133059 0 0.163145 -0.010019 0 0.0227319 0 0.0690086 0
-0.134006 0 0.163868 -0.0101595 0 0.0229003 0 0.0689674 0
-0.134953 0 0.164591 -0.0103 0 0.0230686 0 0.0689262 0
-0.1359 0 0.165314 -0.0104405 0 0.023237 0 0.0688849 0
-0.136846 0 0.166037 -0.0105809 0 0.0234053 0 0.0688437 0
-0.137793 0 0.16676 -0.0107214 0 0.0235737 0 0.0688024 0
-0.13874 0 0.167484 -0.0108619 0 0.023742 0 0.0687612 0
-0.139687 0 0.168207 -0.0110024 0 0.0239104 0 0.0687199 0
-0.140634 0 0.16893 -0.0111429 0 0.0240788 0 0.0686787 0
-0.14158 0 0.169654 -0.0112837 0 0.0242474 0 0.068635 0
-0.142526 0 0.170421 -0.0114336 0 0.0244234 0 0.0685204 0
-0.143471 0 0.171187 -0.0115836 0 0.0245994 0 0.0684059 0
-0.144416 0 0.171953 -0.0117335 0 0.0247754 0 0.0682913 0
-0.145361 0 0.17272 -0.0118834 0 0.0249514 0 0.0681767 0
-0.146306 0 0.173486 -0.0120334 0 0.0251275 0 0.0680622 0
-0.147251 0 0.174252 -0.0121833 0 0.0253035 0 0.0679476 0
-0.148196 0 0.175018 -0.0123332 0 0.0254795 0 0.0678331 0
-0.149141 0 0.175785 -0.0124832 0 0.0256555 0 0.0677185 0
-0.150086 0 0.176551 -0.0126331 0 0.0258315 0 0.0676039 0
-0.151031 0 0.177317 -0.0127831 0 0.0260075 0 0.0674894 0
-0.151972 0 0.17813 -0.012942 0 0.0261914 0 0.0672973 0
-0.152913 0 0.178944 -0.0131014 0 0.0263755 0 0.0671019 0
-0.153855 0 0.179759 -0.0132607 0 0.0265597 0 0.0669064 0
-0.154796 0 0.180574 -0.0134201 0 0.0267439 0 0.066711 0
-0.155737 0 0.181388 -0.0135794 0 0.026928 0 0.0665155 0
-0.156678 0 0.182203 -0.0137388 0 0.0271122 0 0.0663201 0
-0.157619 0 0.183017 -0.0138981 0 0.0272964 0 0.0661246 0
-0.15856 0 0.183832 -0.0140574 0 0.0274805 0 0.0659292 0
-0.159502 0 0.184647 -0.0142168 0 0.0276647 0 0.0657337 0
-0.160443 0 0.185461 -0.0143761 0 0.0278488 0 0.0655383 0
-0.161379 0 0.186323 -0.0145437 0 0.0280407 0 0.0652642 0
-0.162314 0 0.187191 -0.0147124 0 0.0282335 0 0.0649797 0
-0.163249 0 0.18806 -0.0148811 0 0.0284264 0 0.0646952 0
-0.164185 0 0.188928 -0.0150498 0 0.0286192 0 0.0644107 0
-0.16512 0 0.189796 -0.0152186 0 0.0288121 0 0.0641262 0
-0.166055 0 0.190664 -0.0153873 0 0.0290049 0 0.0638417 0
-0.166991 0 0.191533 -0.015556 0 0.0291978 0 0.0635572 0
-0.167926 0 0.192401 -0.0157247 0 0.0293906 0 0.0632728 0
-0.168861 0 0.193269 -0.0158934 0 0.0295834 0 0.0629883 0
-0.169796 0 0.194137 -0.0160621 0 0.0297763 0 0.0627038 0
-0.170725 0 0.195053 -0.0162382 0 0.0299766 0 0.0623403 0
-0.171653 0 0.19598 -0.0164162 0 0.0301787 0 0.061958 0
-0.17258 0 0.196908 -0.0165942 0 0.0303809 0 0.0615756 0
-0.173508 0 0.197835 -0.0167722 0 0.030583 0 0.0611933 0
-0.174435 0 0.198762 -0.0169501 0 0.0307851 0 0.060811 0
-0.175363 0 0.19969 -0.0171281 0 0.0309872 0 0.0604286 0
-0.17629 0 0.200617 -0.0173061 0 0.0311893 0 0.0600463 0
-0.177218 0 0.201544 -0.0174841 0 0.0313915 0 0.0596639 0
-0.178145 0 0.202471 -0.017662 0 0.0315936 0 0.0592816 0
-0.179073 0 0.203399 -0.01784 0 0.0317957 0 0.0588992 0
-0.179993 0 0.204373 -0.0180247 0 0.0320051 0 0.0584384 0
-0.180911 0 0.205365 -0.0182119 0 0.0322171 0 0.0579487 0
-0.181829 0 0.206357 -0.018399 0 0.0324291 0 0.057459 0
-0.182747 0 0.207349 -0.0185862 0 0.0326412 0 0.0569693 0
-0.183664 0 0.20834 -0.0187733 0 0.0328532 0 0.0564796 0
-0.184582 0 0.209332 -0.0189605 0 0.0330653 0 0.0559899 0
-0.1855 0 0.210324 -0.0191476 0 0.0332773 0 0.0555002 0
-0.186418 0 0.211316 -0.0193348 0 0.0334893 0 0.0550105 0
-0.187335 0 0.212308 -0.0195219 0 0.0337014 0 0.0545208 0
-0.188253 0 0.2133 -0.0197091 0 0.0339134 0 0.0540311 0
-0.189163 0 0.214337 -0.0199022 0 0.0341324 0 0.0534643 0
-0.190069 0 0.215399 -0.0200984 0 0.0343551 0 0.052857 0
-0.190975 0 0.216461 -0.0202946 0 0.0345777 0 0.0522497 0
-0.191882 0 0.217523 -0.0204908 0 0.0348004 0 0.0516423 0
-0.192788 0 0.218585 -0.020687 0 0.035023 0 0.051035 0
-0.193694 0 0.219646 -0.0208833 0 0.0352457 0 0.0504277 0
-0.1946 0 0.220708 -0.0210795 0 0.0354683 0 0.0498204 0
-0.195506 0 0.22177 -0.0212757 0 0.035691 0 0.049213 0
-0.196412 0 0.222832 -0.0214719 0 0.0359136 0 0.0486057 0
-0.197318 0 0.223894 -0.0216681 0 0.0361363 0 0.0479984 0
-0.198216 0 0.224999 -0.0218695 0 0.0363656 0 0.0473164 0
-0.199109 0 0.226136 -0.0220747 0 0.0365996 0 0.0465804 0
-0.200001 0 0.227273 -0.0222798 0 0.0368336 0 0.0458443 0
-0.200893 0 0.228411 -0.0224849 0 0.0370676 0 0.0451083 0
-0.201786 0 0.229548 -0.0226901 0 0.0373017 0 0.0443722 0
-0.202678 0 0.230685 -0.0228952 0 0.0375357 0 0.0436362 0
-0.203571 0 0.231822 -0.0231003 0 0.0377697 0 0.0429002 0
-0.204463 0 0.232959 -0.0233055 0 0.0380037 0 0.0421641 0
-0.205355 0 0.234096 -0.0235106 0 0.0382378 0 0.0414281 0
-0.206248 0 0.235234 -0.0237158 0 0.0384718 0 0.040692 0
-0.207132 0 0.236411 -0.0239253 0 0.038712 0 0.039885 0
-0.208009 0 0.237629 -0.0241392 0 0.0389582 0 0.0390083 0
-0.208885 0 0.238847 -0.0243531 0 0.0392044 0 0.0381316 0
-0.209762 0 0.240064 -0.024567 0 0.0394506 0 0.0372548 0
-0.210638 0 0.241282 -0.0247809 0 0.0396968 0 0.0363781 0
-0.211515 0 0.2425 -0.0249948 0 0.039943 0 0.0355013 0
-0.212391 0 0.243717 -0.0252087 0 0.0401892 0 0.0346246 0
-0.213268 0 0.244935 -0.0254226 0 0.0404354 0 0.0337479 0
-0.214144 0 0.246153 -0.0256365 0 0.0406816 0 0.0328711 0
-0.215021 0 0.24737 -0.0258505 0 0.0409278 0 0.0319944 0
-0.215889 0 0.248624 -0.026068 0 0.0411796 0 0.0310518 0
-0.216747 0 0.249927 -0.0262905 0 0.0414388 0 0.0300215 0
-0.217606 0 0.25123 -0.026513 0 0.0416981 0 0.0289912 0
-0.218464 0 0.252533 -0.0267355 0 0.0419573 0 0.0279609 0
-0.219322 0 0.253836 -0.026958 0 0.0422165 0 0.0269305 0
-0.22018 0 0.255139 -0.0271805 0 0.0424758 0 0.0259002 0
-0.221038 0 0.256442 -0.0274029 0 0.042735 0 0.0248699 0
-0.221897 0 0.257745 -0.0276254 0 0.0429942 0 0.0238395 0
-0.222755 0 0.259047 -0.0278479 0 0.0432535 0 0.0228092 0
-0.223613 0 0.26035 -0.0280704 0 0.0435127 0 0.0217789 0
-0.224464 0 0.261685 -0.0282958 0 0.0437768 0 0.0206895 0
-0.225301 0 0.263077 -0.0285267 0 0.04405 0 0.0194917 0
-0.226138 0 0.264469 -0.0287576 0 0.0443231 0 0.0182939 0
-0.226976 0 0.265862 -0.0289884 0 0.0445963 0 0.0170961 0
-0.227813 0 0.267254 -0.0292193 0 0.0448695 0 0.0158983 0
-0.22865 0 0.268646 -0.0294501 0 0.0451426 0 0.0147005 0
-0.229487 0 0.270038 -0.029681 0 0.0454158 0 0.0135027 0
-0.230325 0 0.271431 -0.0299119 0 0.0456889 0 0.012305 0
-0.231162 0 0.272823 -0.0301427 0 0.0459621 0 0.0111072 0
-0.231999 0 0.274215 -0.0303736 0 0.0462352 0 0.00990938 0
-0.23283 0 0.275633 -0.0306067 0 0.0465125 0 0.00866104 0
-0.233643 0 0.277118 -0.0308457 0 0.0468005 0 0.00728093 0
-0.234457 0 0.278603 -0.0310847 0 0.0470885 0 0.00590081 0
-0.23527 0 0.280088 -0.0313237 0 0.0473765 0 0.0045207 0
-0.236083 0 0.281573 -0.0315627 0 0.0476645 0 0.00314059 0
-0.236896 0 0.283058 -0.0318016 0 0.0479525 0 0.00176048 0
-0.23771 0 0.284543 -0.0320406 0 0.0482405 0 0.000380367 0
-0.238523 0 0.286028 -0.0322796 0 0.0485285 0 -0.000999745 0
-0.239336 0 0.287513 -0.0325186 0 0.0488165 0 -0.00237986 0
-0.24015 0 0.288998 -0.0327576 0 0.0491046 0 -0.00375997 0
-0.240957 0 0.290502 -0.0329982 0 0.0493957 0 -0.00518005 0
-0.241743 0 0.292082 -0.033245 0 0.0496996 0 -0.00675837 0
-0.242529 0 0.293662 -0.0334919 0 0.0500034 0 -0.00833669 0
-0.243315 0 0.295242 -0.0337387 0 0.0503072 0 -0.00991501 0
-0.244101 0 0.296821 -0.0339856 0 0.050611 0 -0.0114933 0
-0.244887 0 0.298401 -0.0342324 0 0.0509148 0 -0.0130717 0
-0.245673 0 0.299981 -0.0344793 0 0.0512186 0 -0.01465 0
-0.246458 0 0.301561 -0.0347261 0 0.0515224 0 -0.0162283 0
-0.247244 0 0.303141 -0.034973 0 0.0518262 0 -0.0178066 0
-0.24803 0 0.30472 -0.0352198 0 0.05213 0 -0.0193849 0
-0.248812 0 0.306312 -0.0354676 0 0.0524359 0 -0.0209904 0
-0.249566 0 0.307987 -0.035722 0 0.0527564 0 -0.0227838 0
-0.250321 0 0.309662 -0.0359764 0 0.053077 0 -0.0245772 0
-0.251075 0 0.311337 -0.0362308 0 0.0533975 0 -0.0263706 0
-0.251829 0 0.313012 -0.0364852 0 0.0537181 0 -0.028164 0
-0.252583 0 0.314687 -0.0367396 0 0.0540387 0 -0.0299574 0
-0.253338 0 0.316362 -0.036994 0 0.0543592 0 -0.0317508 0
-0.254092 0 0.318036 -0.0372484 0 0.0546798 0 -0.0335442 0
-0.254846 0 0.319711 -0.0375028 0 0.0550003 0 -0.0353377 0
-0.255601 0 0.321386 -0.0377572 0 0.0553209 0 -0.0371311 0
-0.256353 0 0.323066 -0.0380119 0 0.0556423 0 -0.0389362 0
-0.257071 0 0.324834 -0.0382735 0 0.0559805 0 -0.0409626 0
-0.257788 0 0.326601 -0.0385351 0 0.0563188 0 -0.0429889 0
-0.258506 0 0.328369 -0.0387966 0 0.056657 0 -0.0450153 0
-0.259224 0 0.330137 -0.0390582 0 0.0569952 0 -0.0470416 0
-0.259941 0 0.331905 -0.0393198 0 0.0573335 0 -0.049068 0
-0.260659 0 0.333672 -0.0395813 0 0.0576717 0 -0.0510943 0
-0.261377 0 0.33544 -0.0398429 0 0.0580099 0 -0.0531207 0
-0.262095 0 0.337208 -0.0401045 0 0.0583481 0 -0.055147 0
-0.262812 0 0.338976 -0.0403661 0 0.0586864 0 -0.0571734 0
-0.26353 0 0.340744 -0.0406276 0 0.0590246 0 -0.0591997 0
-0.264206 0 0.342596 -0.0408958 0 0.0593809 0 -0.0614714 0
-0.264881 0 0.344451 -0.0411641 0 0.0597377 0 -0.0637494 0
-0.265555 0 0.346306 -0.0414324 0 0.0600945 0 -0.0660274 0
-0.26623 0 0.348161 -0.0417007 0 0.0604513 0 -0.0683054 0
-0.266905 0 0.350016 -0.041969 0 0.060808 0 -0.0705834 0
-0.26758 0 0.35187 -0.0422374 0 0.0611648 0 -0.0728614 0
-0.268254 0 0.353725 -0.0425057 0 0.0615216 0 -0.0751395 0
-0.268929 0 0.35558 -0.042774 0 0.0618784 0 -0.0774175 0
-0.269604 0 0.357435 -0.0430423 0 0.0622351 0 -0.0796955 0
-0.270279 0 0.35929 -0.0433106 0 0.0625919 0 -0.0819735 0
-0.270907 0 0.361213 -0.0435846 0 0.0629661 0 -0.0844952 0
-0.271531 0 0.363144 -0.0438591 0 0.0633421 0 -0.0870443 0
-0.272154 0 0.365074 -0.0441337 0 0.0637182 0 -0.0895934 0
-0.272778 0 0.367005 -0.0444082 0 0.0640943 0 -0.0921425 0
-0.273402 0 0.368936 -0.0446828 0 0.0644704 0 -0.0946916 0
-0.274025 0 0.370867 -0.0449573 0 0.0648465 0 -0.0972407 0
-0.274649 0 0.372798 -0.0452319 0 0.0652226 0 -0.0997898 0
-0.275272 0 0.374729 -0.0455064 0 0.0655987 0 -0.102339 0
-0.275896 0 0.376659 -0.045781 0 0.0659748 0 -0.104888 0
-0.276519 0 0.37859 -0.0460555 0 0.0663508 0 -0.107437 0
-0.277091 0 0.380568 -0.0463347 0 0.0667433 0 -0.110226 0
-0.277653 0 0.382556 -0.0466149 0 0.0671393 0 -0.113066 0
-0.278214 0 0.384544 -0.046895 0 0.0675352 0 -0.115906 0
-0.278775 0 0.386532 -0.0471752 0 0.0679312 0 -0.118746 0
-0.279336 0 0.388521 -0.0474554 0 0.0683272 0 -0.121586 0
-0.279897 0 0.390509 -0.0477355 0 0.0687231 0 -0.124426 0
-0.280458 0 0.392497 -0.0480157 0 0.0691191 0 -0.127266 0
-0.281019 0 0.394485 -0.0482958 0 0.0695151 0 -0.130106 0
-0.28158 0 0.396473 -0.048576 0 0.069911 0 -0.132946 0
-0.282141 0 0.398461 -0.0488562 0 0.070307 0 -0.135786 0
-0.282643 0 0.400469 -0.0491399 0 0.070718 0 -0.138859 0
-0.283126 0 0.402484 -0.0494249 0 0.0711342 0 -0.14201 0
-0.283608 0 0.4045 -0.0497099 0 0.0715503 0 -0.145161 0
-0.284091 0 0.406515 -0.0499949 0 0.0719664 0 -0.148312 0
-0.284574 0 0.40853 -0.0502799 0 0.0723825 0 -0.151463 0
-0.285056 0 0.410545 -0.0505649 0 0.0727986 0 -0.154614 0
-0.285539 0 0.41256 -0.0508499 0 0.0732148 0 -0.157765 0
-0.286021 0 0.414576 -0.0511349 0 0.0736309 0 -0.160916 0
-0.286504 0 0.416591 -0.0514199 0 0.074047 0 -0.164066 0
-0.286986 0 0.418606 -0.0517048 0 0.0744631 0 -0.167217 0
-0.2874 0 0.420608 -0.0519924 0 0.0748927 0 -0.17059 0
-0.287781 0 0.422603 -0.0522812 0 0.0753287 0 -0.174071 0
-0.288161 0 0.424598 -0.05257 0 0.0757648 0 -0.177552 0
-0.288542 0 0.426593 -0.0528588 0 0.0762009 0 -0.181033 0
-0.288922 0 0.428588 -0.0531476 0 0.0766369 0 -0.184515 0
-0.289303 0 0.430583 -0.0534364 0 0.077073 0 -0.187996 0
-0.289683 0 0.432578 -0.0537252 0 0.0775091 0 -0.191477 0
-0.290064 0 0.434573 -0.054014 0 0.0779451 0 -0.194958 0
-0.290444 0 0.436568 -0.0543027 0 0.0783812 0 -0.198439 0
-0.290824 0 0.438563 -0.0545915 0 0.0788173 0 -0.20192 0
-0.291123 0 0.440502 -0.0548818 0 0.0792647 0 -0.205609 0
-0.291365 0 0.442403 -0.055173 0 0.0797198 0 -0.209437 0
-0.291608 0 0.444305 -0.0554642 0 0.0801749 0 -0.213266 0
-0.29185 0 0.446206 -0.0557554 0 0.0806299 0 -0.217095 0
-0.292093 0 0.448107 -0.0560467 0 0.081085 0 -0.220924 0
-0.292335 0 0.450009 -0.0563379 0 0.0815401 0 -0.224752 0
-0.292578 0 0.45191 -0.0566291 0 0.0819952 0 -0.228581 0
-0.29282 0 0.453812 -0.0569203 0 0.0824503 0 -0.23241 0
-0.293063 0 0.455713 -0.0572115 0 0.0829054 0 -0.236239 0
-0.293305 0 0.457614 -0.0575027 0 0.0833604 0 -0.240068 0
-0.293446 0 0.459407 -0.0577942 0 0.0838243 0 -0.244085 0
-0.293495 0 0.461101 -0.0580859 0 0.0842964 0 -0.248276 0
-0.293543 0 0.462794 -0.0583776 0 0.0847684 0 -0.252466 0
-0.293591 0 0.464488 -0.0586693 0 0.0852404 0 -0.256657 0
-0.29364 0 0.466181 -0.058961 0 0.0857124 0 -0.260847 0
-0.293688 0 0.467875 -0.0592527 0 0.0861844 0 -0.265038 0
-0.293736 0 0.469568 -0.0595444 0 0.0866565 0 -0.269229 0
-0.293785 0 0.471261 -0.0598361 0 0.0871285 0 -0.273419 0
-0.293833 0 0.472955 -0.0601278 0 0.0876005 0 -0.27761 0
-0.293881 0 0.474648 -0.0604195 0 0.0880725 0 -0.281801 0
-0.293803 0 0.47617 -0.0607102 0 0.0885503 0 -0.286156 0
-0.293567 0 0.477476 -0.0609995 0 0.0890354 0 -0.290716 0
-0.293331 0 0.478783 -0.0612889 0 0.0895205 0 -0.295277 0
-0.293094 0 0.48009 -0.0615782 0 0.0900056 0 -0.299837 0
-0.292858 0 0.481397 -0.0618675 0 0.0904907 0 -0.304397 0
-0.292622 0 0.482704 -0.0621569 0 0.0909758 0 -0.308958 0
-0.292386 0 0.48401 -0.0624462 0 0.0914609 0 -0.313518 0
-0.29215 0 0.485317 -0.0627356 0 0.0919459 0 -0.318078 0
-0.291914 0 0.486624 -0.0630249 0 0.092431 0 -0.322639 0
-0.291678 0 0.487931 -0.0633143 0 0.0929161 0 -0.327199 0
-0.291281 0 0.48899 -0.0636011 0 0.0934036 0 -0.331895 0
-0.290612 0 0.489628 -0.0638838 0 0.093895 0 -0.336822 0
-0.289944 0 0.490266 -0.0641664 0 0.0943865 0 -0.341749 0
-0.289275 0 0.490904 -0.0644491 0 0.094878 0 -0.346676 0
-0.288606 0 0.491541 -0.0647317 0 0.0953694 0 -0.351603 0
-0.287937 0 0.492179 -0.0650144 0 0.0958609 0 -0.35653 0
-0.287268 0 0.492817 -0.065297 0 0.0963523 0 -0.361457 0
-0.286599 0 0.493455 -0.0655797 0 0.0968438 0 -0.366384 0
-0.28593 0 0.494093 -0.0658623 0 0.0973353 0 -0.371311 0
-0.285261 0 0.494731 -0.066145 0 0.0978267 0 -0.376238 0
-0.283532 0 0.494433 -0.0664151 0 0.0983107 0 -0.381115 0
-0.279259 0 0.491891 -0.066655 0 0.0987768 0 -0.385875 0
-0.274985 0 0.489349 -0.0668949 0 0.0992428 0 -0.390635 0
-0.270712 0 0.486807 -0.0671348 0 0.0997088 0 -0.395395 0
-0.266439 0 0.484265 -0.0673747 0 0.100175 0 -0.400155 0
-0.262166 0 0.481722 -0.0676147 0 0.100641 0 -0.404914 0
-0.257893 0 0.47918 -0.0678546 0 0.101107 0 -0.409674 0
-0.25362 0 0.476638 -0.0680945 0 0.101573 0 -0.414434 0
-0.249347 0 0.474096 -0.0683344 0 0.102039 0 -0.419194 0
-0.245074 0 0.471554 -0.0685743 0 0.102505 0 -0.423954 0
-0.240826 0 0.469079 -0.0688052 0 0.102966 0 -0.428685 0
-0.236671 0 0.466843 -0.0690035 0 0.10341 0 -0.433315 0
-0.232517 0 0.464607 -0.0692019 0 0.103854 0 -0.437944 0
-0.228362 0 0.462371 -0.0694003 0 0.104297 0 -0.442574 0
-0.224207 0 0.460135 -0.0695987 0 0.104741 0 -0.447203 0
-0.220052 0 0.457899 -0.069797 0 0.105185 0 -0.451833 0
-0.215897 0 0.455663 -0.0699954 0 0.105628 0 -0.456463 0
-0.211742 0 0.453427 -0.0701938 0 0.106072 0 -0.461092 0
-0.207587 0 0.451191 -0.0703921 0 0.106516 0 -0.465722 0
-0.203432 0 0.448955 -0.0705905 0 0.106959 0 -0.470352 0
-0.1993 0 0.446741 -0.0707832 0 0.1074 0 -0.474967 0
-0.195305 0 0.444658 -0.0709416 0 0.107823 0 -0.479498 0
-0.191311 0 0.442575 -0.0711 0 0.108246 0 -0.484029 0
-0.187316 0 0.440491 -0.0712584 0 0.108669 0 -0.48856 0
-0.183322 0 0.438408 -0.0714169 0 0.109092 0 -0.493091 0
-0.179327 0 0.436325 -0.0715753 0 0.109514 0 -0.497622 0
-0.175333 0 0.434241 -0.0717337 0 0.109937 0 -0.502153 0
-0.171338 0 0.432158 -0.0718921 0 0.11036 0 -0.506684 0
-0.167344 0 0.430075 -0.0720506 0 0.110783 0 -0.511215 0
-0.163349 0 0.427991 -0.072209 0 0.111206 0 -0.515746 0
-0.159367 0 0.425909 -0.0723649 0 0.111627 0 -0.520272 0
-0.155564 0 0.423843 -0.0724853 0 0.112029 0 -0.524731 0
-0.15176 0 0.421777 -0.0726056 0 0.112432 0 -0.52919 0
-0.147956 0 0.419711 -0.072726 0 0.112834 0 -0.533649 0
-0.144152 0 0.417645 -0.0728464 0 0.113236 0 -0.538107 0
-0.140348 0 0.415579 -0.0729668 0 0.113638 0 -0.542566 0
-0.136545 0 0.413513 -0.0730872 0 0.11404 0 -0.547025 0
-0.132741 0 0.411447 -0.0732076 0 0.114443 0 -0.551484 0
-0.128937 0 0.40938 -0.073328 0 0.114845 0 -0.555942 0
-0.125133 0 0.407314 -0.0734483 0 0.115247 0 -0.560401 0
-0.121329 0 0.405248 -0.0735687 0 0.115649 0 -0.56486 0
-0.117495 0 0.403595 -0.0736511 0 0.116035 0 -0.569266 0
-0.113661 0 0.401946 -0.0737331 0 0.116421 0 -0.573672 0
-0.109827 0 0.400296 -0.0738152 0 0.116806 0 -0.578078 0
-0.105993 0 0.398647 -0.0738972 0 0.117192 0 -0.582484 0
-0.102159 0 0.396998 -0.0739793 0 0.117578 0 -0.58689 0
-0.0983248 0 0.395348 -0.0740613 0 0.117963 0 -0.591295 0
-0.0944907 0 0.393699 -0.0741434 0 0.118349 0 -0.595701 0
-0.0906566 0 0.392049 -0.0742254 0 0.118735 0 -0.600107 0
-0.0868225 0 0.3904 -0.0743075 0 0.119121 0 -0.604513 0
-0.0829884 0 0.38875 -0.0743895 0 0.119506 0 -0.608919 0
-0.0791392 0 0.387399 -0.0744363 0 0.11988 0 -0.613291 0
-0.0752887 0 0.386074 -0.0744798 0 0.120252 0 -0.617661 0
-0.0714382 0 0.38475 -0.0745234 0 0.120625 0 -0.62203 0
-0.0675877 0 0.383426 -0.0745669 0 0.120997 0 -0.6264 0
-0.0637372 0 0.382101 -0.0746105 0 0.12137 0 -0.630769 0
-0.0598867 0 0.380777 -0.074654 0 0.121742 0 -0.635139 0
-0.0560362 0 0.379453 -0.0746975 0 0.122114 0 -0.639508 0
-0.0521857 0 0.378128 -0.0747411 0 0.122487 0 -0.643878 0
-0.0483352 0 0.376804 -0.0747846 0 0.122859 0 -0.648247 0
-0.0444847 0 0.375479 -0.0748282 0 0.123232 0 -0.652617 0
-0.0406288 0 0.374366 -0.0748393 0 0.123595 0 -0.656966 0
-0.036772 0 0.373292 -0.0748443 0 0.123957 0 -0.661313 0
-0.0329152 0 0.372219 -0.0748492 0 0.124319 0 -0.665659 0
-0.0290583 0 0.371145 -0.0748542 0 0.12468 0 -0.670005 0
-0.0252015 0 0.370071 -0.0748592 0 0.125042 0 -0.674351 0
-0.0213446 0 0.368998 -0.0748641 0 0.125404 0 -0.678698 0
-0.0174878 0 0.367924 -0.0748691 0 0.125766 0 -0.683044 0
-0.0136309 0 0.366851 -0.0748741 0 0.126127 0 -0.68739 0
-0.00977407 0 0.365777 -0.0748791 0 0.126489 0 -0.691736 0
-0.00591723 0 0.364703 -0.074884 0 0.126851 0 -0.696083 0
-0.00206034 0 0.36378 -0.0748595 0 0.127206 0 -0.700418 0
0.00179655 0 0.362902 -0.0748259 0 0.127559 0 -0.70475 0
0.00565344 0 0.362024 -0.0747923 0 0.127912 0 -0.709082 0
0.00951033 0 0.361147 -0.0747587 0 0.128265 0 -0.713414 0
0.0133672 0 0.360269 -0.0747251 0 0.128617 0 -0.717746 0
0.0172241 0 0.359391 -0.0746915 0 0.12897 0 -0.722078 0
0.021081 0 0.358514 -0.0746579 0 0.129323 0 -0.72641 0
0.0249379 0 0.357636 -0.0746243 0 0.129676 0 -0.730742 0
0.0287948 0 0.356758 -0.0745907 0 0.130029 0 -0.735074 0
0.0326517 0 0.355881 -0.0745571 0 0.130382 0 -0.739407 0
0.0365071 0 0.355112 -0.074497 0 0.13073 0 -0.743731 0
0.0403619 0 0.354392 -0.0744248 0 0.131076 0 -0.748051 0
0.0442167 0 0.353673 -0.0743527 0 0.131422 0 -0.752371 0
0.0480715 0 0.352953 -0.0742805 0 0.131767 0 -0.756692 0
0.0519262 0 0.352234 -0.0742084 0 0.132113 0 -0.761012 0
0.055781 0 0.351515 -0.0741363 0 0.132459 0 -0.765332 0
0.0596358 0 0.350795 -0.0740641 0 0.132805 0 -0.769653 0
0.0634906 0 0.350076 -0.073992 0 0.13315 0 -0.773973 0
0.0673454 0 0.349356 -0.0739198 0 0.133496 0 -0.778294 0
0.0712002 0 0.348637 -0.0738477 0 0.133842 0 -0.782614 0
0.0750573 0 0.348 -0.0737519 0 0.134184 0 -0.786922 0
0.0789159 0 0.347415 -0.0736411 0 0.134524 0 -0.791221 0
0.0827745 0 0.34683 -0.0735304 0 0.134864 0 -0.795521 0
0.0866331 0 0.346245 -0.0734197 0 0.135204 0 -0.799821 0
0.0904917 0 0.34566 -0.0733089 0 0.135544 0 -0.804121 0
0.0943503 0 0.345075 -0.0731982 0 0.135883 0 -0.80842 0
0.0982089 0 0.34449 -0.0730875 0 0.136223 0 -0.81272 0
0.102067 0 0.343906 -0.0729767 0 0.136563 0 -0.81702 0
0.105926 0 0.343321 -0.072866 0 0.136903 0 -0.82132 0
0.109785 0 0.342736 -0.0727553 0 0.137243 0 -0.825619 0
0.113656 0 0.342239 -0.0726237 0 0.137581 0 -0.829899 0
0.117537 0 0.341818 -0.0724741 0 0.137916 0 -0.834162 0
0.121418 0 0.341396 -0.0723246 0 0.138252 0 -0.838425 0
0.1253 0 0.340975 -0.0721751 0 0.138588 0 -0.842689 0
0.129181 0 0.340554 -0.0720255 0 0.138923 0 -0.846952 0
0.133062 0 0.340133 -0.071876 0 0.139259 0 -0.851215 0
0.136944 0 0.339711 -0.0717264 0 0.139595 0 -0.855478 0
0.140825 0 0.33929 -0.0715769 0 0.13993 0 -0.859741 0
0.144707 0 0.338869 -0.0714273 0 0.140266 0 -0.864004 0
0.148588 0 0.338448 -0.0712778 0 0.140602 0 -0.868267 0
0.152493 0 0.338128 -0.0711101 0 0.140937 0 -0.872502 0
0.156427 0 0.337928 -0.0709212 0 0.14127 0 -0.876706 0
0.16036 0 0.337728 -0.0707323 0 0.141604 0 -0.880909 0
0.164293 0 0.337527 -0.0705434 0 0.141938 0 -0.885112 0
0.168227 0 0.337327 -0.0703545 0 0.142271 0 -0.889316 0
0.17216 0 0.337127 -0.0701657 0 0.142605 0 -0.893519 0
0.176093 0 0.336926 -0.0699768 0 0.142939 0 -0.897722 0
0.180027 0 0.336726 -0.0697879 0 0.143272 0 -0.901926 0
0.18396 0 0.336526 -0.069599 0 0.143606 0 -0.906129 0
0.187893 0 0.336325 -0.0694102 0 0.14394 0 -0.910332 0
0.191862 0 0.336241 -0.0692057 0 0.144274 0 -0.914501 0
0.195886 0 0.336342 -0.0689766 0 0.144608 0 -0.918616 0
0.199911 0 0.336443 -0.0687475 0 0.144943 0 -0.92273 0
0.203935 0 0.336543 -0.0685184 0 0.145278 0 -0.926845 0
0.207959 0 0.336644 -0.0682892 0 0.145612 0 -0.930959 0
0.211984 0 0.336745 -0.0680601 0 0.145947 0 -0.935074 0
0.216008 0 0.336846 -0.067831 0 0.146282 0 -0.939188 0
0.220032 0 0.336946 -0.0676019 0 0.146617 0 -0.943302 0
0.224056 0 0.337047 -0.0673728 0 0.146951 0 -0.947417 0
0.228081 0 0.337148 -0.0671436 0 0.147286 0 -0.951531 0
0.232148 0 0.337372 -0.0669016 0 0.147622 0 -0.955608 0
0.23631 0 0.337867 -0.0666308 0 0.147962 0 -0.9596 0
0.240473 0 0.338363 -0.0663601 0 0.148301 0 -0.963593 0
0.244635 0 0.338858 -0.0660893 0 0.148641 0 -0.967585 0
0.248797 0 0.339354 -0.0658186 0 0.148981 0 -0.971578 0
0.25296 0 0.33985 -0.0655479 0 0.14932 0 -0.97557 0
0.257122 0 0.340345 -0.0652771 0 0.14966 0 -0.979563 0
0.261285 0 0.340841 -0.0650064 0 0.15 0 -0.983555 0
0.265447 0 0.341336 -0.0647356 0 0.150339 0 -0.987548 0
0.269609 0 0.341832 -0.0644649 0 0.150679 0 -0.99154 0
0.273816 0 0.342443 -0.0641839 0 0.151021 0 -0.995496 0
0.278169 0 0.343432 -0.0638696 0 0.15137 0 -0.999332 0
0.282521 0 0.34442 -0.0635553 0 0.15172 0 -1.00317 0
0.286874 0 0.345408 -0.0632411 0 0.152069 0 -1.00701 0
0.291226 0 0.346396 -0.0629268 0 0.152419 0 -1.01084 0
0.295579 0 0.347384 -0.0626125 0 0.152768 0 -1.01468 0
0.299931 0 0.348372 -0.0622983 0 0.153118 0 -1.01851 0
0.304284 0 0.34936 -0.061984 0 0.153468 0 -1.02235 0
0.308636 0 0.350348 -0.0616697 0 0.153817 0 -1.02619 0
0.312988 0 0.351337 -0.0613555 0 0.154167 0 -1.03002 0
0.31738 0 0.352419 -0.0610339 0 0.154519 0 -1.03383 0
0.321976 0 0.353995 -0.0606736 0 0.154884 0 -1.03748 0
0.326572 0 0.355572 -0.0603134 0 0.155249 0 -1.04112 0
0.331168 0 0.357148 -0.0599532 0 0.155614 0 -1.04477 0
0.335763 0 0.358725 -0.0595929 0 0.15598 0 -1.04842 0
0.340359 0 0.360301 -0.0592327 0 0.156345 0 -1.05207 0
0.344955 0 0.361878 -0.0588725 0 0.15671 0 -1.05571 0
0.349551 0 0.363455 -0.0585123 0 0.157076 0 -1.05936 0
0.354147 0 0.365031 -0.058152 0 0.157441 0 -1.06301 0
0.358743 0 0.366608 -0.0577918 0 0.157806 0 -1.06665 0
0.363364 0 0.368242 -0.0574275 0 0.158173 0 -1.07028 0
0.368254 0 0.3705 -0.0570183 0 0.158561 0 -1.07371 0
0.373145 0 0.372758 -0.0566092 0 0.158949 0 -1.07714 0
0.378036 0 0.375017 -0.0562001 0 0.159337 0 -1.08056 0
0.382926 0 0.377275 -0.0557909 0 0.159725 0 -1.08399 0
0.387817 0 0.379534 -0.0553818 0 0.160113 0 -1.08742 0
0.392707 0 0.381792 -0.0549727 0 0.160501 0 -1.09084 0
0.397598 0 0.38405 -0.0545635 0 0.160889 0 -1.09427 0
0.402489 0 0.386309 -0.0541544 0 0.161276 0 -1.0977 0
0.407379 0 0.388567 -0.0537453 0 0.161664 0 -1.10113 0
0.412273 0 0.390832 -0.0533357 0 0.162052 0 -1.10455 0
0.417504 0 0.393865 -0.0528742 0 0.162471 0 -1.10773 0
0.422735 0 0.396897 -0.0524128 0 0.162889 0 -1.11091 0
0.427965 0 0.39993 -0.0519513 0 0.163307 0 -1.11408 0
0.433196 0 0.402962 -0.0514899 0 0.163725 0 -1.11726 0
0.438427 0 0.405995 -0.0510285 0 0.164143 0 -1.12044 0
0.443658 0 0.409028 -0.050567 0 0.164562 0 -1.12362 0
0.448889 0 0.41206 -0.0501056 0 0.16498 0 -1.12679 0
0.45412 0 0.415093 -0.0496441 0 0.165398 0 -1.12997 0
0.459351 0 0.418125 -0.0491827 0 0.165816 0 -1.13315 0
0.464582 0 0.421158 -0.0487212 0 0.166234 0 -1.13633 0
0.470165 0 0.424997 -0.0482075 0 0.166689 0 -1.13924 0
0.475773 0 0.428895 -0.04769 0 0.167146 0 -1.14214 0
0.481381 0 0.432793 -0.0471724 0 0.167603 0 -1.14504 0
0.486989 0 0.436691 -0.0466549 0 0.16806 0 -1.14794 0
0.492597 0 0.440588 -0.0461374 0 0.168518 0 -1.15084 0
0.498205 0 0.444486 -0.0456199 0 0.168975 0 -1.15373 0
0.503813 0 0.448384 -0.0451023 0 0.169432 0 -1.15663 0
0.509422 0 0.452282 -0.0445848 0 0.169889 0 -1.15953 0
0.51503 0 0.456179 -0.0440673 0 0.170346 0 -1.16243 0
0.520638 0 0.460077 -0.0435498 0 0.170804 0 -1.16533 0
0.526591 0 0.46479 -0.0429807 0 0.171302 0 -1.16796 0
0.532602 0 0.469639 -0.0424031 0 0.171808 0 -1.17054 0
0.538613 0 0.474488 -0.0418254 0 0.172314 0 -1.17313 0
0.544624 0 0.479337 -0.0412478 0 0.172819 0 -1.17571 0
0.550635 0 0.484186 -0.0406702 0 0.173325 0 -1.1783 0
0.556647 0 0.489035 -0.0400925 0 0.173831 0 -1.18088 0
0.562658 0 0.493884 -0.0395149 0 0.174336 0 -1.18347 0
0.568669 0 0.498734 -0.0389373 0 0.174842 0 -1.18605 0
0.57468 0 0.503583 -0.0383596 0 0.175348 0 -1.18864 0
0.580691 0 0.508432 -0.037782 0 0.175853 0 -1.19122 0
0.587026 0 0.514082 -0.0371541 0 0.176405 0 -1.19353 0
0.593452 0 0.519957 -0.0365122 0 0.176969 0 -1.19577 0
0.599879 0 0.525832 -0.0358703 0 0.177534 0 -1.198 0
0.606305 0 0.531707 -0.0352284 0 0.178098 0 -1.20023 0
0.612731 0 0.537582 -0.0345865 0 0.178663 0 -1.20247 0
0.619158 0 0.543457 -0.0339447 0 0.179227 0 -1.2047 0
0.625584 0 0.549332 -0.0333028 0 0.179791 0 -1.20693 0
0.63201 0 0.555207 -0.0326609 0 0.180356 0 -1.20917 0
0.638436 0 0.561082 -0.032019 0 0.18092 0 -1.2114 0
0.644863 0 0.566956 -0.0313771 0 0.181485 0 -1.21363 0
0.65158 0 0.573594 -0.0306869 0 0.182098 0 -1.21558 0
0.65842 0 0.580549 -0.0299766 0 0.182732 0 -1.21742 0
0.665259 0 0.587505 -0.0292663 0 0.183366 0 -1.21925 0
0.672098 0 0.59446 -0.028556 0 0.184 0 -1.22109 0
0.678937 0 0.601416 -0.0278457 0 0.184634 0 -1.22292 0
0.685777 0 0.608371 -0.0271354 0 0.185268 0 -1.22476 0
0.692616 0 0.615326 -0.0264251 0 0.185902 0 -1.22659 0
0.699455 0 0.622282 -0.0257149 0 0.186536 0 -1.22842 0
0.706294 0 0.629237 -0.0250046 0 0.18717 0 -1.23026 0
0.713134 0 0.636192 -0.0242943 0 0.187804 0 -1.23209 0
0.720222 0 0.643845 -0.0235384 0 0.188489 0 -1.23364 0
0.727457 0 0.651908 -0.0227557 0 0.189203 0 -1.23502 0
0.734691 0 0.65997 -0.0219731 0 0.189918 0 -1.2364 0
0.741926 0 0.668033 -0.0211905 0 0.190632 0 -1.23778 0
0.749161 0 0.676095 -0.0204078 0 0.191347 0 -1.23915 0
0.756395 0 0.684157 -0.0196252 0 0.192062 0 -1.24053 0
0.76363 0 0.69222 -0.0188426 0 0.192776 0 -1.24191 0
0.770865 0 0.700282 -0.0180599 0 0.193491 0 -1.24329 0
0.7781 0 0.708345 -0.0172773 0 0.194205 0 -1.24467 0
0.785334 0 0.716407 -0.0164946 0 0.19492 0 -1.24605 0
0.79277 0 0.725079 -0.0156699 0 0.195685 0 -1.24714 0
0.800368 0 0.73424 -0.0148113 0 0.196492 0 -1.24799 0
0.807965 0 0.7434 -0.0139526 0 0.197298 0 -1.24885 0
0.815562 0 0.752561 -0.013094 0 0.198104 0 -1.2497 0
0.82316 0 0.761722 -0.0122354 0 0.19891 0 -1.25056 0
0.830757 0 0.770883 -0.0113768 0 0.199716 0 -1.25141 0
0.838355 0 0.780044 -0.0105182 0 0.200523 0 -1.25227 0
0.845952 0 0.789205 -0.00965959 0 0.201329 0 -1.25312 0
0.85355 0 0.798365 -0.00880098 0 0.202135 0 -1.25398 0
0.861147 0 0.807526 -0.00794237 0 0.202941 0 -1.25484 0
0.868895 0 0.81719 -0.00704585 0 0.203796 0 -1.2554 0
0.876808 0 0.8274 -0.00610812 0 0.204705 0 -1.25566 0
0.884721 0 0.837609 -0.00517038 0 0.205613 0 -1.25591 0
0.892634 0 0.847819 -0.00423264 0 0.206521 0 -1.25617 0
0.900546 0 0.858029 -0.0032949 0 0.207429 0 -1.25642 0
0.908459 0 0.868239 -0.00235716 0 0.208338 0 -1.25668 0
0.916372 0 0.878449 -0.00141942 0 0.209246 0 -1.25693 0
0.924285 0 0.888659 -0.000481681 0 0.210154 0 -1.25719 0
0.932197 0 0.898869 0.000456058 0 0.211063 0 -1.25744 0
0.94011 0 0.909078 0.0013938 0 0.211971 0 -1.2577 0
0.948125 0 0.919672 0.00236447 0 0.212924 0 -1.25767 0
0.95629 0 0.930835 0.00338386 0 0.213944 0 -1.25724 0
0.964455 0 0.941997 0.00440325 0 0.214964 0 -1.2568 0
0.97262 0 0.953159 0.00542265 0 0.215984 0 -1.25637 0
0.980786 0 0.964321 0.00644204 0 0.217004 0 -1.25593 0
0.988951 0 0.975483 0.00746143 0 0.218024 0 -1.2555 0
0.997116 0 0.986645 0.00848082 0 0.219044 0 -1.25506 0
1.00528 0 0.997807 0.00950021 0 0.220064 0 -1.25463 0
1.01345 0 1.00897 0.0105196 0 0.221084 0 -1.25419 0
1.02161 0 1.02013 0.011539 0 0.222104 0 -1.25376 0
1.02983 0 1.03155 0.0125857 0 0.223163 0 -1.25307 0
1.03817 0 1.04351 0.0136884 0 0.224302 0 -1.25185 0
1.0465 0 1.05547 0.0147912 0 0.225442 0 -1.25062 0
1.05484 0 1.06743 0.0158939 0 0.226581 0 -1.2494 0
1.06317 0 1.07938 0.0169967 0 0.227721 0 -1.24818 0
1.07151 0 1.09134 0.0180994 0 0.22886 0 -1.24696 0
1.07984 0 1.1033 0.0192022 0 0.23 0 -1.24574 0
1.08818 0 1.11526 0.0203049 0 0.231139 0 -1.24452 0
1.09651 0 1.12722 0.0214076 0 0.232279 0 -1.24329 0
1.10485 0 1.13917 0.0225104 0 0.233418 0 -1.24207 0
1.1132 0 1.15127 0.0236343 0 0.234589 0 -1.24063 0
1.12158 0 1.16378 0.0248209 0 0.235854 0 -1.23851 0
1.12997 0 1.17628 0.0260075 0 0.237118 0 -1.2364 0
1.13836 0 1.18879 0.0271941 0 0.238383 0 -1.23429 0
1.14675 0 1.2013 0.0283807 0 0.239647 0 -1.23217 0
1.15514 0 1.2138 0.0295674 0 0.240912 0 -1.23006 0
1.16352 0 1.22631 0.030754 0 0.242177 0 -1.22795 0
1.17191 0 1.23882 0.0319406 0 0.243441 0 -1.22584 0
1.1803 0 1.25132 0.0331272 0 0.244706 0 -1.22372 0
1.18869 0 1.26383 0.0343138 0 0.24597 0 -1.22161 0
1.19705 0 1.27636 0.035515 0 0.247257 0 -1.21932 0
1.2053 0 1.28901 0.0367842 0 0.248648 0 -1.21621 0
1.21356 0 1.30166 0.0380533 0 0.250039 0 -1.2131 0
1.22181 0 1.31431 0.0393225 0 0.25143 0 -1.20999 0
1.23006 0 1.32696 0.0405916 0 0.252821 0 -1.20688 0
1.23832 0 1.3396 0.0418608 0 0.254212 0 -1.20377 0
1.24657 0 1.35225 0.0431299 0 0.255604 0 -1.20066 0
1.25482 0 1.3649 0.0443991 0 0.256995 0 -1.19755 0
1.26308 0 1.37755 0.0456682 0 0.258386 0 -1.19444 0
1.27133 0 1.3902 0.0469374 0 0.259777 0 -1.19133 0
1.27933 0 1.40224 0.0482123 0 0.261174 0 -1.18813 0
1.28509 0 1.40892 0.0495391 0 0.262632 0 -1.18418 0
1.29085 0 1.41561 0.0508658 0 0.26409 0 -1.18023 0
1.2966 0 1.42229 0.0521925 0 0.265548 0 -1.17627 0
1.30236 0 1.42897 0.0535193 0 0.267006 0 -1.17232 0
1.30812 0 1.43565 0.054846 0 0.268464 0 -1.16837 0
1.31388 0 1.44233 0.0561727 0 0.269922 0 -1.16441 0
1.31964 0 1.44901 0.0574995 0 0.271379 0 -1.16046 0
1.32539 0 1.45569 0.0588262 0 0.272837 0 -1.15651 0
1.33115 0 1.46237 0.0601529 0 0.274295 0 -1.15256 0
1.33675 0 1.4686 0.0614795 0 0.27575 0 -1.14861 0
1.33617 0 1.45755 0.0628005 0 0.277098 0 -1.14472 0
1.3356 0 1.44649 0.0641214 0 0.278445 0 -1.14083 0
1.33502 0 1.43544 0.0654424 0 0.279792 0 -1.13694 0
1.33444 0 1.42438 0.0667633 0 0.281139 0 -1.13306 0
1.33386 0 1.41333 0.0680843 0 0.282487 0 -1.12917 0
1.33328 0 1.40228 0.0694052 0 0.283834 0 -1.12528 0
1.33271 0 1.39122 0.0707262 0 0.285181 0 -1.1214 0
1.33213 0 1.38017 0.0720471 0 0.286529 0 -1.11751 0
1.33155 0 1.36911 0.0733681 0 0.287876 0 -1.11362 0
1.33097 0 1.35806 0.074689 0 0.289223 0 -1.10973 0
1.33067 0 1.34709 0.0760072 0 0.290467 0 -1.10592 0
1.33038 0 1.33613 0.0773253 0 0.291704 0 -1.1021 0
1.33008 0 1.32517 0.0786433 0 0.292942 0 -1.09829 0
1.32979 0 1.3142 0.0799613 0 0.29418 0 -1.09447 0
1.3295 0 1.30324 0.0812794 0 0.295417 0 -1.09066 0
1.32921 0 1.29228 0.0825974 0 0.296655 0 -1.08684 0
1.32892 0 1.28131 0.0839155 0 0.297893 0 -1.08303 0
1.32863 0 1.27035 0.0852335 0 0.29913 0 -1.07921 0
1.32834 0 1.25939 0.0865515 0 0.300368 0 -1.0754 0
1.32804 0 1.24842 0.0878696 0 0.301606 0 -1.07158 0
1.32795 0 1.23753 0.089187 0 0.302748 0 -1.06783 0
1.32788 0 1.22664 0.0905044 0 0.303877 0 -1.06409 0
1.32781 0 1.21576 0.0918218 0 0.305006 0 -1.06035 0
1.32775 0 1.20487 0.0931391 0 0.306135 0 -1.05661 0
1.32768 0 1.19399 0.0944565 0 0.307264 0 -1.05287 0
1.32761 0 1.1831 0.0957739 0 0.308392 0 -1.04913 0
1.32754 0 1.17222 0.0970912 0 0.309521 0 -1.04539 0
1.32748 0 1.16133 0.0984086 0 0.31065 0 -1.04165 0
1.32741 0 1.15045 0.099726 0 0.311779 0 -1.03792 0
1.32734 0 1.13956 0.101043 0 0.312908 0 -1.03418 0
1.32741 0 1.12872 0.102361 0 0.31395 0 -1.0305 0
1.32751 0 1.1179 0.10368 0 0.314971 0 -1.02683 0
1.32761 0 1.10707 0.104998 0 0.315991 0 -1.02317 0
1.32771 0 1.09625 0.106317 0 0.317012 0 -1.01951 0
1.32781 0 1.08542 0.107635 0 0.318032 0 -1.01584 0
1.32791 0 1.0746 0.108953 0 0.319053 0 -1.01218 0
1.32802 0 1.06377 0.110272 0 0.320074 0 -1.00852 0
1.32812 0 1.05295 0.11159 0 0.321094 0 -1.00485 0
1.32822 0 1.04212 0.112909 0 0.322115 0 -1.00119 0
1.32832 0 1.03129 0.114227 0 0.323135 0 -0.997526 0
1.32851 0 1.0205 0.115547 0 0.324078 0 -0.993917 0
1.32873 0 1.00972 0.116867 0 0.324991 0 -0.990329 0
1.32895 0 0.998935 0.118188 0 0.325903 0 -0.986741 0
1.32917 0 0.988153 0.119509 0 0.326816 0 -0.983153 0
1.32939 0 0.97737 0.120829 0 0.327729 0 -0.979564 0
1.32961 0 0.966587 0.12215 0 0.328642 0 -0.975976 0
1.32983 0 0.955805 0.12347 0 0.329554 0 -0.972388 0
1.33005 0 0.945022 0.124791 0 0.330467 0 -0.9688 0
1.33027 0 0.93424 0.126111 0 0.33138 0 -0.965212 0
1.33049 0 0.923457 0.127432 0 0.332293 0 -0.961624 0
1.33076 0 0.912692 0.128755 0 0.333136 0 -0.958083 0
1.33106 0 0.901937 0.130078 0 0.333941 0 -0.954568 0
1.33136 0 0.891181 0.131402 0 0.334746 0 -0.951053 0
1.33166 0 0.880426 0.132725 0 0.335551 0 -0.947538 0
1.33196 0 0.869671 0.134049 0 0.336357 0 -0.944023 0
1.33226 0 0.858915 0.135373 0 0.337162 0 -0.940508 0
1.33256 0 0.84816 0.136696 0 0.337967 0 -0.936993 0
1.33286 0 0.837404 0.13802 0 0.338772 0 -0.933478 0
1.33316 0 0.826649 0.139343 0 0.339577 0 -0.929963 0
1.33346 0 0.815893 0.140667 0 0.340383 0 -0.926448 0
1.33379 0 0.805146 0.141992 0 0.341126 0 -0.922974 0
1.33414 0 0.794406 0.143319 0 0.341824 0 -0.919529 0
1.33448 0 0.783665 0.144646 0 0.342522 0 -0.916085 0
1.33483 0 0.772924 0.145974 0 0.34322 0 -0.912641 0
1.33518 0 0.762183 0.147301 0 0.343917 0 -0.909197 0
1.33552 0 0.751442 0.148628 0 0.344615 0 -0.905753 0
1.33587 0 0.740701 0.149955 0 0.345313 0 -0.902309 0
1.33622 0 0.729961 0.151282 0 0.346011 0 -0.898865 0
1.33657 0 0.71922 0.152609 0 0.346709 0 -0.895421 0
1.33691 0 0.708479 0.153936 0 0.347406 0 -0.891977 0
1.33727 0 0.697741 0.155265 0 0.348051 0 -0.888567 0
1.33764 0 0.687006 0.156595 0 0.348641 0 -0.885191 0
1.33801 0 0.676271 0.157926 0 0.349232 0 -0.881816 0
1.33837 0 0.665536 0.159257 0 0.349822 0 -0.87844 0
1.33874 0 0.654801 0.160588 0 0.350413 0 -0.875065 0
1.33911 0 0.644066 0.161918 0 0.351003 0 -0.871689 0
1.33948 0 0.633331 0.163249 0 0.351594 0 -0.868314 0
1.33985 0 0.622597 0.16458 0 0.352184 0 -0.864939 0
1.34022 0 0.611862 0.165911 0 0.352774 0 -0.861563 0
1.34058 0 0.601127 0.167241 0 0.353365 0 -0.858188 0
1.34095 0 0.590392 0.168574 0 0.35391 0 -0.85484 0
1.34132 0 0.579659 0.169908 0 0.354393 0 -0.851532 0
1.34169 0 0.568926 0.171242 0 0.354876 0 -0.848223 0
1.34206 0 0.558192 0.172577 0 0.35536 0 -0.844914 0
1.34243 0 0.547459 0.173911 0 0.355843 0 -0.841606 0
1.3428 0 0.536725 0.175246 0 0.356326 0 -0.838297 0
1.34317 0 0.525992 0.17658 0 0.356809 0 -0.834988 0
1.34354 0 0.515258 0.177915 0 0.357292 0 -0.83168 0
1.34392 0 0.504525 0.179249 0 0.357775 0 -0.828371 0
1.34429 0 0.493792 0.180584 0 0.358258 0 -0.825062 0
1.34465 0 0.483059 0.181919 0 0.358704 0 -0.821776 0
1.34501 0 0.472326 0.183257 0 0.35908 0 -0.818533 0
1.34537 0 0.461594 0.184595 0 0.359456 0 -0.81529 0
1.34572 0 0.450862 0.185933 0 0.359832 0 -0.812047 0
1.34608 0 0.44013 0.187271 0 0.360207 0 -0.808803 0
1.34644 0 0.429398 0.188609 0 0.360583 0 -0.80556 0
1.34679 0 0.418666 0.189947 0 0.360959 0 -0.802317 0
1.34715 0 0.407933 0.191285 0 0.361335 0 -0.799074 0
1.34751 0 0.397201 0.192623 0 0.361711 0 -0.795831 0
1.34787 0 0.386469 0.193961 0 0.362086 0 -0.792587 0
1.34822 0 0.375738 0.1953 0 0.362433 0 -0.789361 0
1.34855 0 0.365011 0.196642 0 0.362702 0 -0.786183 0
1.34888 0 0.354284 0.197983 0 0.36297 0 -0.783004 0
1.34922 0 0.343557 0.199324 0 0.363239 0 -0.779826 0
1.34955 0 0.33283 0.200666 0 0.363507 0 -0.776647 0
1.34988 0 0.322103 0.202007 0 0.363776 0 -0.773469 0
1.35022 0 0.311376 0.203348 0 0.364044 0 -0.77029 0
1.35055 0 0.300649 0.20469 0 0.364313 0 -0.767111 0
1.35089 0 0.289921 0.206031 0 0.364581 0 -0.763933 0
1.35122 0 0.279194 0.207372 0 0.36485 0 -0.760754 0
1.35155 0 0.26847 0.208714 0 0.365098 0 -0.757588 0
1.35185 0 0.257755 0.210059 0 0.365259 0 -0.754474 0
1.35215 0 0.24704 0.211403 0 0.36542 0 -0.751359 0
1.35245 0 0.236325 0.212747 0 0.365582 0 -0.748245 0
1.35276 0 0.22561 0.214092 0 0.365743 0 -0.74513 0
1.35306 0 0.214896 0.215436 0 0.365904 0 -0.742016 0
1.35336 0 0.204181 0.21678 0 0.366066 0 -0.738902 0
1.35366 0 0.193466 0.218125 0 0.366227 0 -0.735787 0
1.35396 0 0.182751 0.219469 0 0.366389 0 -0.732673 0
1.35427 0 0.172036 0.220813 0 0.36655 0 -0.729559 0
1.35457 0 0.161324 0.222158 0 0.366699 0 -0.726452 0
1.35483 0 0.150632 0.223505 0 0.366753 0 -0.723401 0
1.3551 0 0.139939 0.224852 0 0.366808 0 -0.720351 0
1.35536 0 0.129247 0.226199 0 0.366862 0 -0.717301 0
1.35563 0 0.118555 0.227546 0 0.366916 0 -0.71425 0
1.3559 0 0.107862 0.228893 0 0.366971 0 -0.7112 0
1.35616 0 0.0971698 0.23024 0 0.367025 0 -0.708149 0
1.35643 0 0.0864774 0.231587 0 0.36708 0 -0.705099 0
1.35669 0 0.075785 0.232934 0 0.367134 0 -0.702049 0
1.35696 0 0.0650925 0.234281 0 0.367189 0 -0.698998 0
1.35722 0 0.0544016 0.235629 0 0.367239 0 -0.695951 0
1.35745 0 0.0437436 0.236978 0 0.367186 0 -0.692964 0
1.35768 0 0.0330856 0.238327 0 0.367134 0 -0.689978 0
1.3579 0 0.0224277 0.239676 0 0.367082 0 -0.686991 0
1.35813 0 0.0117697 0.241026 0 0.36703 0 -0.684004 0
1.35836 0 0.00111172 0.242375 0 0.366978 0 -0.681018 0
1.35858 0 -0.00954625 0.243724 0 0.366926 0 -0.678031 0
1.35881 0 -0.0202042 0.245074 0 0.366874 0 -0.675045 0
1.35904 0 -0.0308622 0.246423 0 0.366821 0 -0.672058 0
1.35926 0 -0.0415202 0.247772 0 0.366769 0 -0.669071 0
1.35949 0 -0.0521781 0.249121 0 0.366717 0 -0.666085 0
1.35968 0 -0.0627901 0.250473 0 0.366562 0 -0.663159 0
1.35986 0 -0.0734004 0.251824 0 0.366404 0 -0.660236 0
1.36005 0 -0.0840107 0.253175 0 0.366246 0 -0.657313 0
1.36023 0 -0.094621 0.254526 0 0.366088 0 -0.65439 0
1.36042 0 -0.105231 0.255877 0 0.36593 0 -0.651466 0
1.3606 0 -0.115842 0.257228 0 0.365771 0 -0.648543 0
1.36079 0 -0.126452 0.258579 0 0.365613 0 -0.64562 0
1.36097 0 -0.137062 0.259931 0 0.365455 0 -0.642696 0
1.36116 0 -0.147673 0.261282 0 0.365297 0 -0.639773 0
1.36134 0 -0.158283 0.262633 0 0.365138 0 -0.63685 0
1.36149 0 -0.168839 0.263985 0 0.364886 0 -0.633982 0
1.36163 0 -0.179388 0.265338 0 0.364622 0 -0.631121 0
1.36178 0 -0.189937 0.26669 0 0.364359 0 -0.62826 0
1.36192 0 -0.200487 0.268043 0 0.364095 0 -0.625399 0
1.36206 0 -0.211036 0.269396 0 0.363831 0 -0.622538 0
1.3622 0 -0.221585 0.270748 0 0.363567 0 -0.619677 0
1.36235 0 -0.232134 0.272101 0 0.363304 0 -0.616816 0
1.36249 0 -0.242684 0.273453 0 0.36304 0 -0.613955 0
1.36263 0 -0.253233 0.274806 0 0.362776 0 -0.611094 0
1.36278 0 -0.263782 0.276158 0 0.362512 0 -0.608233 0
1.36289 0 -0.274271 0.277512 0 0.362163 0 -0.605421 0
1.36299 0 -0.284747 0.278865 0 0.361795 0 -0.60262 0
1.36309 0 -0.295222 0.280219 0 0.361426 0 -0.59982 0
1.36319 0 -0.305697 0.281573 0 0.361058 0 -0.597019 0
1.36329 0 -0.316173 0.282926 0 0.360689 0 -0.594219 0
1.36339 0 -0.326648 0.28428 0 0.360321 0 -0.591418 0
1.36349 0 -0.337123 0.285633 0 0.359952 0 -0.588618 0
1.36359 0 -0.347599 0.286987 0 0.359584 0 -0.585817 0
1.36369 0 -0.358074 0.28834 0 0.359215 0 -0.583017 0
1.36379 0 -0.368549 0.289694 0 0.358847 0 -0.580216 0
1.36386 0 -0.378961 0.291048 0 0.358402 0 -0.577459 0
1.36392 0 -0.389351 0.292402 0 0.357929 0 -0.574716 0
1.36398 0 -0.399741 0.293756 0 0.357457 0 -0.571973 0
1.36403 0 -0.410131 0.29511 0 0.356984 0 -0.569231 0
1.36409 0 -0.420521 0.296465 0 0.356512 0 -0.566488 0
1.36415 0 -0.430911 0.297819 0 0.35604 0 -0.563745 0
1.36421 0 -0.441301 0.299173 0 0.355567 0 -0.561003 0
1.36427 0 -0.45169 0.300527 0 0.355095 0 -0.55826 0
1.36432 0 -0.46208 0.301881 0 0.354622 0 -0.555518 0
1.36438 0 -0.47247 0.303235 0 0.35415 0 -0.552775 0
1.36441 0 -0.482797 0.30459 0 0.353609 0 -0.550068 0
1.36443 0 -0.493091 0.305944 0 0.353034 0 -0.54738 0
1.36444 0 -0.503386 0.307298 0 0.352459 0 -0.544692 0
1.36446 0 -0.513681 0.308653 0 0.351883 0 -0.542004 0
1.36447 0 -0.523975 0.310007 0 0.351308 0 -0.539315 0
1.36449 0 -0.53427 0.311361 0 0.350733 0 -0.536627 0
1.36451 0 -0.544565 0.312716 0 0.350157 0 -0.533939 0
1.36452 0 -0.554859 0.31407 0 0.349582 0 -0.531251 0
1.36454 0 -0.565154 0.315424 0 0.349007 0 -0.528563 0
1.36455 0 -0.575448 0.316779 0 0.348431 0 -0.525874 0
1.36454 0 -0.585683 0.318133 0 0.347796 0 -0.523215 0
1.36452 0 -0.595874 0.319487 0 0.347119 0 -0.520577 0
1.36449 0 -0.606066 0.320841 0 0.346441 0 -0.517939 0
1.36446 0 -0.616258 0.322195 0 0.345764 0 -0.515301 0
1.36444 0 -0.62645 0.323549 0 0.345087 0 -0.512662 0
1.36441 0 -0.636642 0.324903 0 0.34441 0 -0.510024 0
1.36438 0 -0.646833 0.326257 0 0.343732 0 -0.507386 0
1.36436 0 -0.657025 0.327611 0 0.343055 0 -0.504747 0
1.36433 0 -0.667217 0.328965 0 0.342378 0 -0.502109 0
1.3643 0 -0.677409 0.330319 0 0.341701 0 -0.499471 0
1.36425 0 -0.687545 0.331673 0 0.340972 0 -0.496856 0
1.36419 0 -0.697629 0.333026 0 0.340194 0 -0.494262 0
1.36412 0 -0.707712 0.33438 0 0.339416 0 -0.491668 0
1.36405 0 -0.717796 0.335733 0 0.338638 0 -0.489075 0
1.36398 0 -0.727879 0.337086 0 0.337859 0 -0.486481 0
1.36391 0 -0.737963 0.33844 0 0.337081 0 -0.483888 0
1.36384 0 -0.748046 0.339793 0 0.336303 0 -0.481294 0
1.36377 0 -0.75813 0.341146 0 0.335525 0 -0.478701 0
1.3637 0 -0.768214 0.3425 0 0.334747 0 -0.476107 0
1.36363 0 -0.778297 0.343853 0 0.333969 0 -0.473514 0
1.36355 0 -0.788332 0.345206 0 0.333147 0 -0.470937 0
1.36344 0 -0.798304 0.346558 0 0.332269 0 -0.468382 0
1.36333 0 -0.808276 0.34791 0 0.331392 0 -0.465828 0
1.36322 0 -0.818248 0.349263 0 0.330514 0 -0.463273 0
1.3631 0 -0.82822 0.350615 0 0.329636 0 -0.460719 0
1.36299 0 -0.838192 0.351967 0 0.328758 0 -0.458164 0
1.36288 0 -0.848164 0.353319 0 0.32788 0 -0.455609 0
1.36277 0 -0.858136 0.354672 0 0.327003 0 -0.453055 0
1.36266 0 -0.868108 0.356024 0 0.326125 0 -0.4505 0
1.36255 0 -0.87808 0.357376 0 0.325247 0 -0.447945 0
1.36243 0 -0.888011 0.358728 0 0.324334 0 -0.445402 0
1.36227 0 -0.89787 0.360079 0 0.323357 0 -0.442881 0
1.36212 0 -0.907729 0.361429 0 0.322381 0 -0.440359 0
1.36197 0 -0.917588 0.36278 0 0.321404 0 -0.437837 0
1.36182 0 -0.927446 0.364131 0 0.320428 0 -0.435315 0
1.36167 0 -0.937305 0.365482 0 0.319452 0 -0.432793 0
1.36151 0 -0.947164 0.366832 0 0.318475 0 -0.430271 0
1.36136 0 -0.957023 0.368183 0 0.317499 0 -0.427749 0
1.36121 0 -0.966882 0.369534 0 0.316522 0 -0.425227 0
1.36106 0 -0.976741 0.370885 0 0.315546 0 -0.422705 0
1.36089 0 -0.986567 0.372235 0 0.314542 0 -0.42019 0
1.3607 0 -0.996313 0.373584 0 0.313468 0 -0.417695 0
1.36051 0 -1.00606 0.374932 0 0.312394 0 -0.415199 0
1.36032 0 -1.0158 0.376281 0 0.31132 0 -0.412703 0
1.36013 0 -1.02555 0.37763 0 0.310246 0 -0.410208 0
1.35993 0 -1.03529 0.378979 0 0.309172 0 -0.407712 0
1.35974 0 -1.04504 0.380328 0 0.308099 0 -0.405216 0
1.35955 0 -1.05479 0.381676 0 0.307025 0 -0.40272 0
1.35936 0 -1.06453 0.383025 0 0.305951 0 -0.400225 0
1.35917 0 -1.07428 0.384374 0 0.304877 0 -0.397729 0
1.35897 0 -1.084 0.385722 0 0.303783 0 -0.395238 0
1.35874 0 -1.09363 0.387069 0 0.302613 0 -0.392762 0
1.35851 0 -1.10326 0.388415 0 0.301443 0 -0.390286 0
1.35828 0 -1.11289 0.389762 0 0.300272 0 -0.387811 0
1.35805 0 -1.12253 0.391108 0 0.299102 0 -0.385335 0
1.35782 0 -1.13216 0.392455 0 0.297932 0 -0.382859 0
1.35759 0 -1.14179 0.393802 0 0.296762 0 -0.380383 0
1.35736 0 -1.15142 0.395148 0 0.295592 0 -0.377908 0
1.35713 0 -1.16106 0.396495 0 0.294422 0 -0.375432 0
1.3569 0 -1.17069 0.397841 0 0.293251 0 -0.372956 0
1.35667 0 -1.18031 0.399187 0 0.292068 0 -0.370483 0
1.3564 0 -1.18983 0.400531 0 0.290803 0 -0.368021 0
1.35614 0 -1.19935 0.401875 0 0.289538 0 -0.365559 0
1.35588 0 -1.20887 0.403219 0 0.288272 0 -0.363097 0
1.35562 0 -1.21839 0.404563 0 0.287007 0 -0.360636 0
1.35535 0 -1.22791 0.405907 0 0.285742 0 -0.358174 0
1.35509 0 -1.23743 0.407251 0 0.284476 0 -0.355712 0
1.35483 0 -1.24695 0.408594 0 0.283211 0 -0.353251 0
1.35456 0 -1.25647 0.409938 0 0.281945 0 -0.350789 0
1.3543 0 -1.26599 0.411282 0 0.28068 0 -0.348327 0
1.35404 0 -1.2755 0.412626 0 0.279409 0 -0.345866 0
1.35374 0 -1.28491 0.413967 0 0.27805 0 -0.343413 0
1.35345 0 -1.29432 0.415308 0 0.27669 0 -0.34096 0
1.35316 0 -1.30372 0.416649 0 0.275331 0 -0.338506 0
1.35287 0 -1.31313 0.41799 0 0.273971 0 -0.336053 0
1.35258 0 -1.32254 0.419331 0 0.272612 0 -0.3336 0
1.35229 0 -1.33195 0.420672 0 0.271252 0 -0.331147 0
1.352 0 -1.34135 0.422013 0 0.269893 0 -0.328694 0
1.35171 0 -1.35076 0.423354 0 0.268533 0 -0.32624 0
1.35142 0 -1.36017 0.424695 0 0.267174 0 -0.323787 0
1.35112 0 -1.36958 0.426036 0 0.265815 0 -0.321334 0
1.35081 0 -1.37888 0.427374 0 0.264364 0 -0.318884 0
1.3505 0 -1.38817 0.428712 0 0.262911 0 -0.316435 0
1.35019 0 -1.39747 0.430049 0 0.261459 0 -0.313985 0
1.34988 0 -1.40676 0.431387 0 0.260007 0 -0.311536 0
1.34957 0 -1.41606 0.432725 0 0.258554 0 -0.309086 0
1.34926 0 -1.42535 0.434063 0 0.257102 0 -0.306637 0
1.34895 0 -1.43465 0.435401 0 0.255649 0 -0.304187 0
1.34863 0 -1.44394 0.436739 0 0.254197 0 -0.301738 0
1.34832 0 -1.45324 0.438077 0 0.252744 0 -0.299288 0
1.34801 0 -1.46253 0.439414 0 0.251292 0 -0.296838 0
1.34769 0 -1.47173 0.440749 0 0.249756 0 -0.294388 0
1.34737 0 -1.48091 0.442084 0 0.248212 0 -0.291938 0
1.34705 0 -1.49009 0.443419 0 0.246668 0 -0.289488 0
1.34673 0 -1.49927 0.444753 0 0.245124 0 -0.287038 0
1.34641 0 -1.50845 0.446088 0 0.243579 0 -0.284588 0
1.34608 0 -1.51764 0.447423 0 0.242035 0 -0.282138 0
1.34576 0 -1.52682 0.448757 0 0.240491 0 -0.279688 0
1.34544 0 -1.536 0.450092 0 0.238947 0 -0.277239 0
1.34512 0 -1.54518 0.451427 0 0.237402 0 -0.274789 0
1.3448 0 -1.55437 0.452761 0 0.235858 0 -0.272339 0
1.34448 0 -1.56345 0.454093 0 0.234239 0 -0.269886 0
1.34416 0 -1.57252 0.455425 0 0.232604 0 -0.267432 0
1.34384 0 -1.58159 0.456756 0 0.230969 0 -0.264979 0
1.34353 0 -1.59065 0.458088 0 0.229334 0 -0.262525 0
1.34321 0 -1.59972 0.459419 0 0.227699 0 -0.260072 0
1.34289 0 -1.60879 0.460751 0 0.226064 0 -0.257618 0
1.34257 0 -1.61786 0.462082 0 0.224429 0 -0.255165 0
1.34225 0 -1.62692 0.463414 0 0.222794 0 -0.252711 0
1.34194 0 -1.63599 0.464745 0 0.221159 0 -0.250258 0
1.34162 0 -1.64506 0.466076 0 0.219524 0 -0.247804 0
1.34147 0 -1.6547 0.467407 0 0.217815 0 -0.245351 0
1.34137 0 -1.66452 0.468738 0 0.216082 0 -0.242897 0
1.34128 0 -1.67435 0.470068 0 0.214349 0 -0.240444 0
1.34119 0 -1.68417 0.471399 0 0.212616 0 -0.23799 0
1.34109 0 -1.69399 0.472729 0 0.210883 0 -0.235537 0
1.341 0 -1.70382 0.47406 0 0.20915 0 -0.233083 0
1.3409 0 -1.71364 0.47539 0 0.207416 0 -0.23063 0
1.34081 0 -1.72347 0.476721 0 0.205683 0 -0.228176 0
1.34072 0 -1.73329 0.478051 0 0.20395 0 -0.225723 0
1.34062 0 -1.74311 0.479382 0 0.202217 0 -0.223269 0
1.34053 0 -1.75294 0.480712 0 0.200417 0 -0.220815 0
1.34043 0 -1.76276 0.482041 0 0.198586 0 -0.218362 0
1.34033 0 -1.77258 0.483371 0 0.196754 0 -0.215908 0
1.34024 0 -1.7824 0.484701 0 0.194923 0 -0.213455 0
1.34014 0 -1.79222 0.48603 0 0.193092 0 -0.211001 0
1.34005 0 -1.80204 0.48736 0 0.19126 0 -0.208548 0
1.33995 0 -1.81186 0.488689 0 0.189429 0 -0.206094 0
1.33985 0 -1.82169 0.490019 0 0.187597 0 -0.203641 0
1.33976 0 -1.83151 0.491348 0 0.185766 0 -0.201187 0
1.33966 0 -1.84133 0.492678 0 0.183935 0 -0.198734 0
1.33956 0 -1.85115 0.494007 0 0.182044 0 -0.19628 0
1.33946 0 -1.86097 0.495336 0 0.180114 0 -0.193827 0
1.33937 0 -1.87079 0.496664 0 0.178185 0 -0.191373 0
1.33927 0 -1.88061 0.497993 0 0.176255 0 -0.18892 0
1.33917 0 -1.89043 0.499321 0 0.174326 0 -0.186466 0
1.33907 0 -1.90024 0.50065 0 0.172396 0 -0.184013 0
1.33897 0 -1.91006 0.501978 0 0.170467 0 -0.181559 0
1.33887 0 -1.91988 0.503307 0 0.168537 0 -0.179106 0
1.33878 0 -1.9297 0.504636 0 0.166608 0 -0.176652 0
1.33868 0 -1.93952 0.505964 0 0.164678 0 -0.174199 0
1.33858 0 -1.94934 0.507292 0 0.162697 0 -0.171745 0
1.33848 0 -1.95916 0.50862 0 0.160669 0 -0.169292 0
1.33838 0 -1.96897 0.509947 0 0.158641 0 -0.166838 0
1.33828 0 -1.97879 0.511275 0 0.156613 0 -0.164385 0
1.33818 0 -1.98861 0.512603 0 0.154586 0 -0.161931 0
1.33808 0 -1.99842 0.51393 0 0.152558 0 -0.159478 0
1.33798 0 -2.00824 0.515258 0 0.15053 0 -0.157024 0
1.33788 0 -2.01806 0.516585 0 0.148503 0 -0.154571 0
1.33778 0 -2.02787 0.517913 0 0.146475 0 -0.152117 0
1.33768 0 -2.03769 0.51924 0 0.144447 0 -0.149664 0
1.33757 0 -2.0475 0.520568 0 0.142375 0 -0.14721 0
1.33747 0 -2.05732 0.521894 0 0.140249 0 -0.144757 0
1.33737 0 -2.06713 0.523221 0 0.138123 0 -0.142303 0
1.33727 0 -2.07695 0.524547 0 0.135997 0 -0.13985 0
1.33717 0 -2.08676 0.525874 0 0.133871 0 -0.137396 0
1.33706 0 -2.09658 0.5272 0 0.131746 0 -0.134943 0
1.33696 0 -2.10639 0.528527 0 0.12962 0 -0.132489 0
1.33686 0 -2.1162 0.529853 0 0.127494 0 -0.130036 0
1.33676 0 -2.12602 0.53118 0 0.125368 0 -0.127582 0
1.33665 0 -2.13583 0.532507 0 0.123242 0 -0.125129 0
1.33655 0 -2.14565 0.533833 0 0.121079 0 -0.122675 0
1.33645 0 -2.15546 0.535158 0 0.118855 0 -0.120222 0
1.33634 0 -2.16527 0.536484 0 0.116631 0 -0.117768 0
1.33624 0 -2.17508 0.537809 0 0.114407 0 -0.115315 0
1.33613 0 -2.18489 0.539135 0 0.112183 0 -0.112861 0
1.33603 0 -2.1947 0.54046 0 0.109959 0 -0.110408 0
1.33593 0 -2.20451 0.541786 0 0.107735 0 -0.107954 0
1.33582 0 -2.21433 0.543111 0 0.105511 0 -0.105501 0
1.33572 0 -2.22414 0.544437 0 0.103287 0 -0.103047 0
1.33561 0 -2.23395 0.545762 0 0.101063 0 -0.100594 0
1.33551 0 -2.24376 0.547088 0 0.0988098 0 -0.0981402 0
1.3354 0 -2.25357 0.548412 0 0.0964877 0 -0.0956867 0
1.3353 0 -2.26338 0.549737 0 0.0941656 0 -0.0932332 0
1.33519 0 -2.27319 0.551061 0 0.0918436 0 -0.0907797 0
1.33508 0 -2.283 0.552385 0 0.0895215 0 -0.0883262 0
1.33498 0 -2.29281 0.55371 0 0.0871995 0 -0.0858727 0
1.33487 0 -2.30261 0.555034 0 0.0848774 0 -0.0834192 0
1.33477 0 -2.31242 0.556359 0 0.0825553 0 -0.0809657 0
1.33466 0 -2.32223 0.557683 0 0.0802333 0 -0.0785122 0
1.33455 0 -2.33204 0.559008 0 0.0779112 0 -0.0760587 0
1.33445 0 -2.34185 0.560332 0 0.0755669 0 -0.0736052 0
1.33434 0 -2.35166 0.561655 0 0.0731468 0 -0.0711517 0
1.33423 0 -2.36146 0.562979 0 0.0707266 0 -0.0686982 0
1.33412 0 -2.37127 0.564302 0 0.0683065 0 -0.0662446 0
1.33402 0 -2.38108 0.565625 0 0.0658864 0 -0.0637911 0
1.33391 0 -2.39088 0.566949 0 0.0634662 0 -0.0613376 0
1.3338 0 -2.40069 0.568272 0 0.0610461 0 -0.0588841 0
1.33369 0 -2.41049 0.569596 0 0.058626 0 -0.0564306 0
1.33359 0 -2.4203 0.570919 0 0.0562059 0 -0.0539771 0
1.33348 0 -2.43011 0.572242 0 0.0537857 0 -0.0515236 0
1.33337 0 -2.43991 0.573566 0 0.0513508 0 -0.0490701 0
1.33326 0 -2.44972 0.574888 0 0.0488326 0 -0.0466166 0
1.33315 0 -2.45952 0.57621 0 0.0463145 0 -0.0441631 0
1.33304 0 -2.46932 0.577532 0 0.0437963 0 -0.0417096 0
1.33293 0 -2.47913 0.578855 0 0.0412781 0 -0.0392561 0
1.33282 0 -2.48893 0.580177 0 0.03876 0 -0.0368026 0
1.33271 0 -2.49874 0.581499 0 0.0362418 0 -0.0343491 0
1.3326 0 -2.50854 0.582822 0 0.0337236 0 -0.0318956 0
1.33249 0 -2.51834 0.584144 0 0.0312055 0 -0.0294421 0
1.33239 0 -2.52815 0.585466 0 0.0286873 0 -0.0269886 0
1.33228 0 -2.53795 0.586788 0 0.0261617 0 -0.0245351 0
1.33216 0 -2.54775 0.588109 0 0.0235456 0 -0.0220815 0
1.33205 0 -2.55755 0.589431 0 0.0209294 0 -0.019628 0
1.33194 0 -2.56735 0.590752 0 0.0183132 0 -0.0171745 0
1.33183 0 -2.57715 0.592073 0 0.015697 0 -0.014721 0
1.33172 0 -2.58695 0.593394 0 0.0130809 0 -0.0122675 0
1.33161 0 -2.59676 0.594715 0 0.0104647 0 -0.00981402 0
1.3315 0 -2.60656 0.596036 0 0.00784852 0 -0.00736052 0
1.33139 0 -2.61636 0.597358 0 0.00523235 0 -0.00490701 0
1.33128 0 -2.62616 0.598679 0 0.00261617 0 -0.00245351 0
1.33116 0 -2.63596 0.6 0 4.60224e-14 0 8.09619e-15 0
0 0 0 0 0 0 0 3.53792e-57 0
