2.7013 54.5716 22.7235 52.5534
2.46568 54.5035 21.6897 53.5625
2.23402 54.4878 20.6622 54.6214
2.00236 54.4722 19.6347 55.6803
1.6859 54.4389 18.6048 56.7248
1.45425 54.4233 17.5773 57.7837
18.2797 23.8369 36.2617 24.9867
18.3504 21.3646 35.9305 23.6107
19.4206 18.5841 35.3847 22.485
19.9604 16.0097 35.0343 21.1142
20.8915 13.3724 35.2514 17.5412
20.7997 11.0723 33.8024 19.0125
21.0644 8.71911 32.9508 18.1783
21.8742 6.27563 32.1277 17.3959
21.488 6.29112 31.4578 16.8087
22.1241 2.06958 30.2821 16.4284
22.5195 0.0149877 29.7423 15.5523
23.5987 -3.84909 30.2651 12.3456
23.2138 -3.83306 28.7957 13.8563
22.8286 -3.81856 27.5847 13.2562
24.4222 -8.95996 29.6873 8.98032
23.8909 -8.90299 27.8547 10.8406
24.4546 -11.803 28.6727 7.54972
23.9155 -11.7388 26.7781 9.47406
23.8625 -13.0142 26.3336 8.70299
23.3208 -12.9496 24.441 10.6288
23.7099 -15.2516 26.0167 6.65432
23.971 -17.1574 27.868 2.51191
23.4231 -17.0919 25.9824 4.44222
23.2487 -18.504 25.8824 3.46184
22.699 -18.4379 23.9991 5.39383
21.2396 -20.0522 29.7806 -4.6871
19.9488 -19.9923 31.5553 -7.39048
19.2076 -19.8602 28.981 -6.76088
17.8687 -19.7629 27.4596 -6.25404
17.5405 -19.7612 25.1882 -3.93292
16.868 -19.6853 25.2982 -5.83917
15.9215 -19.377 24.8355 -6.38585
15.1813 -19.2434 22.5708 -4.05961
13.0409 -18.029 26.4738 -7.84399
12.3011 -17.8945 24.6621 -9.5347
10.8239 -16.6281 22.1414 -6.96059
9.21516 -15.6931 20.8016 -6.33943
8.20063 -14.851 18.4625 -6.20875
6.1812 -13.5951 19.5133 -6.58862
4.76466 -12.468 19.0995 -6.85259
3.72165 -11.3574 16.7105 -6.24554
1.92534 -9.93853 17.9814 -6.57035
0.581544 -8.62882 19.9199 -7.58513
-0.479268 -7.34974 17.5263 -6.89499
-2.10005 -5.85195 16.9468 -6.51882
-3.49539 -4.4093 18.9036 -7.36747
-4.65183 -4.0938 15.9406 -4.35342
-6.44293 -1.33923 15.3361 -5.60799
-7.96348 1.36837 17.674 -8.37843
-9.12056 1.6851 14.7222 -5.35803
-10.5092 3.23836 14.0516 -4.69097
-11.8574 5.90493 13.9679 -4.77334
-13.0151 6.22284 11.0227 -1.74849
-14.6505 11.8654 23.171 -13.42
-15.8093 12.1856 20.2394 -10.3876
-22.7477 20.2544 22.25 -17.0914
-24.1367 20.6892 18.9608 -13.7553
-26.0169 21.6283 15.6767 -10.5735
-27.4013 22.0701 12.4408 -7.23763
-28.5895 23.387 12.1088 -7.13187
-29.9793 23.823 8.87911 -3.78967
-30.3441 24.8151 9.00842 -3.43209
-31.7343 25.2517 5.78147 -0.0880829
-31.5156 25.9698 6.51609 0.000789239
-32.9061 26.4067 3.29171 3.34635
-33.339 26.891 2.47919 4.54536
-34.946 27.4619 -1.04471 8.15672
-33.8111 27.8069 1.46329 6.62105
-33.7272 28.1033 1.5905 6.97551
-31.6871 28.0709 5.25327 4.61223
-33.3171 28.6338 1.73429 8.22601
-30.8068 27.9865 1.91617 8.63883
-32.437 28.5496 2.44994 10.8118
-31.9936 28.822 2.98359 8.90852
-28.9595 28.1495 11.1282 5.96527
-30.6884 28.7674 7.91628 6.00027
-32.5671 29.4693 4.12609 9.85349
-30.2926 28.6355 3.56685 10.9745
-29.6731 28.2567 4.17087 10.6586
-26.6673 27.1345 8.24235 7.92478
-28.5386 27.843 4.46158 11.7765
-30.418 28.5439 0.678489 15.6305
-22.8796 24.8962 11.0508 7.31492
-24.7598 25.5953 7.27212 11.167
-26.6325 26.3014 3.49762 15.018
-23.2935 24.5203 7.97496 11.302
-25.4291 25.3703 3.94269 15.3657
-24.5731 24.9082 4.59746 15.266
-26.7086 25.7584 0.56797 19.3305
-11.6967 19.2312 21.1393 2.499
-13.7494 19.3139 17.1235 6.55926
-13.4156 18.7221 16.6428 7.18731
-10.2039 17.0997 19.8305 4.87453
-12.2802 17.4083 15.8185 8.93298
-11.7427 16.7401 15.323 9.87441
-8.30672 15.0954 18.975 7.16241
-10.647 15.5951 14.7315 11.4062
-10.2464 15.0794 14.2469 12.3049
-12.6434 16.0858 10.0025 16.5489
-9.1476 14.0295 13.8932 13.5785
-8.37725 13.3864 14.2241 13.5912
-10.7739 14.3908 9.98409 17.8331
-7.05414 12.4165 14.2273 14.7314
-6.19474 11.7632 14.768 14.5149
-8.59099 12.7654 10.5324 18.7547
-4.80158 10.803 15.0006 15.3797
-4.17558 10.3144 15.4093 15.229
-3.57621 9.93633 15.6824 15.3893
-3.25279 10.1151 34.3086 0.714421
-5.91325 11.2932 29.8705 5.10199
12.3887 -4.80131 27.1824 4.3905
9.73011 -3.63633 22.7594 8.78222
7.08169 -2.47248 19.5756 12.739
6.66145 -3.4936 16.0874 15.4029
5.72876 -3.50864 16.4789 16.3046
6.65114 -4.09666 14.3987 18.4906
3.72575 -2.74614 9.79167 23.0188
4.50336 -3.06759 10.728 21.5848
1.57869 -1.71821 6.12551 26.1136
-1.34606 -0.368799 1.52726 30.6418
0.695372 -0.915784 5.09758 27.4265
0.241177 -0.243422 4.5313 28.5852
-2.68245 1.10471 -0.0667304 33.1137
-0.265588 0.885214 4.73594 26.7718
-3.19896 2.38674 0.144659 31.3019
-0.452907 2.02589 4.93648 29.7823
2.76353 1.60007 11.2316 24.4687
-0.433142 3.14469 6.48024 29.1126
-0.684864 4.27929 6.96626 29.0718
2.55719 4.09036 13.4161 23.5
-0.637534 5.63269 8.6709 28.1431
-0.722535 6.26155 9.29911 27.8246
-1.11752 7.00341 9.26714 28.2269
-4.31213 8.5453 4.52823 32.8713
-0.938463 7.9549 11.0771 26.8189
2.2438 7.33751 17.0627 21.416
-1.20706 9.07673 12.2022 26.1492
3.69449 7.54598 23.9223 17.039
0.265516 8.97925 19.3436 19.5157
1.55027 8.74489 18.6478 19.8533
3.93006 7.77679 23.0092 15.405
0.461917 9.52262 18.1591 20.1435
-3.00189 11.2692 13.3186 24.8766
-0.730335 10.3794 17.4071 20.7987
-4.19326 12.1261 12.5733 25.5339
0.59275 9.96486 20.2482 18.0163
-3.10831 11.9043 15.3136 22.821
-3.8871 12.2008 14.9277 22.7949
-4.47325 13.1376 9.98257 27.6116
-5.17302 13.1391 14.365 23.1844
-5.43109 13.3864 14.8072 22.5095
-5.76585 14.2395 9.87463 27.3267
-6.28475 14.3337 14.9291 22.4294
-6.30082 13.8413 16.04 17.904
-10.0359 15.8073 11.1172 22.7255
-7.02428 15.0654 15.8012 21.1945
-7.14648 14.5281 21.7756 14.8259
-11.1459 16.7345 16.7713 19.6981
-8.2516 16.0945 16.4788 19.9524
-8.34725 15.2981 22.0157 14.0097
-12.3459 17.5016 17.0156 18.8824
-9.46532 16.7403 16.7975 18.8869
-13.4576 18.9447 11.8147 23.7548
12.8133 -4.56838 26.838 -2.91885
8.82271 -2.37981 21.8851 1.96057
7.65771 -4.85923 16.8491 6.04417
3.48551 -2.48796 12.5879 9.74546
0.6289 -1.81053 11.1922 11.8234
-1.77922 -1.03695 11.2581 12.7959
-5.91365 0.61928 9.68217 14.6385
-6.52337 1.34747 7.03635 17.5239
-8.26654 2.18 5.4567 18.8626
-9.89334 3.25984 4.05703 20.224
-14.1322 5.70241 2.3133 22.0923
-13.2732 5.66699 1.07427 23.2432
-2.92183 1.57043 16.7692 7.95277
-7.31649 4.18269 11.758 12.8805
-9.42029 6.1256 7.02865 15.7434
-10.9102 7.87262 2.45169 17.5746
-7.47307 5.62356 14.2638 10.4634
-9.79845 7.12744 11.8671 12.8389
-11.7273 8.34088 10.3 14.053
-13.0951 9.31997 9.39081 14.7733
-14.4365 10.5931 8.54909 15.729
-16.0358 12.1227 7.30676 17.2562
-16.9453 13.0513 7.14762 17.3111
-14.458 13.6377 7.46003 14.5002
-19.1837 16.6263 2.44986 19.432
-20.5466 18.5353 6.39582 18.574
-18.6117 17.8181 8.85063 18.4165
-23.3362 20.8033 3.83632 23.3399
-20.6735 19.0606 8.68195 16.4257
-25.3967 22.0436 3.67628 21.3517
-21.8481 21.7055 3.87639 21.0789
-26.4314 23.7484 4.58862 20.3212
-31.1461 26.7376 -0.405326 25.2467
-15.0512 19.478 20.2342 5.81814
-20.0059 22.7594 15.2553 10.7168
-21.0712 23.5487 14.626 11.1833
-21.4848 22.7546 14.5998 10.9219
-22.3767 24.7345 14.4136 11.1036
-23.4495 25.7365 9.43529 15.9984
-19.7836 23.5619 17.9559 7.6913
-20.9613 24.3384 12.9888 12.5887
-25.9149 27.6065 11.7921 13.8574
-21.9457 24.4214 16.0461 9.02606
-22.7302 25.1955 11.1005 13.9028
-27.9015 28.7874 10.5366 14.6634
-29.025 29.7158 9.55597 15.7774
-28.9578 29.586 4.64075 20.6236
-29.5398 30.3558 10.0137 15.0875
-29.4093 30.3897 10.682 14.2652
-29.3266 30.6541 11.279 13.6953
-34.4946 34.2363 6.36603 18.5412
5.61416 -2.89456 21.7599 -1.87957
0.457529 0.657979 16.8564 2.95397
-0.560282 3.04121 14.6675 5.37287
-5.25674 2.79069 14.5742 8.40609
-5.05105 1.40667 12.5089 9.84928
-7.07819 2.42127 10.4515 12.0975
-12.1672 4.71859 8.1324 15.9381
-11.2806 5.51267 5.93904 17.3767
-12.6422 6.47554 4.67113 18.6948
-17.9937 10.3642 -0.162987 23.4541
-4.82587 3.85623 8.68306 14.1511
-10.165 7.73189 7.29774 17.6395
-11.6712 7.70883 5.7198 19.6177
-8.83318 7.85587 5.62743 17.7653
-14.3852 12.0997 4.67517 21.0353
-15.7195 12.8027 3.78309 22.4268
-16.4577 14.0184 3.92092 22.4085
-17.4968 16.8949 -0.817444 27.0651
-18.4409 17.4778 3.75531 23.4069
-18.8188 18.4954 4.35415 22.9124
-24.3537 22.729 -0.384298 27.565
-20.1817 21.5187 4.88998 23.1425
-25.7486 25.8209 0.175741 27.7719
-17.1996 24.3211 10.3429 18.6028
-22.9169 28.936 5.73459 23.1371
-27.7924 29.0371 4.98839 24.1422
-33.4983 33.659 0.380093 28.6751
-21.1182 26.6431 4.78717 22.749
-26.8287 31.251 3.38311 26.1111
-26.8173 29.5593 4.70723 21.2863
-32.5229 34.1675 5.08814 24.0003
-27.5562 33.9633 5.5265 24.0357
-27.1309 34.3819 6.91582 22.6865
-15.1675 24.8965 18.5515 11.7913
-21.0301 29.9153 17.883 14.8246
-17.2749 29.5176 18.1366 12.0927
-17.3959 29.5613 18.3298 11.6192
-23.2634 34.5679 17.7551 14.6202
-18.6272 30.9465 17.6378 12.3707
-18.6988 30.8277 17.7165 12.0069
-24.5653 35.8253 16.6449 15.1789
-19.9875 31.77 16.5701 13.0033
-19.9567 31.4224 16.6193 12.6202
-20.6223 32.2304 15.7452 15.6328
-21.2223 32.8254 15.895 13.2745
-27.2277 38.2678 15.5397 16.1023
-22.5057 36.7698 15.7209 13.1626
-21.6837 33.1409 15.9769 12.5839
-21.7242 33.2009 19.4988 11.0946
-22.6965 37.1636 15.7481 12.6229
-23.1403 37.2328 11.4985 16.8271
17.3168 -33.8098 28.4142 -1.03589
11.3575 -28.4109 24.1493 3.13231
4.22539 -25.4132 21.4573 6.90112
-1.85728 -19.5146 17.4279 10.881
-2.38684 -16.8347 14.4367 14.704
10.7548 -23.5573 17.4732 14.4195
4.6761 -17.6636 13.4343 18.3896
2.23242 -16.4796 11.3608 20.9484
-3.8421 -10.585 7.31909 24.9156
-3.10234 -9.87564 13.1765 21.8027
4.13791 -8.54716 11.3417 24.346
1.30177 -4.81976 9.83203 26.3969
-1.03606 -1.12922 9.27736 27.4545
-0.447379 2.32215 11.8526 26.5074
-6.49482 8.02273 8.08051 30.2479
-8.9609 12.1828 7.68441 31.3066
-10.7239 15.5687 7.92084 31.5778
-12.4479 18.3737 8.15092 32.0083
-18.6489 24.7775 4.37475 35.744
-16.9721 27.3002 8.11557 33.3399
-18.2163 30.0408 8.76982 33.0418
-20.2274 33.8228 8.83884 33.5938
-26.5201 40.6823 5.32463 37.1283
-22.7428 38.5748 13.9452 29.9342
-29.0566 45.543 10.4905 33.4185
-35.3812 52.5127 10.3594 33.9297
-27.9865 49.6726 11.1618 33.0485
-28.6906 51.6741 12.1023 32.2612
-29.602 54.0361 13.4553 29.2179
-30.5149 56.1397 13.3351 31.5864
-6.25402 35.9369 28.5472 14.685
-12.5933 42.8696 25.0873 18.1578
-13.3988 40.5066 25.9716 18.5258
-14.2295 41.2241 25.7098 18.2637
-15.4985 42.6933 26.8004 18.1299
-17.2566 44.7843 24.0986 19.592
-18.5713 46.0429 23.2562 20.1504
-19.2005 46.4249 22.8391 20.108
-20.7454 48.1002 21.9168 20.8084
-21.2694 48.2401 21.5475 20.6588
-22.1227 48.8346 20.7431 21.1235
-23.3878 50.0078 20.0472 21.3382
-23.6192 50.049 20.0772 20.7543
-19.9798 49.6691 20.1631 20.2723
-26.5025 57.9062 17.5079 23.1416
-25.6649 52.7989 19.9392 19.7295
-25.5202 52.3834 20.1903 18.8591
-25.7738 52.563 20.281 18.2511
-32.2862 60.8069 17.6217 21.1161
-9.03676 28.6413 25.5253 9.41637
-15.5617 36.8834 24.7873 9.35675
-22.0666 45.1302 22.1501 12.2165
-17.4089 38.0786 21.3184 12.6419
-17.0451 37.2122 21.4538 11.8398
-23.6274 46.2155 19.882 11.9053
-18.387 39.0721 21.1091 11.3979
-18.2013 38.6052 21.2349 10.6766
-24.8149 47.6031 19.6805 10.6364
-25.0256 47.7629 19.6099 10.4288
-18.8482 38.9285 21.0377 9.26125
-12.4245 29.579 24.3474 5.33067
-19.0135 38.5967 22.7235 5.56969
-19.6247 39.5717 20.836 7.87081
-20.4045 40.9419 20.8433 7.54065
-19.6822 39.9696 22.0242 4.02913
-19.7613 40.3829 20.4174 6.13378
-20.4823 41.7266 21.8187 5.2083
-19.9987 41.088 22.1584 4.34977
-26.7156 50.9369 20.5431 6.46839
-20.6268 42.2303 22.2176 3.46962
-1.1659 12.9711 26.4698 -4.07622
-4.01077 21.7908 24.8503 -1.97933
3.92743 4.74135 26.4908 -5.56715
-2.88345 15.5549 25.8618 -5.23873
-7.67798 18.9148 24.8891 -3.58317
0.84572 10.5809 25.3852 -4.84962
-5.95379 21.4076 24.41 -3.19496
-6.88761 23.1607 24.7059 -3.09718
-13.6986 33.9858 24.1552 -1.56881
-8.74164 26.6459 24.1193 -2.59347
-9.00796 27.2111 23.8787 -2.48373
-15.85 38.0418 22.8988 -0.810238
14.4018 -5.33201 24.5093 -6.10344
9.40922 -0.749451 24.1457 -4.90595
7.49522 3.25457 24.2351 -4.56469
10.1294 4.47524 24.5595 -4.88839
5.27817 8.6484 24.3806 -3.74915
3.06113 13.1871 24.3007 -3.07994
2.16922 15.4134 24.2878 -2.63638
2.53464 11.8633 24.2536 -2.49237
3.91301 14.1881 24.0208 -1.81904
-3.08596 26.1173 23.6503 -0.627306
-4.64862 29.4776 23.6138 -0.0577289
-9.20129 33.3655 24.1075 0.578151
-7.83013 37.3727 24.7642 -0.125019
-8.70521 39.968 25.1987 -0.0516359
-4.91041 34.6012 25.5972 -0.336924
-12.1248 47.6952 25.679 0.417324
-19.405 60.7712 26.2533 1.05686
3.04158 22.8968 23.9572 0.244912
-4.20095 36.0217 24.5291 0.860065
-5.62042 47.3948 25.0975 1.5303
6.59339 25.2373 24.0456 1.18023
-0.945958 39.6396 25.569 1.19198
-8.4853 54.0419 27.0923 1.20372
-4.76761 48.0081 27.6632 0.812723
-9.62356 53.6262 28.4282 0.842376
-10.628 56.5842 29.018 0.904785
-9.14198 58.2884 27.6753 1.6341
-14.027 63.9918 29.2308 1.53175
-15.5229 67.2102 29.2085 1.89667
-13.1366 67.5524 28.8225 2.43962
-20.793 82.1971 28.5864 2.76622
-19.5558 76.0118 29.2551 2.57299
-0.81846 40.6517 23.3721 3.85431
-8.75224 56.6165 25.978 3.21204
-10.2974 60.5836 26.8763 2.83189
-10.9988 63.1511 27.8006 2.47424
-7.96253 63.1231 28.2182 2.4386
-11.9353 66.4351 28.3889 2.38966
-5.63296 54.5588 25.9567 3.07579
-13.6235 70.5993 28.5657 2.44786
-21.7674 86.6927 31.2314 1.82959
-16.2675 77.0722 29.9165 1.54297
-11.8741 63.8892 27.1728 2.23333
-20.3012 81.6029 31.0139 0.870973
-11.0374 68.8164 28.8922 0.886543
-19.5058 86.5566 32.7359 -0.468609
-11.9951 72.247 33.2955 -0.890881
-20.4878 90.0233 33.9687 -1.46447
-15.47 74.0288 34.1204 -1.54969
-20.4952 90.7156 37.8101 -2.40131
-21.8359 93.1367 33.1869 -1.39835
-21.7704 93.3648 33.5695 -1.70092
-22.1451 94.8547 38.6461 -3.33199
-31.2321 114.556 39.0517 -4.31964
-5.40413 60.225 24.8063 -0.271009
-14.7182 80.0033 30.0673 -2.34304
-20.8926 98.7673 30.9639 -3.4444
-24.5447 102.206 36.1773 -5.41445
-20.5911 103.115 32.2101 -5.32167
-21.7111 98.9873 37.4848 -7.43943
-22.7723 100.938 36.876 -6.70007
-22.4712 100.473 37.1632 -7.09504
-29.4139 121.415 37.6455 -8.6439
-23.7723 104.146 38.067 -8.71873
-22.6501 102.051 37.9668 -8.84185
-29.4489 123.009 37.9649 -10.2821
-22.853 103.33 37.874 -9.93481
-21.2378 100.076 36.7786 -8.47723
-10.6693 77.3582 36.0773 -8.93811
-20.7508 99.6821 36.1904 -10.407
-11.4419 73.3479 36.0551 -10.7012
-22.2574 97.7477 43.8656 -12.8777
-19.5563 99.1919 37.3593 -12.5161
-10.014 73.0148 37.5848 -12.8393
-21.065 97.987 46.2739 -16.7438
-18.7377 99.1238 38.2362 -14.4456
-16.6877 95.7803 37.7617 -14.3743
24.8782 -14.9877 6.25243 -5.30657
13.5599 10.4662 15.0001 -9.12382
-3.64218 29.9689 13.8218 -11.5863
-5.84482 29.1398 22.5955 -15.3481
-10.0236 35.2478 30.2363 -20.0788
-7.84286 29.1767 37.2758 -24.0369
-20.4176 57.6876 48.0772 -28.8904
-14.5619 62.9557 51.0721 -31.903
-27.3481 91.5527 61.9636 -36.6148
-9.96631 66.5097 60.7246 -36.9513
13.862 12.7468 42.768 -29.2035
1.09611 41.7744 53.6119 -33.9884
-12.0641 70.7975 58.731 -37.5796
-13.734 58.9988 62.1545 -37.0794
3.34032 40.1364 57.1301 -33.4915
-10.7843 72.7643 70.2985 -39.4013
-11.9255 80.8833 74.7231 -41.1576
5.04848 52.9694 64.8497 -34.6634
-9.39999 85.83 78.0501 -40.5263
10.1298 41.7395 66.5244 -32.9765
-4.47542 74.8378 67.1927 -32.6164
-9.24288 85.2835 69.2346 -32.7358
-23.9014 118.462 82.4835 -38.5335
-22.6645 123.537 73.77 -32.6212
-27.8024 130.526 88.5878 -39.1442
-44.3555 167.825 104.449 -46.1803
-17.9076 102.107 65.645 -24.0851
-32.7677 138.857 81.5729 -31.0389
-49.5731 176.549 97.5405 -37.9931
-51.6888 180.743 81.9918 -34.9308
-64.5123 216.432 97.9399 -41.8616
-55.2171 187.07 92.8266 -31.8256
-55.0847 185.392 87.3198 -27.6738
-10.5663 80.2728 26.3295 1.67043
-29.1423 121.435 43.9389 -5.81654
-18.8276 91.6819 31.4727 0.532055
-33.1992 132.725 50.5315 -7.55208
-38.7741 143.959 40.3521 -7.30825
-53.4573 185.021 59.4373 -15.3679
-20.2583 108.754 43.0854 -3.3303
-40.5058 153.208 62.2425 -11.3125
-22.1825 114.729 45.9774 -4.19818
-42.6254 159.555 65.1838 -12.13
-46.476 167.749 67.1854 -13.3161
-23.1602 118.949 65.4782 -6.70971
-46.914 170.254 69.6745 -13.5568
-52.828 182.361 73.7693 -15.7584
-27.2106 129.214 53.0618 -6.57476
-51.3825 181.274 75.7173 -15.7787
-56.2519 191.24 78.7504 -17.6132
-32.1929 133.387 75.9396 -9.88349
-30.2519 137.516 56.5876 -8.70332
-55.0461 190.706 79.3661 -17.7937
-54.005 190.135 81.0711 -18.523
-80.3735 246.318 105.228 -28.1477
-47.36 178.312 111.766 -35.5412
-57.0713 190.769 138.4 -45.381
-86.7411 188.492 17.2619 -0.218042
-80.4183 179.07 33.1168 -9.28281
-81.4313 181.233 49.24 -15.8364
-61.9524 143.583 61.6206 -20.9903
-93.1407 208.649 88.5206 -31.1169
-64.1876 145.292 87.0996 -33.5881
-22.305 53.3137 77.28 -29.8745
-49.2694 111.37 103.688 -39.6089
-52.8095 113.146 112.033 -42.8968
-32.8897 72.0419 98.3007 -40.826
-40.6867 103.312 121.549 -44.8209
22.2592 -19.7143 85.5627 -31.0984
5.68036 18.0375 110.79 -39.748
-10.8985 55.7893 136.018 -48.3977
-29.8238 84.4028 121.096 -41.0877
-31.3505 85.8709 146.384 -49.6891
-29.5338 77.5412 146.373 -47.6778
-2.78242 9.33368 106.336 -30.6296
-15.2374 38.4518 132.826 -39.2743
-23.1219 47.885 133.888 -37.8202
-0.709936 -7.13692 106.243 -30.8685
-15.9441 24.458 130.05 -32.3525
-24.2932 36.3115 135.02 -31.5285
-37.2556 66.1968 161.728 -39.9902
-26.2461 33.1876 134.223 -26.2587
-39.5277 63.4155 130.139 -22.6691
-53.1832 93.4278 157.104 -30.4355
-66.0014 122.333 149.525 -26.8246
-67.1814 105.598 119.365 -12.3917
-70.5486 122.881 147.634 -20.9561
-34.0295 40.4977 140.512 -16.3105
-18.8126 7.91588 103.081 -6.91472
-30.6681 32.1102 128.263 -7.22546
-40.6327 50.5828 132.395 -5.85431
-50.1918 72.9578 128.288 -2.22824
-22.6878 13.8012 104.07 0.344502
-32.5072 36.5197 128.805 1.68996
-37.4014 46.134 133.663 2.07291
-29.672 31.3421 136.293 -4.84002
-31.0273 33.8432 137.015 4.82413
-16.942 4.44508 106.466 17.5871
-23.4621 19.4481 136.808 9.05206
-27.8032 27.5699 133.569 21.1334
-34.4173 42.5834 164.108 12.8175
-26.6662 26.4308 134.887 15.3753
-13.8696 1.10576 102.002 21.2289
-20.7129 16.3161 129.35 21.3556
-26.7429 28.3333 129.566 22.1019
-21.662 18.827 131.519 15.9497
-21.4753 18.8293 129.79 25.8351
-13.736 5.00552 128.153 29.3284
-10.2407 -2.17872 160.641 21.0201
-13.7207 5.39083 128.477 31.1571
-13.4878 4.44937 96.3539 42.1474
-17.5311 12.8881 128.93 34.2621
-21.5637 21.3879 161.699 25.9429
13.17 17.2365 28.1903 1.49073
8.52197 25.6335 61.4543 -7.19818
6.00421 28.6074 93.3691 -20.6769
12.6994 16.8943 118.696 -28.6279
14.9396 11.001 143.503 -38.0144
17.234 3.62184 159.925 -40.2584
15.5362 6.61188 194.805 -48.827
10.0822 4.64855 179.062 -51.4585
6.96794 3.82164 132.987 -46.2921
5.2459 6.80813 164.9 -47.3522
0.325149 3.76185 198.03 -50.8062
-41.5823 49.9284 100.851 -36.2783
-41.6093 49.4136 137.308 -44.7254
-53.9571 66.8132 152.752 -46.5694
-53.4802 65.7754 189.386 -55.4064
-55.7776 67.1687 204.122 -59.5995
-55.5241 65.9699 240.981 -67.7747
-61.6202 69.0293 143.328 -41.3956
-61.1338 67.9957 179.973 -50.505
-61.7189 67.0984 138.625 -39.1546
-61.2271 66.0672 175.42 -48.4258
-60.5997 64.6875 174.752 -47.9028
-58.6742 60.8348 126.582 -33.6022
-56.7698 57.112 165.136 -42.8316
-53.7324 52.4505 169.247 -43.1485
-51.2981 47.9227 163.075 -38.9444
-49.341 44.1916 144.387 -36.3858
-47.4847 40.3263 183.413 -45.5367
-32.724 28.3381 181.122 -48.2157
-30.722 24.6652 219.982 -57.9448
-26.1649 19.2068 188.701 -48.2318
-22.2478 14.4547 202.33 -53.1991
-18.9141 8.93446 202.604 -50.6516
-15.9744 3.45408 243.128 -60.1906
-4.65632 -6.74443 125.128 -25.5688
-1.60944 -12.1679 118.39 -24.6665
3.64336 -18.7505 146.165 -32.6249
7.63589 -23.6707 158.338 -31.0482
9.10138 -26.8913 173.62 -38.3869
8.78281 -27.3142 183.566 -40.3376
3.61216 -22.6239 183.871 -37.2696
3.15602 -23.1445 189.036 -38.754
5.15946 -26.5632 195.017 -38.6498
3.50383 -26.387 189.069 -32.8269
8.72344 -34.1924 231.404 -42.7526
7.65415 -33.3975 196.591 -31.8729
12.3733 -40.7875 239.168 -41.211
4.00904 -31.473 192.502 -26.0182
0.700592 -28.6798 186.194 -20.5454
5.37455 -36.0228 228.849 -30.9565
24.2397 -42.4077 103.194 -6.14994
29.13 -49.6023 145.934 -17.0017
19.5024 -21.037 124.861 -15.1153
29.3647 -21.7156 122.288 -21.6354
35.5777 -30.5207 166.043 -32.3791
41.7907 -39.3257 209.798 -43.1228
39.0325 -35.8319 203.713 -42.7304
45.3111 -44.5627 247.516 -53.6574
7.43006 -10.5649 189.186 -37.7427
13.7972 -19.181 233.063 -48.97
20.1644 -27.797 276.939 -60.1973
22.5629 -32.4393 275.696 -58.7239
29.4809 -41.7003 319.582 -69.2682
25.1484 -34.6783 135.076 -20.4421
32.813 -44.5199 179.079 -31.2022
28.5557 -34.7826 117.3 -19.1225
36.3577 -44.4476 161.395 -30.3578
30.1185 -40.8131 146.796 -27.1931
37.9995 -50.4033 190.917 -38.6798
14.9671 -30.3281 201.225 -40.7576
1.30108 -19.4165 166.728 -29.9422
9.22109 -28.8413 210.954 -41.8129
16.521 -35.8396 216.689 -42.4653
14.8117 -36.0426 168.742 -26.7846
23.8577 -46.5515 211.979 -35.7378
9.22834 -33.9445 173.24 -23.7292
21.5849 -45.0756 216.541 -32.7702
22.1082 -46.3395 218.755 -31.4314
0.233508 -28.1001 178.593 -17.3956
9.44832 -38.2794 222.157 -28.5782
9.77758 -30.4058 154.15 -10.0037
19.1015 -40.3863 197.829 -21.6634
28.7013 -50.6709 240.907 -32.5764
36.3968 -55.2941 244.382 -29.3772
27.4745 -49.7552 241.392 -25.4302
19.8237 -44.9372 236.921 -20.9158
30.383 -55.5437 278.941 -29.5951
-18.6074 -16.9113 50.7046 39.0537
26.1454 -29.1642 64.666 34.2952
36.7595 -39.3135 109.061 23.4008
41.2818 -40.4611 121.536 19.6195
25.3401 -32.0252 128.964 17.4286
27.9407 -31.7614 137.901 13.9832
23.9586 -29.3723 138.767 16.4842
20.9089 -23.4139 102.205 27.1383
32.5652 -33.7598 141.667 18.1997
40.9788 -38.0334 145.669 18.0294
20.3373 -23.2308 145.933 15.7826
32.1026 -33.297 149.828 18.6111
36.4039 -35.3354 154.052 17.6421
19.2678 -22.8059 117.507 27.1973
31.1327 -32.5894 157.568 17.3182
43.2795 -42.2912 197.013 8.67575
28.7372 -31.5385 157.124 20.7141
21.4682 -28.3584 152.514 24.5586
20.0316 -27.8407 147.642 28.2938
21.8015 -24.0206 111.641 37.3811
34.5686 -33.7336 148.614 30.1077
34.8402 -32.4601 119.698 35.5902
47.6567 -41.9908 156.917 28.0348
49.0967 -38.356 126.388 41.1962
62.0033 -47.7028 163.952 33.3849
27.2367 -29.5162 165.57 25.8414
24.8951 -28.3044 159.474 31.3085
38.4917 -37.7186 192.911 27.3207
42.8533 -34.7267 152.699 35.7919
20.8048 -21.8842 116.733 53.086
34.4604 -30.92 151.141 48.5327
23.5245 -18.2365 119.48 45.0323
37.2346 -26.9533 153.774 31.4564
50.959 -35.6699 188.741 26.7371
54.4213 -36.2323 162.305 38.3046
68.2049 -44.7933 198.063 33.431
31.5995 -29.254 157.519 42.4057
25.7332 -27.3213 149.876 48.3663
40.1086 -35.7823 181.87 47.6033
54.6571 -44.0331 213.706 47.4637
57.1549 -35.6125 139.474 57.9685
1.63668 -11.2882 63.5083 64.3983
16.0979 -19.0799 67.0934 63.1952
49.4754 -22.3831 83.1507 60.9012
19.7477 -11.027 105.65 58.5053
34.2393 -18.4422 127.102 55.1251
39.4391 -19.4419 152.577 55.8235
42.3946 -16.693 187.292 57.9828
57.4232 -23.9344 255.472 62.1489
52.1054 -21.4894 1505.9 91.7534
40.1898 -19.053 -272.314 44.9013
55.2304 -25.9964 -390.393 44.0778
33.0369 -6.5255 14.8043 32.0434
48.086 -13.0082 13.2043 33.9465
22.1294 -6.72026 7.87223 14.8772
37.1731 -12.9573 12.4975 16.8243
52.5786 -19.2149 17.048 23.4
53.5599 -12.3584 18.4147 12.6269
70.0249 -12.7495 27.1231 20.1286
66.7446 -13.7473 20.6049 2.7179
44.7361 -12.6005 25.0112 1.03213
28.6488 -12.1288 21.171 -8.42504
44.1442 -17.669 29.832 -1.11725
47.8769 -15.4604 31.8075 -3.00289
63.4597 -20.6969 40.6837 4.45227
51.8091 -17.6287 34.4074 -8.10931
37.4221 -17.5138 35.2494 -5.48272
53.26 -22.4715 42.9965 7.64453
36.3017 -18.6351 34.1374 3.94404
35.2587 -18.8466 33.9097 6.96949
30.6146 -18.957 33.6458 9.95755
39.3734 -19.4751 33.0802 14.1112
13.3865 -14.5551 28.7004 -1.71507
29.1226 -19.0503 33.0173 17.1542
37.6196 -19.0862 32.8179 20.1254
13.2524 -14.083 33.1353 20.2185
29.1894 -18.2255 32.1417 25.0541
38.246 -17.7822 30.3437 32.9506
35.6093 -17.1165 28.9512 38.0234
30.1757 -16.6079 35.7417 57.0589
38.9028 -15.9043 26.4629 50.0121
35.5854 -15.2944 25.8713 52.4985
29.8074 -14.7239 25.3427 56.0156
38.3341 -13.8256 24.8454 61.4101
54.2455 -17.306 31.9895 80.4848
10.6016 -8.988 31.5202 81.6839
26.6516 -12.0778 37.2913 104.825
38.4591 -10.6497 23.6732 77.317
63.2505 -6.41613 13.7511 67.9815
60.6871 -8.28466 19.1984 93.5598
52.9121 -8.45192 18.3645 99.0336
15.4902 -8.68769 18.0266 101.419
34.9253 -8.77326 17.7969 108.389
41.7814 -7.63493 17.7469 112.726
9.72599 -7.58835 17.7126 110.383
25.674 -9.86357 23.4272 136.112
16.7362 -5.51511 10.7711 94.8908
32.9351 -7.33999 14.7272 127.547
17.9786 -4.95344 7.94961 108.086
34.1188 -6.62251 12.0692 140.823
38.707 -5.79597 10.9055 149.012
30.9868 -7.69949 7.352 155.54
37.3217 -5.44414 10.1072 156.616
33.3855 -4.55066 13.9615 150.059
49.4078 -5.87936 10.7775 157.408
23.1356 -5.46117 6.54993 130.068
30.3309 -1.77974 6.47098 133.131
46.5139 -2.53501 9.32917 173.685
57.1887 -0.656334 11.8346 214.257
42.0282 -3.1146 10.7309 224.682
9.83859 -1.65647 -0.416114 121.911
25.8576 -2.09349 2.93372 162.795
38.9769 0.404506 2.2348 170.886
54.9657 0.0268954 5.68043 211.841
71.9902 1.88831 2.77131 162.221
50.8954 -1.22917 6.4059 203.33
36.4635 -4.05205 6.54153 211.22
-0.378445 -8.45639 5.83451 216.22
15.7052 -8.16591 7.86542 265.743
28.5493 -3.55069 2.79373 190.052
44.596 -3.18282 5.21322 239.866
16.7869 0.199261 0.435136 147.401
18.0997 -0.819283 3.11094 197.541
34.002 -0.268408 5.85732 247.682
49.3571 3.53628 16.5421 235.009
38.8341 0.777358 6.36946 243.295
35.3984 -0.234619 6.17976 250.429
25.7609 -2.47774 2.73227 199.755
19.3097 -3.84525 4.48995 259.97
28.2874 -1.28993 3.64289 271.993
27.2091 -1.29743 2.98795 269.795
43.1053 -0.00884523 2.74777 270.94
30.5177 0.0303323 2.53221 279.614
27.3987 -0.684045 2.30505 273.191
43.3559 0.913034 2.39178 271.016
29.387 0.0773562 2.5671 276.6
26.7929 -0.515823 2.27699 269.54
32.7262 1.52568 1.22787 283.19
49.8656 5.01 0.149002 290.62
65.732 6.98213 1.95904 363.951
33.0918 13.9079 -20.4781 -31.099
48.7279 16.0119 -17.676 44.2319
61.7649 19.6832 -24.9911 -4.43194
50.9812 14.7832 -28.5018 -7.37811
38.0305 9.5711 -40.5645 20.5963
40.9713 9.58186 -32.1901 16.5132
37.2591 7.79297 -26.9728 -1.62185
52.9267 10.4495 -24.5159 90.0414
49.6851 11.6455 -38.1651 74.4749
31.1723 12.8688 -46.224 -24.5347
46.6942 15.5869 -41.6271 69.7067
36.9902 13.703 -37.1344 133.419
33.0968 13.1839 -11.4875 164.22
40.4882 13.0179 -35.3357 97.0226
39.1272 11.5105 -61.7216 -1.50056
35.8489 11.0899 -40.8231 53.3651
43.0964 13.3001 -35.1229 93.5082
39.6855 11.9238 -57.9463 15.9281
34.1204 10.0794 -36.2538 82.3091
41.0228 12.1424 -29.9798 130.464
38.4049 11.5698 -31.2676 42.7699
53.7168 14.1918 -26.1257 156.272
48.0752 13.6451 -22.1981 189.246
23.258 8.49609 -46.435 68.4557
38.4526 11.1236 -41.9522 184.451
53.6472 13.7512 -37.4695 300.447
58.4548 16.472 -2.63078 438.871
77.012 23.6849 -19.8823 354.558
94.3293 28.5313 -19.5781 426.29
90.6433 27.8346 -10.0894 498.7
53.0968 17.152 -45.3457 197.429
35.3342 12.6876 -51.8837 254.9
22.3689 10.2755 -54.378 274.828
19.36 13.3764 -72.2163 184.599
36.547 18.1414 -61.622 221.595
39.3133 29.4962 -42.0456 -31.3904
56.2039 34.1676 -30.4367 91.4455
61.1754 30.3334 -15.6732 37.1425
78.6923 35.909 -16.7142 100.312
54.2908 31.073 -43.6597 -39.5009
46.9826 27.7385 -47.2473 -76.0257
24.1454 19.7911 -42.1306 -107.211
41.6869 25.244 -42.2083 -41.605
57.2518 27.8524 -36.7826 3.62826
71.5657 30.9708 -30.8127 63.7065
89.2027 36.133 -30.8584 129.719
56.0742 24.5659 -9.40135 213.785
44.5415 21.0496 -10.7648 180.023
36.6941 18.9815 -14.7188 118.951
35.317 18.8557 -13.3078 106.277
46.8536 22.3465 -6.51368 130.501
64.9435 28.3602 -7.54476 182.731
83.3231 33.6746 -4.09709 235.218
101.463 39.5364 -4.65207 287.482
119.604 45.3983 -5.20705 339.746
28.9355 -5.36399 -223.538 165.244
46.9685 0.175559 -321.584 216.724
45.2193 1.1544 -220.45 52.1794
62.1474 5.04415 -286.29 90.2906
51.5624 8.19216 -94.6059 83.1371
70.0169 14.1344 -120.658 122.159
64.6497 16.6157 -80.434 119.873
83.1715 22.7138 -100.409 159.238
54.3271 17.9917 -67.1868 99.5021
20.0198 10.8937 -30.8598 42.8576
38.4515 16.8803 -45.4648 82.8068
56.8832 22.8669 -60.0698 122.756
52.0764 22.2049 -64.8323 123.103
70.8952 28.826 -78.2814 149.731
65.7142 28.5994 -56.6953 82.5086
21.847 17.1842 -50.9244 41.3346
27.0941 19.1393 -38.0733 39.2624
45.8489 25.6316 -50.8027 65.9885
54.4577 28.2168 -50.7102 79.0131
50.4133 27.1931 -46.8899 58.0417
69.158 33.5643 -59.3282 84.8252
57.5188 28.8089 -45.3653 70.6331
50.597 26.8664 -41.9159 47.7764
69.6187 33.7428 -53.8704 62.1364
48.191 26.2155 -37.765 29.8504
65.3234 30.0954 -49.5373 44.2535
70.0791 30.7546 -40.5092 42.4993
83.9081 30.3322 -52.3192 56.7458
63.2113 28.2929 -36.2655 12.0887
36.2663 24.2124 -23.3946 14.3161
50.2364 24.0344 -35.2287 28.3792
54.4717 24.3688 -35.5501 35.7557
54.8354 30.6354 -46.8551 43.4919
32.7666 9.32134 -9.73162 29.962
49.4115 12.7135 -15.99 23.5673
66.411 15.5896 -18.5324 3.25259
61.1679 14.6333 -18.6514 -2.32712
74.0444 13.0006 -20.5294 -16.1904
53.3573 14.1413 -24.1736 -7.3609
45.6368 9.06552 -17.4558 -3.01472
64.8251 15.5144 -28.3771 -0.687862
59.9187 17.4751 -30.3824 -0.761063
79.1616 24.1112 -40.5094 -3.31708
55.7187 18.7354 -30.2032 -16.4557
50.0605 18.6105 -28.9746 -26.1234
69.4175 25.233 -38.5946 -33.6356
29.2391 13.8002 -18.7947 -23.3833
48.5255 20.4677 -28.3035 -31.057
54.1041 21.9341 -28.8281 -30.9963
50.6428 21.337 -29.0318 -26.585
69.9431 27.8682 -38.4774 -34.2756
75.8867 28.543 2.85133 -40.165
95.1425 35.1959 -5.69907 -51.5239
92.1154 12.3605 -4.14913 -71.4194
73.6075 21.6096 -11.6826 -87.6248
61.0868 13.4091 -17.9314 -52.1081
32.4172 15.1632 -21.5474 -48.7044
51.8164 21.5947 -31.7086 -32.9811
51.7636 16.7819 -25.2138 -52.1517
34.3163 9.59259 -4.7523 -42.5638
53.7427 15.7806 -11.9202 -58.5836
44.7566 13.414 -18.8114 -26.1537
64.1395 19.6439 -25.4694 -44.5267
63.8413 20.8666 -25.5986 -24.0161
55.8034 21.0973 -23.1499 -57.1726
57.1087 22.337 -21.5953 -71.5033
52.3385 22.654 -23.2214 -66.3833
56.1217 23.9436 -22.3143 -73.8792
28.2158 17.2258 -21.89 -29.9472
47.6497 23.4262 -26.8854 -52.5587
53.1006 24.2101 -13.366 -78.5716
58.4052 32.2471 -18.2647 -101.132
56.1085 24.5575 -20.8672 -71.6008
36.0709 26.2409 -7.37671 -83.356
47.0453 23.1091 -10.3773 -111.475
60.2533 22.1813 -10.1843 -98.6687
19.7306 16.3987 7.38616 -46.0964
32.5605 15.287 4.90334 -73.6356
49.127 13.2004 3.65795 -65.5524
68.5566 19.201 8.4356 -100.267
70.4704 15.782 4.79533 -96.4702
40.5268 18.6502 -14.0369 -22.5427
59.9543 24.5546 -9.73533 -56.7228
37.6358 0.129801 30.8951 -129.959
57.036 5.89865 30.6908 -161.609
53.4319 6.96919 29.0544 -105.117
72.8432 12.5702 28.9177 -136.134
92.2396 18.2877 28.1713 -161.811
91.7224 16.9302 18.2476 -135.044
70.3864 16.1587 -4.9107 -79.1775
20.9551 10.0472 -8.50666 -44.9993
40.3933 15.5777 -7.98221 -75.3657
46.0791 16.7378 1.31022 -101.269
47.0012 17.1649 -1.82203 -92.915
66.2268 22.789 -12.9014 -72.6505
52.1844 18.4406 -0.492488 -92.452
50.7003 18.5314 -1.34395 -87.6414
29.4319 12.1426 0.838925 -61.1596
48.7015 17.5928 3.53324 -94.0199
55.0099 17.6861 10.2208 -108.686
35.5358 11.7397 3.47388 -91.008
54.8438 17.0482 6.27315 -123.565
16.5209 -15.5796 43.9263 -73.5059
36.2079 -10.25 49.0243 -107.217
57.7621 -5.07269 27.3178 -102.325
76.9411 -0.288477 32.5293 -135.944
55.402 5.52432 1.01183 -54.2685
53.5787 9.89856 6.25288 -87.5298
72.7101 14.5802 13.1801 -121.821
79.2594 18.6889 18.171 -142.091
70.2713 21.2163 0.538683 -114.113
58.99 23.2986 5.77203 -147.179
59.3924 25.2473 -12.6798 -92.6452
32.9245 22.449 -12.9416 -91.039
51.7711 27.1304 -6.39502 -125.521
57.2182 27.4904 -9.02966 -83.9145
63.4017 27.7674 -2.31942 -117.989
67.5014 27.6571 6.50542 -121.119
60.9338 26.9446 -4.68822 -96.7289
12.9144 6.02062 -8.81013 -58.3171
31.8785 10.3696 -2.07282 -91.7943
52.2099 10.333 41.4651 -103.83
65.1246 16.8145 33.6925 -98.28
61.6829 10.4246 34.8406 -102.246
56.1487 10.7495 24.3266 -88.0479
48.7671 10.959 15.1346 -57.5847
67.3165 15.0987 23.6772 -90.8605
85.866 19.2384 32.2198 -124.136
68.0116 6.43493 54.1528 -129.946
86.622 10.4117 71.7978 -166.458
105.232 14.3885 80.6547 -199.213
46.27 4.24492 41.9967 -91.7437
64.9557 7.99949 51.0841 -123.87
59.1418 0.337589 26.2206 -72.8627
61.7653 10.8494 31.4451 -103.197
58.1039 12.1054 23.8659 -94.89
25.9639 9.87027 -1.99121 -40.559
44.1152 13.5077 8.12333 -72.5088
48.3807 13.6081 18.6442 -87.255
56.3282 9.45859 18.4926 -85.4313
52.2436 13.3755 25.5617 -94.5279
49.8299 13.0785 20.3379 -85.8797
45.5403 12.6588 13.5053 -74.7734
51.5957 7.52956 30.4184 -108.053
46.3974 11.8595 23.8102 -82.3834
44.9147 11.3413 24.615 -80.3802
41.4139 10.7868 21.1472 -72.7627
8.36476 -1.7754 29.6172 -34.7761
26.0211 1.33271 40.947 -64.8652
46.7297 -9.0657 75.9394 -83.5548
64.4629 -6.2152 87.5941 -113.037
49.3548 -2.5196 99.6119 -143.379
67.1131 0.250308 90.4551 -146.33
42.7064 2.99476 60.7892 -123.246
59.6467 5.72565 36.5745 -102.64
58.2411 8.18366 24.9768 -94.0783
28.3689 9.98265 11.8246 -80.7249
45.3533 12.629 15.8478 -85.4572
30.4158 11.3187 24.0064 -94.4862
47.5035 13.9069 18.6104 -86.691
56.4042 10.9839 22.0072 -89.1129
11.1192 -4.5212 35.4295 -21.3575
28.249 -2.22181 47.7226 -48.8033
41.7648 -4.85661 58.361 -63.9423
57.9364 -2.65091 70.7657 -90.3739
59.2772 0.156155 64.499 -93.1344
21.5874 6.88608 23.6857 -51.3271
29.6858 4.13863 37.4264 -77.6914
45.9118 6.23035 36.6036 -82.2886
56.8596 6.55797 49.0745 -98.9837
44.2057 14.2056 36.8494 -89.5088
48.2208 8.97984 49.9706 -115.56
49.0268 9.37559 30.7482 -86.1653
51.6907 9.33456 31.8485 -87.046
46.9956 9.60726 5.78564 -50.4035
62.1885 11.4675 18.1065 -74.7665
26.2172 1.91928 50.3586 -62.2816
41.4741 3.64153 62.7935 -86.3262
45.5278 3.17839 62.8673 -90.4273
60.8001 4.83944 75.2803 -114.423
43.7131 3.5374 35.1551 -70.1865
59.0095 5.15693 25.7202 -61.4517
9.13781 -0.606098 42.6705 -33.6937
21.7 -1.68386 56.4832 -57.843
35.5045 -2.93301 65.3677 -71.0731
38.2872 -2.66637 49.1051 -65.3004
41.5642 -1.86656 45.1924 -64.2051
43.8209 -0.73379 42.1977 -65.735
39.6742 1.10346 31.5437 -59.3281
53.8279 2.24942 43.585 -80.9568
37.7756 3.35091 35.7782 -66.1253
36.6729 3.87224 29.1352 -61.2495
50.8618 4.99886 41.9546 -82.61
38.0973 4.13981 26.7786 -57.9046
35.8262 4.3327 24.2056 -53.6071
16.0408 3.82687 19.8903 -47.7104
28.85 4.76193 26.302 -50.6858
41.6526 5.72469 37.7706 -69.9299
19.4727 -4.11907 53.918 -40.1143
32.3316 -3.30842 65.5017 -59.0446
34.7335 -1.87378 51.5971 -51.7329
37.6501 -4.47017 50.3293 -54.6009
50.5398 -3.77363 61.9282 -73.3949
62.9644 -3.08344 73.2223 -91.5705
56.7307 -2.277 50.6711 -72.8394
68.0073 -1.66868 61.1984 -89.394
27.9419 2.68602 23.3733 -56.4531
35.5418 6.48341 33.868 -72.9683
39.4345 3.68393 40.5232 -77.7511
42.8875 3.2508 41.5478 -77.8717
33.3008 7.77912 5.17898 -39.677
35.4095 4.22156 17.0963 -55.8397
35.2315 4.07995 17.5593 -52.7461
46.2033 4.45536 27.685 -68.6104
12.178 -1.02021 22.4513 -14.9415
16.9368 -2.18613 26.306 -21.949
26.0865 -1.75634 24.2672 -15.6898
26.6732 2.00034 27.6405 -17.4876
36.2568 2.28363 36.8372 -31.1105
24.2686 -5.18954 45.6354 -37.4841
31.2136 -2.46426 54.8547 -51.0539
30.6305 -1.76466 49.1431 -50.9401
19.0152 -3.32169 14.2143 -25.0764
25.2221 -0.155009 23.2049 -38.2187
24.6295 -0.127855 20.7338 -35.4763
28.5406 3.54914 28.1882 -46.2661
19.8171 0.445489 15.9152 -28.0908
16.9527 0.748592 13.6328 -24.1552
17.2385 0.342095 16.9233 -24.1637
15.7131 0.28788 16.0692 -21.7444
16.8915 -0.290213 19.7637 -22.7595
15.7674 -0.417818 27.1844 -33.4916
23.3918 -0.39504 34.6837 -44.1618
13.1981 -2.05277 33.3117 -42.1804
18.6638 -2.08577 27.4947 -23.9225
23.7503 -3.43882 38.145 -30.182
24.0509 -3.53678 38.1796 -30.8349
18.9222 -2.4466 27.3009 -25.0695
11.9489 -1.05161 13.5229 -16.8432
7.29876 -0.171099 9.26658 -13.3238
11.5874 1.01752 17.2562 -20.1934
-3.65975 -3.17479 17.6619 -0.000693471
1.75728 -3.27671 23.2559 -7.45797
7.46011 -4.21556 27.73 -13.0667
6.88326 -4.03486 15.9645 -4.54935
9.82531 -4.08877 18.9714 -8.63788
0.226678 -2.18338 6.90729 -2.29385
3.17146 -2.24933 10.0283 -6.37807
2.39889 -1.81687 8.53125 -5.4809
1.64585 -1.48209 6.3702 -3.98939
4.58973 -1.56613 9.47171 -8.08697
2.57153 -1.478 7.1527 -3.76165
2.9142 -1.43106 7.45732 -3.81697
-0.0127891 -1.02609 5.633 -0.769733
0.472026 -1.02823 6.26869 -1.47384
-1.07628 -1.05051 5.26333 0.799439
-5.83938 -0.732995 -1.9288 8.18116
-5.60539 -0.726451 -1.54512 7.82062
-5.37141 -0.719907 -1.16145 7.46008
-4.38368 -1.69547 2.61523 7.48811
-4.1493 -1.69222 2.99629 7.1263
-3.37559 -1.43184 3.02922 5.35852
-2.87392 -1.27947 3.07698 4.37568
-2.64159 -1.27257 3.43644 4.00737
-4.54819 -0.792287 -0.174015 6.43852
-7.1725 -0.444542 -3.69125 10.071
-9.75964 -0.107785 -6.91614 13.6647
-7.96063 -0.542857 -5.02293 12.2316
-9.60906 -0.321385 -7.62826 16.0238
-11.7728 0.0909927 -8.93391 18.1229
-12.2051 0.0558948 -4.46929 15.0331
-12.2501 0.00719603 -7.07567 18.8376
-12.5769 0.01005 -7.03593 19.2464
-9.7774 0.25404 -2.42163 14.0318
-9.79913 -0.484878 -3.0517 14.9623
-3.74416 -12.5097 -10.6034 -8.34961
-3.18261 -12.3712 -10.6034 -8.34961
-2.62735 -12.5185 -9.55105 -10.1131
-2.88971 -11.6025 -8.91804 -9.78951
-3.4245 -10.304 -8.19493 -9.12466
-3.44227 -10.2977 -8.56555 -8.65286
-3.8948 -9.02781 -7.48462 -8.37776
-4.38883 -5.24993 -5.36648 -5.42689
-4.38883 -5.24993 -5.36648 -5.42689
-4.39821 -5.24193 -5.37614 -5.41736
-3.8778 -3.57255 -3.77019 -4.35081
-3.65153 -3.1479 -3.4033 -3.96282
-3.4141 -2.7754 -3.06894 -3.61074
-2.9438 -2.14691 -2.62932 -2.81928
-2.9438 -2.14691 -2.62932 -2.81928
-2.9438 -2.14691 -2.62932 -2.81928
-2.48891 -1.65855 -2.01346 -2.48918
-2.0758 -1.26067 -1.51762 -2.2003
-2.07537 -1.26065 -1.62009 -2.06591
-1.88341 -1.09169 -1.44993 -1.88272
-1.70286 -0.938086 -1.29665 -1.71384
-1.53313 -0.797554 -1.15934 -1.55866
-1.53313 -0.797554 -1.15934 -1.55866
-1.22227 -0.561779 -0.916693 -1.29129
-1.08114 -0.45844 -0.812756 -1.17349
-0.949478 -0.363351 -0.720042 -1.06591
-0.949478 -0.363351 -0.720042 -1.06591
-0.708904 -0.202207 -0.554503 -0.879161
-0.602332 -0.130878 -0.483424 -0.797636
-0.501016 -0.0652936 -0.420518 -0.722834
-0.406288 -0.00868645 -0.362186 -0.655008
-0.317706 0.0448565 -0.309 -0.592029
-0.338474 0.0686265 -0.33698 -0.551363
-0.234998 0.0951422 -0.264832 -0.533274
-1.94458 -0.300778 -78.3354 -16.1603
-1.94458 -0.300778 -78.3354 -16.1603
15.3397 -23.4681 -80.1395 -111.041
17.9492 -27.9525 -64.6649 -131.443
19.4762 -32.9746 -63.9957 -150.63
19.2499 -33.0142 -63.9957 -150.63
24.607 -41.8758 -39.4018 -175.223
27.3275 -46.9084 -100.009 28.8114
27.0849 -47.0388 -91.6099 29.9655
30.0583 -53.7677 -112.33 80.5745
31.6066 -56.749 -89.5303 68.8499
34.4679 -62.261 -62.6768 51.4456
34.4679 -62.261 -47.3582 52.1514
35.7556 -64.5786 -30.7071 46.3619
36.2081 -66.771 -17.231 41.7698
36.2081 -66.771 -17.231 41.7698
35.8151 -69.0117 4.743 37.8127
35.3397 -72.7421 22.9373 30.8008
35.3397 -72.7421 22.9464 30.8026
35.4138 -75.8832 24.8612 27.5228
33.3798 -82.2583 33.0973 24.1528
33.3798 -82.2583 56.4405 17.1987
32.1462 -83.5594 60.3336 15.8631
31.7393 -85.0609 60.4468 15.4279
31.2501 -86.5248 61.7769 14.9545
30.891 -88.0637 61.9345 14.9738
29.975 -89.8713 61.8132 14.3486
29.975 -89.8713 61.813 14.3485
29.2224 -94.4721 60.6773 13.9944
29.2224 -94.4721 60.6773 13.9944
29.2224 -94.4721 60.6773 13.9944
28.8225 -101.629 60.3362 12.6447
28.8225 -101.629 60.3362 12.6447
28.0674 -104.227 59.4861 12.4026
28.0674 -104.227 59.6363 12.2725
27.9364 -105.8 59.4165 12.0227
28.0113 -107.62 59.2202 11.7299
27.0098 -111.147 58.9117 10.6563
27.8704 -111.345 58.4696 10.9271
27.6298 -112.456 58.4696 10.9271
26.4226 -114.045 58.4582 10.0464
27.4778 -114.322 58.0085 10.3105
27.1713 -117.485 57.902 9.87921
27.2103 -119.501 57.6589 9.57122
27.4483 -120.051 57.2872 9.38557
26.8683 -123.055 57.1743 8.88974
26.6917 -124.826 56.9017 8.58451
25.5366 -126.872 56.3637 7.90266
25.5366 -126.872 56.3637 7.90266
25.923 -130.041 56.0737 7.57563
25.8484 -132.122 55.7721 7.26652
24.3475 -137.003 56.0535 6.58355
24.3475 -137.003 55.9004 7.06521
24.0618 -139.095 50.5947 7.26775
23.9191 -142.055 48.7157 7.60911
-19.3326 106.457 -11.296 6.81974
-19.3429 106.51 -11.3243 6.81554
-20.3031 99.792 -15.8111 6.24696
-20.2681 96.9355 -17.9905 6.47536
-20.2681 96.9355 -17.9905 6.47536
-21.7843 90.8933 -19.5618 5.56139
-24.6294 79.356 -26.6431 4.94696
-25.838 79.9533 -26.4583 4.29784
-26.9121 77.1984 -27.4613 3.97241
-26.5761 77.2997 -27.4437 4.08955
-29.7345 68.3766 -30.027 3.70817
-29.882 64.9511 -29.8264 2.97152
