0.201438 -0.123815 -0.153731 -0.173805
0.201436 -0.123819 -0.153733 -0.173808
0.201436 -0.123819 -0.153733 -0.173808
0.201436 -0.123819 -0.153733 -0.173808
0.201433 -0.123824 -0.153737 -0.173807
0.201433 -0.123824 -0.153737 -0.173807
0.201417 -0.124564 -0.153746 -0.174564
0.201387 -0.124661 -0.153752 -0.174659
0.201401 -0.124757 -0.153762 -0.174759
0.20139 -0.124858 -0.153773 -0.174862
0.201398 -0.12496 -0.153799 -0.175073
0.201363 -0.125069 -0.153799 -0.175074
0.201348 -0.125178 -0.153814 -0.175184
0.20135 -0.125291 -0.153833 -0.175297
0.20135 -0.125291 -0.153848 -0.175406
0.201295 -0.125519 -0.153866 -0.175532
0.201275 -0.125637 -0.153886 -0.175652
0.201231 -0.125876 -0.153929 -0.175895
0.201231 -0.125876 -0.153929 -0.175895
0.201224 -0.125893 -0.153976 -0.176001
0.201158 -0.126243 -0.154 -0.176266
0.201158 -0.126243 -0.154 -0.176266
0.201103 -0.126492 -0.154052 -0.176513
0.201103 -0.126489 -0.154052 -0.176513
0.201058 -0.126645 -0.154103 -0.176617
0.201058 -0.126643 -0.154103 -0.176617
0.201013 -0.126858 -0.154138 -0.176883
0.200948 -0.127103 -0.154199 -0.177126
0.200949 -0.1271 -0.154199 -0.177126
0.200865 -0.127342 -0.154265 -0.177213
0.200865 -0.12734 -0.154265 -0.177213
0.200676 -0.127909 -0.154452 -0.177623
0.200629 -0.128017 -0.154435 -0.177852
0.200629 -0.128017 -0.154478 -0.178038
0.200547 -0.128182 -0.154564 -0.178093
0.20055 -0.128181 -0.154564 -0.178093
0.200491 -0.128324 -0.1546 -0.178342
0.200409 -0.128484 -0.154692 -0.178385
0.200409 -0.128484 -0.154692 -0.178385
0.200274 -0.128734 -0.154733 -0.178547
0.200274 -0.128734 -0.154814 -0.178787
0.200257 -0.128773 -0.154814 -0.178787
0.200169 -0.128919 -0.154913 -0.178803
0.200166 -0.128927 -0.154955 -0.178925
0.20011 -0.129001 -0.154947 -0.179013
0.200019 -0.129143 -0.15505 -0.179015
0.200021 -0.129137 -0.155092 -0.179136
0.199964 -0.129203 -0.155079 -0.17921
0.199869 -0.129343 -0.155124 -0.179211
0.199876 -0.129325 -0.155165 -0.17933
0.199819 -0.129382 -0.155207 -0.179385
0.199723 -0.12952 -0.155249 -0.179374
0.199723 -0.12952 -0.155249 -0.179374
0.199678 -0.129541 -0.155331 -0.17954
0.199587 -0.129637 -0.155409 -0.179636
0.199587 -0.129637 -0.155409 -0.179636
0.199543 -0.129682 -0.155447 -0.179679
0.199462 -0.129769 -0.155558 -0.179644
0.199462 -0.129769 -0.155558 -0.179644
0.199211 -0.13004 -0.155682 -0.179878
0.199211 -0.13004 -0.155682 -0.179878
0.198882 -0.130245 -0.156007 -0.180209
0.198882 -0.130245 -0.156007 -0.180222
0.198853 -0.130262 -0.156033 -0.180238
0.198825 -0.130311 -0.156072 -0.180192
0.198777 -0.130315 -0.156098 -0.180295
0.198777 -0.130315 -0.156098 -0.180295
0.198737 -0.130351 -0.156131 -0.180333
0.198737 -0.130351 -0.156131 -0.180333
0.198707 -0.13039 -0.156154 -0.180372
0.198707 -0.13039 -0.156154 -0.180372
0.198695 -0.130411 -0.156162 -0.180393
0.198666 -0.130462 -0.156203 -0.180355
0.198681 -0.130457 -0.156168 -0.180442
0.198679 -0.130483 -0.156167 -0.180469
0.198681 -0.130541 -0.156156 -0.180525
0.198681 -0.130541 -0.156156 -0.180525
0.198687 -0.130627 -0.156198 -0.18051
0.198687 -0.130627 -0.156103 -0.180505
0.198705 -0.130638 -0.156119 -0.180623
0.198701 -0.130754 -0.155992 -0.180551
0.198701 -0.130754 -0.156058 -0.180735
0.198701 -0.130754 -0.156058 -0.180735
0.198771 -0.130791 -0.156035 -0.180774
0.198793 -0.130833 -0.156008 -0.180818
0.198843 -0.130922 -0.155949 -0.180906
0.198803 -0.130978 -0.156004 -0.180859
0.198803 -0.130978 -0.156004 -0.180859
0.198962 -0.13111 -0.155812 -0.181093
0.198962 -0.13111 -0.155812 -0.181093
0.198924 -0.131162 -0.155865 -0.181048
0.19903 -0.131212 -0.155734 -0.181199
0.19903 -0.131212 -0.155734 -0.181199
0.199027 -0.13132 -0.155749 -0.181206
0.199027 -0.13132 -0.155749 -0.181206
0.199331 -0.131598 -0.155405 -0.181596
0.199327 -0.131611 -0.155404 -0.181594
0.199373 -0.131669 -0.155354 -0.181655
0.199474 -0.131771 -0.15525 -0.181779
0.199468 -0.131788 -0.15525 -0.181777
0.199517 -0.131848 -0.155197 -0.181838
0.199625 -0.13195 -0.155087 -0.181965
0.199618 -0.131971 -0.155087 -0.181963
0.199635 -0.132077 -0.155079 -0.181983
0.199635 -0.132077 -0.155079 -0.181983
0.199774 -0.132159 -0.154918 -0.182154
0.199793 -0.13227 -0.154907 -0.182176
0.199793 -0.13227 -0.154907 -0.182176
0.199938 -0.132355 -0.154739 -0.182352
0.199958 -0.132471 -0.154728 -0.182374
0.199958 -0.132471 -0.154728 -0.182374
0.200109 -0.132559 -0.154554 -0.182558
0.200167 -0.132629 -0.154491 -0.182629
0.200226 -0.1327 -0.154427 -0.1827
0.200047 -0.13307 -0.15377 -0.18298
0.200047 -0.13307 -0.15377 -0.18298
0.200908 -0.133527 -0.153709 -0.183526
0.200908 -0.133527 -0.153709 -0.183526
0.200898 -0.133538 -0.153637 -0.183502
0.20099 -0.133627 -0.153623 -0.18363
0.201018 -0.13369 -0.153511 -0.183659
0.20111 -0.133774 -0.15347 -0.18371
0.20111 -0.133774 -0.15347 -0.18371
0.201188 -0.133871 -0.153414 -0.183883
0.201188 -0.133871 -0.153414 -0.183883
0.20117 -0.133895 -0.153439 -0.183856
0.201277 -0.133943 -0.153328 -0.183988
0.201282 -0.134057 -0.15332 -0.184001
0.201282 -0.134057 -0.15332 -0.184001
0.20136 -0.134172 -0.153276 -0.184207
0.201354 -0.134187 -0.153276 -0.184207
0.201478 -0.134237 -0.153098 -0.184253
0.20157 -0.134345 -0.152997 -0.184368
0.201571 -0.134344 -0.152997 -0.184368
0.201613 -0.134413 -0.152946 -0.184428
0.201706 -0.13454 -0.15284 -0.184552
0.201706 -0.13454 -0.15284 -0.184552
0.201754 -0.134604 -0.152786 -0.184615
0.201749 -0.134741 -0.152803 -0.184609
0.201749 -0.134741 -0.152803 -0.184609
0.201897 -0.134806 -0.152621 -0.184815
0.201994 -0.134946 -0.152509 -0.184955
0.201994 -0.134946 -0.152509 -0.184955
0.202085 -0.135237 -0.152235 -0.185085
0.202083 -0.135243 -0.15229 -0.185238
0.20223 -0.135309 -0.152237 -0.185313
0.202321 -0.135461 -0.152131 -0.185467
0.202321 -0.135461 -0.152131 -0.185467
0.202269 -0.135534 -0.152202 -0.185401
0.20236 -0.13569 -0.152097 -0.185556
0.202308 -0.135764 -0.152169 -0.18549
0.202549 -0.135856 -0.151867 -0.185859
0.202549 -0.135856 -0.151867 -0.185859
0.202542 -0.136011 -0.151886 -0.185878
0.202647 -0.136004 -0.151886 -0.185878
0.202686 -0.136108 -0.151709 -0.186112
0.202679 -0.136271 -0.151728 -0.186134
0.202787 -0.136263 -0.151728 -0.186134
0.202828 -0.136374 -0.151544 -0.186377
0.202813 -0.136569 -0.151629 -0.186581
0.202813 -0.136569 -0.151629 -0.186581
0.202976 -0.136655 -0.151373 -0.186656
0.202961 -0.136859 -0.151255 -0.186852
0.202961 -0.136859 -0.151255 -0.186852
0.20313 -0.136949 -0.151195 -0.186949
0.203116 -0.137164 -0.151073 -0.187153
0.203116 -0.137164 -0.151073 -0.187153
0.20329 -0.137257 -0.151012 -0.187256
0.203235 -0.137335 -0.151088 -0.18719
0.203947 -0.13857 -0.15044 -0.188566
0.203947 -0.13857 -0.15044 -0.188566
0.204059 -0.138815 -0.150473 -0.188629
0.204059 -0.138815 -0.150426 -0.188815
0.204094 -0.138893 -0.150403 -0.188895
0.204116 -0.138987 -0.150384 -0.188964
0.204094 -0.139054 -0.150329 -0.189055
0.204198 -0.139123 -0.150293 -0.18913
0.204234 -0.1392 -0.150254 -0.189208
0.204251 -0.139302 -0.150241 -0.189267
0.204251 -0.139302 -0.150175 -0.189362
0.204347 -0.139428 -0.150133 -0.189436
0.204559 -0.139817 -0.1499 -0.189822
0.204559 -0.139817 -0.1499 -0.189822
0.204616 -0.139853 -0.149987 -0.189909
0.204675 -0.139889 -0.15008 -0.190003
0.204757 -0.140243 -0.149689 -0.190165
0.204835 -0.140274 -0.149596 -0.190271
0.204882 -0.140347 -0.149543 -0.190347
0.204897 -0.14047 -0.149536 -0.190386
0.204981 -0.140499 -0.149434 -0.1905
0.205032 -0.140573 -0.149378 -0.190573
0.205085 -0.14065 -0.14932 -0.190652
0.205218 -0.14074 -0.149365 -0.190825
0.205218 -0.14074 -0.149365 -0.190825
0.205286 -0.140786 -0.149133 -0.190885
0.205384 -0.141009 -0.148951 -0.1909
0.205384 -0.141009 -0.148951 -0.1909
0.205497 -0.141209 -0.148865 -0.191203
0.205497 -0.141209 -0.148865 -0.191203
0.205642 -0.141341 -0.148852 -0.191238
0.205629 -0.14138 -0.148719 -0.191376
0.205585 -0.141441 -0.148779 -0.191325
0.205996 -0.141832 -0.148317 -0.191822
0.205996 -0.141832 -0.148317 -0.191822
0.206074 -0.141925 -0.148232 -0.191914
0.206094 -0.142131 -0.148203 -0.191963
0.206233 -0.142118 -0.148059 -0.192108
0.206315 -0.142214 -0.148114 -0.192062
0.206446 -0.142465 -0.147839 -0.192359
0.206568 -0.142511 -0.147839 -0.192359
0.206568 -0.142511 -0.147697 -0.192498
0.206709 -0.142764 -0.147556 -0.192666
0.206833 -0.142819 -0.147556 -0.192666
0.206833 -0.142819 -0.147414 -0.192808
0.206924 -0.142922 -0.147317 -0.192909
0.207018 -0.143031 -0.147362 -0.192871
0.207113 -0.143138 -0.147115 -0.193127
0.207212 -0.14325 -0.147011 -0.193239
0.207279 -0.143409 -0.146948 -0.193315
0.207279 -0.143409 -0.146948 -0.193315
0.208654 -0.14473 -0.1456 -0.194744
0.208654 -0.14473 -0.1456 -0.194744
0.208916 -0.144667 -0.145541 -0.194933
0.208845 -0.1449 -0.145432 -0.19492
0.209018 -0.145086 -0.145372 -0.195089
0.209123 -0.145151 -0.145264 -0.195188
0.209088 -0.145263 -0.145155 -0.195173
0.209299 -0.145328 -0.145092 -0.195335
0.209394 -0.145409 -0.144996 -0.195417
0.209394 -0.145409 -0.144996 -0.195417
0.209915 -0.145705 -0.144636 -0.19583
0.209915 -0.145705 -0.144502 -0.195813
0.209984 -0.145883 -0.1444 -0.19589
0.210217 -0.145949 -0.14434 -0.196071
0.210217 -0.14595 -0.144193 -0.196052
0.210292 -0.146123 -0.144087 -0.196131
0.210388 -0.146217 -0.143991 -0.196204
0.210532 -0.1462 -0.143991 -0.196204
0.210614 -0.146374 -0.143757 -0.19638
0.21071 -0.146481 -0.143663 -0.196451
0.21071 -0.146481 -0.143663 -0.196451
0.210934 -0.146662 -0.143432 -0.196624
0.210934 -0.146662 -0.143432 -0.196624
0.211357 -0.14674 -0.143043 -0.196919
0.211357 -0.14674 -0.143043 -0.196919
0.211261 -0.147031 -0.14292 -0.19701
0.211261 -0.147031 -0.14292 -0.19701
0.211785 -0.147302 -0.14274 -0.197322
0.211785 -0.147302 -0.142547 -0.197296
0.21186 -0.147531 -0.142497 -0.197533
0.21186 -0.147531 -0.142289 -0.197506
0.212163 -0.147613 -0.142156 -0.19761
0.212294 -0.147724 -0.14202 -0.19772
0.212652 -0.14821 -0.141619 -0.198042
0.212652 -0.14821 -0.141397 -0.198012
0.212979 -0.148302 -0.141314 -0.198293
0.21311 -0.148438 -0.141182 -0.198406
0.21311 -0.148438 -0.140963 -0.198375
0.213405 -0.148673 -0.140878 -0.198664
0.213545 -0.148806 -0.140735 -0.198787
0.213545 -0.148806 -0.140524 -0.198758
0.21384 -0.149059 -0.140434 -0.199049
0.21399 -0.14919 -0.140281 -0.199184
0.214137 -0.149326 -0.140074 -0.199154
0.214287 -0.14946 -0.13998 -0.199451
0.214292 -0.149454 -0.139767 -0.199424
0.214643 -0.149563 -0.139672 -0.199728
0.214748 -0.149881 -0.139516 -0.199871
0.214916 -0.15001 -0.139139 -0.199996
0.215118 -0.149981 -0.139198 -0.20016
0.215278 -0.150125 -0.139181 -0.200172
0.217931 -0.152825 -0.136218 -0.202845
0.217931 -0.152825 -0.136218 -0.202845
0.218004 -0.152979 -0.13598 -0.203009
0.218004 -0.152979 -0.13598 -0.203009
0.218119 -0.153053 -0.135861 -0.203078
0.218514 -0.153312 -0.135389 -0.203342
0.218514 -0.153312 -0.135389 -0.203342
0.218622 -0.153453 -0.135218 -0.203441
0.218622 -0.153453 -0.135218 -0.203441
0.218744 -0.153652 -0.134806 -0.203623
0.219215 -0.153643 -0.13469 -0.203673
0.219333 -0.153693 -0.134574 -0.203722
0.219452 -0.153746 -0.134457 -0.203774
0.219718 -0.153752 -0.134221 -0.203873
0.219691 -0.153847 -0.134221 -0.203873
0.219811 -0.153899 -0.134102 -0.203923
0.219933 -0.153956 -0.133981 -0.203977
0.220041 -0.154093 -0.133844 -0.20404
0.220041 -0.154093 -0.133844 -0.20404
0.220313 -0.15412 -0.133598 -0.20415
0.220433 -0.154195 -0.13348 -0.204207
0.220568 -0.154253 -0.133343 -0.204274
0.220568 -0.154253 -0.133343 -0.204274
0.220804 -0.154503 -0.132949 -0.204483
0.220811 -0.154494 -0.132939 -0.204488
0.220811 -0.154494 -0.132812 -0.204555
0.221235 -0.154639 -0.132674 -0.204641
0.221376 -0.154731 -0.132533 -0.204729
0.221531 -0.154811 -0.132414 -0.204948
0.221667 -0.154924 -0.132242 -0.204916
0.222644 -0.155407 -0.131483 -0.205619
0.222644 -0.155407 -0.131483 -0.205619
0.222752 -0.155714 -0.131164 -0.20571
0.222911 -0.155844 -0.131007 -0.20584
0.223112 -0.155923 -0.130652 -0.205983
0.223234 -0.156107 -0.130692 -0.206104
0.223441 -0.156181 -0.130474 -0.206284
0.22356 -0.156387 -0.130375 -0.206382
0.223726 -0.156528 -0.130215 -0.206524
0.223948 -0.156605 -0.129981 -0.206725
0.224063 -0.156831 -0.12989 -0.206824
0.224233 -0.156984 -0.129725 -0.206978
0.224407 -0.157146 -0.129559 -0.207139
0.224838 -0.157186 -0.129305 -0.207365
0.224838 -0.157186 -0.129305 -0.207365
0.224939 -0.157647 -0.129048 -0.207641
0.225122 -0.157826 -0.128874 -0.207818
0.225382 -0.157905 -0.128599 -0.208069
0.225382 -0.157905 -0.128599 -0.208069
0.226258 -0.15895 -0.127797 -0.208942
0.226349 -0.158825 -0.127614 -0.20914
0.226349 -0.158827 -0.127614 -0.20914
0.226645 -0.159335 -0.127431 -0.209336
0.22694 -0.159408 -0.127118 -0.209626
0.22694 -0.159408 -0.127162 -0.209762
0.22724 -0.159944 -0.126873 -0.209944
0.227441 -0.160154 -0.126684 -0.210151
0.227545 -0.160013 -0.126592 -0.21038
0.227751 -0.16022 -0.126399 -0.210589
0.228057 -0.160786 -0.126109 -0.210782
0.228591 -0.161066 -0.125475 -0.211296
0.228591 -0.161066 -0.125519 -0.211433
0.228689 -0.161436 -0.125519 -0.211433
0.228902 -0.16165 -0.12532 -0.211651
0.229238 -0.161713 -0.125006 -0.212115
0.229335 -0.162101 -0.125006 -0.212115
0.229554 -0.162321 -0.124715 -0.212319
0.229775 -0.162551 -0.12451 -0.212545
0.229902 -0.162379 -0.124344 -0.212654
0.230222 -0.163004 -0.124095 -0.213
0.231278 -0.163735 -0.123066 -0.214042
0.231494 -0.163687 -0.123066 -0.214042
0.231828 -0.1646 -0.122613 -0.214607
0.231973 -0.164405 -0.122461 -0.214843
0.231844 -0.164868 -0.122461 -0.214843
0.232516 -0.165258 -0.122034 -0.215281
0.232516 -0.165258 -0.122034 -0.215281
0.232895 -0.165276 -0.121576 -0.215609
0.232895 -0.165276 -0.121528 -0.215598
0.233207 -0.16591 -0.121349 -0.215917
0.233439 -0.166129 -0.121137 -0.216131
0.233594 -0.165921 -0.120935 -0.216257
0.235198 -0.167109 -0.119674 -0.217588
0.235069 -0.167568 -0.119651 -0.217583
0.235299 -0.167758 -0.119442 -0.217779
0.23589 -0.167691 -0.119042 -0.21817
0.235761 -0.168149 -0.119023 -0.218165
0.23599 -0.168333 -0.118814 -0.218352
0.236221 -0.168524 -0.118606 -0.218538
0.236488 -0.168938 -0.118201 -0.218907
0.23691 -0.169071 -0.117992 -0.219087
0.23691 -0.169071 -0.117981 -0.219084
0.237308 -0.169028 -0.117556 -0.219393
0.237176 -0.169487 -0.117548 -0.219391
0.237603 -0.169614 -0.117355 -0.219624
0.237836 -0.1698 -0.117145 -0.219804
0.238304 -0.170163 -0.11672 -0.220166
0.238304 -0.170163 -0.116722 -0.220167
0.238482 -0.169923 -0.116492 -0.220303
0.239496 -0.171088 -0.115653 -0.221093
0.239496 -0.171088 -0.115653 -0.221093
0.240256 -0.170482 -0.115161 -0.22138
0.24084 -0.171498 -0.114547 -0.221973
0.24084 -0.171498 -0.114547 -0.221973
0.24084 -0.171498 -0.114547 -0.221973
0.241316 -0.17187 -0.114116 -0.222336
0.241174 -0.172357 -0.114151 -0.222373
0.241415 -0.172547 -0.113936 -0.222555
0.242051 -0.172419 -0.113498 -0.222899
0.241902 -0.172925 -0.113504 -0.222924
0.242146 -0.173113 -0.113287 -0.223112
0.242804 -0.172968 -0.112787 -0.223463
0.242804 -0.172967 -0.112849 -0.223498
0.242894 -0.173703 -0.112628 -0.223696
0.243922 -0.174528 -0.111726 -0.224525
0.243922 -0.174528 -0.111726 -0.224525
0.244182 -0.174733 -0.111497 -0.224738
0.244445 -0.174947 -0.111267 -0.224953
0.245165 -0.174776 -0.110706 -0.225352
0.244977 -0.175398 -0.110803 -0.225391
0.245516 -0.17585 -0.110334 -0.225841
0.245516 -0.17585 -0.110334 -0.225841
0.245785 -0.175489 -0.109988 -0.226031
0.246062 -0.176307 -0.10986 -0.226306
0.246413 -0.176852 -0.10938 -0.226784
0.246413 -0.176852 -0.10938 -0.226784
0.24718 -0.177281 -0.108894 -0.227278
0.24718 -0.177281 -0.108894 -0.227278
0.247752 -0.177789 -0.108261 -0.227741
0.247752 -0.177789 -0.108402 -0.227783
0.248118 -0.178382 -0.107747 -0.228257
0.248333 -0.17832 -0.107747 -0.228257
0.248626 -0.178582 -0.107654 -0.228571
0.249264 -0.178406 -0.106964 -0.229074
0.249223 -0.179142 -0.106962 -0.229067
0.249223 -0.179142 -0.107147 -0.229121
0.250448 -0.180294 -0.106108 -0.230282
0.250819 -0.179799 -0.105633 -0.230527
0.251037 -0.179735 -0.105845 -0.230591
0.25076 -0.180583 -0.105843 -0.230582
0.251693 -0.180294 -0.105313 -0.231202
0.251393 -0.181202 -0.105313 -0.231202
0.251713 -0.18151 -0.10504 -0.231496
0.252446 -0.181288 -0.104247 -0.232076
0.252676 -0.18122 -0.104501 -0.232154
0.252691 -0.182471 -0.10422 -0.232457
0.253458 -0.182229 -0.103389 -0.233064
0.253695 -0.182157 -0.103671 -0.233151
0.253696 -0.183472 -0.103382 -0.233459
0.254497 -0.183211 -0.102504 -0.234052
0.254728 -0.184512 -0.102212 -0.234402
0.254728 -0.184512 -0.102527 -0.234501
0.255176 -0.185305 -0.101626 -0.235155
0.255176 -0.185305 -0.101615 -0.235107
0.255783 -0.185579 -0.101655 -0.235574
0.256241 -0.186397 -0.100721 -0.236247
0.256241 -0.186397 -0.100721 -0.236247
0.256858 -0.186678 -0.10077 -0.236676
0.257222 -0.187059 -0.100473 -0.237048
0.259402 -0.189591 -0.0980161 -0.239561
0.259402 -0.189591 -0.0980161 -0.239561
0.260211 -0.189288 -0.0977423 -0.240426
0.259811 -0.190322 -0.0977353 -0.24039
0.260075 -0.190693 -0.0974224 -0.240745
0.260702 -0.190566 -0.0965176 -0.2414
0.260702 -0.190566 -0.0965176 -0.2414
0.260757 -0.191765 -0.0964874 -0.241829
0.261228 -0.191154 -0.0958909 -0.242103
0.261346 -0.192439 -0.095847 -0.242457
0.262612 -0.193724 -0.0945978 -0.243771
0.262612 -0.193724 -0.0945978 -0.243771
0.263093 -0.193115 -0.0943004 -0.244145
0.263037 -0.194406 -0.0939795 -0.244393
0.263643 -0.195003 -0.0933658 -0.244997
0.263643 -0.194998 -0.0933658 -0.244997
0.263978 -0.195287 -0.0930608 -0.245298
0.264711 -0.195899 -0.0924569 -0.245887
0.264711 -0.195895 -0.0924569 -0.245887
0.265799 -0.196764 -0.0911663 -0.246764
0.265799 -0.196764 -0.0915669 -0.246761
0.266159 -0.197033 -0.0912733 -0.24705
0.266159 -0.197033 -0.0912733 -0.24705
0.267384 -0.196475 -0.0906882 -0.247611
0.266882 -0.197609 -0.0906882 -0.247611
0.266882 -0.197609 -0.0906882 -0.247611
0.268041 -0.198801 -0.0895372 -0.248729
0.268314 -0.198709 -0.0895372 -0.248729
0.268314 -0.198709 -0.0895372 -0.248729
0.269309 -0.198175 -0.0890217 -0.249542
0.269611 -0.198072 -0.0890217 -0.249542
0.269394 -0.199608 -0.0886943 -0.249577
0.269758 -0.19992 -0.0884153 -0.249871
0.271235 -0.201137 -0.0872764 -0.251133
0.271235 -0.201137 -0.0872764 -0.251133
0.271664 -0.201887 -0.0866929 -0.251783
0.271991 -0.201774 -0.0866929 -0.251783
0.273129 -0.201105 -0.0861483 -0.252746
0.273478 -0.200981 -0.0861483 -0.252746
0.273541 -0.203122 -0.0854973 -0.253121
0.273541 -0.203122 -0.0854973 -0.253121
0.274335 -0.203827 -0.0848863 -0.253818
0.274335 -0.203824 -0.0848863 -0.253818
0.274734 -0.204167 -0.0845773 -0.254176
0.27555 -0.204916 -0.0831909 -0.254614
0.27555 -0.204916 -0.0839536 -0.254902
0.275959 -0.20527 -0.0836382 -0.255278
0.276796 -0.206053 -0.0830012 -0.256037
0.276796 -0.206053 -0.0830012 -0.256037
0.277216 -0.206422 -0.0826791 -0.25643
0.277578 -0.20742 -0.0811835 -0.256899
0.278505 -0.207623 -0.0817005 -0.257631
0.278505 -0.207623 -0.0817005 -0.257631
0.27894 -0.208026 -0.0813699 -0.258041
0.27894 -0.208026 -0.0813699 -0.258041
0.279824 -0.208895 -0.0798925 -0.259218
0.279715 -0.209505 -0.078676 -0.259655
0.2828 -0.209762 -0.0773514 -0.262762
0.282077 -0.211135 -0.0781069 -0.263053
0.282197 -0.211459 -0.0776466 -0.262661
0.283154 -0.21086 -0.0762306 -0.263435
0.283154 -0.21086 -0.0762306 -0.263435
0.282443 -0.213047 -0.0765596 -0.263895
0.282479 -0.214312 -0.075836 -0.264697
0.282479 -0.214312 -0.075836 -0.264697
0.282457 -0.214898 -0.0754768 -0.265098
0.282211 -0.216076 -0.0747938 -0.266135
0.28265 -0.215909 -0.0747638 -0.265879
0.283358 -0.216983 -0.073709 -0.267024
0.283358 -0.216983 -0.073709 -0.267024
0.283358 -0.216983 -0.073709 -0.267024
0.284739 -0.216025 -0.0730178 -0.267756
0.283675 -0.21753 -0.0730178 -0.267756
0.28379 -0.217819 -0.0726872 -0.268108
0.283941 -0.218443 -0.0721362 -0.268804
0.283941 -0.218443 -0.0721372 -0.268801
0.283986 -0.218663 -0.0718657 -0.269139
0.283912 -0.219158 -0.0714084 -0.270192
0.284047 -0.219107 -0.0713664 -0.269792
0.285006 -0.218073 -0.0699446 -0.270471
0.285009 -0.218087 -0.0699446 -0.270471
0.286002 -0.217106 -0.0682768 -0.271441
0.286007 -0.21713 -0.0692058 -0.271376
0.286922 -0.21597 -0.0680575 -0.271728
0.286924 -0.215982 -0.0698156 -0.271599
0.28534 -0.218063 -0.0692745 -0.272168
0.285362 -0.218054 -0.0692745 -0.272168
0.284674 -0.218972 -0.0690478 -0.272444
0.285043 -0.218546 -0.0686936 -0.273478
0.285044 -0.218545 -0.0686455 -0.272986
0.286231 -0.217008 -0.0672092 -0.273612
0.286229 -0.216996 -0.0682105 -0.273512
0.286094 -0.21713 -0.0678097 -0.274544
0.286094 -0.21713 -0.0677613 -0.274035
0.287386 -0.215427 -0.0662875 -0.274657
0.28677 -0.216225 -0.0673349 -0.275061
0.287144 -0.215715 -0.0670423 -0.274816
0.287955 -0.214636 -0.0665667 -0.27533
0.287955 -0.214636 -0.0665654 -0.275333
0.289365 -0.212756 -0.0650364 -0.275431
0.28936 -0.212741 -0.0650364 -0.275431
0.289338 -0.212731 -0.0658776 -0.276106
0.290361 -0.211357 -0.0654853 -0.277133
0.290361 -0.211357 -0.0654391 -0.276618
0.290897 -0.210587 -0.0652236 -0.276882
0.291456 -0.209834 -0.0650588 -0.277655
0.292028 -0.209021 -0.0648033 -0.277405
0.293572 -0.206897 -0.0633167 -0.278013
0.293157 -0.207419 -0.0633143 -0.278017
0.293839 -0.20652 -0.0641966 -0.278199
0.295118 -0.204712 -0.0638063 -0.278737
0.296043 -0.203391 -0.0625362 -0.279079
0.296043 -0.203391 -0.0625362 -0.279079
0.309112 -0.186435 -0.0592306 -0.284988
0.309112 -0.186435 -0.0592306 -0.284988
0.310126 -0.184988 -0.0582829 -0.285633
0.310245 -0.184979 -0.0586312 -0.285756
0.310745 -0.184305 -0.0583353 -0.286143
0.31165 -0.18291 -0.0573413 -0.286739
0.31165 -0.18291 -0.0573402 -0.28674
0.311972 -0.182398 -0.0575659 -0.287282
0.312803 -0.180935 -0.0572896 -0.288083
0.312803 -0.180935 -0.0572831 -0.288016
0.312882 -0.180518 -0.0564607 -0.28814
0.31366 -0.178461 -0.0570284 -0.289592
0.314187 -0.177559 -0.0561698 -0.289801
0.313931 -0.177718 -0.0569412 -0.289807
0.313931 -0.177718 -0.0569412 -0.289807
0.314214 -0.176962 -0.056863 -0.29015
0.314764 -0.176028 -0.0559663 -0.290368
0.315146 -0.174538 -0.0569514 -0.291132
0.315146 -0.174538 -0.0569478 -0.291136
0.315868 -0.172801 -0.057101 -0.29177
0.315868 -0.172801 -0.0570981 -0.291774
0.316263 -0.171897 -0.0571883 -0.292086
0.317117 -0.170009 -0.0574492 -0.292693
0.317117 -0.170009 -0.0574492 -0.292693
0.317579 -0.169032 -0.0575701 -0.292993
0.318639 -0.166957 -0.0567035 -0.293535
0.31864 -0.166956 -0.0589578 -0.293617
0.31921 -0.165889 -0.0579487 -0.29387
0.321336 -0.161701 -0.05695 -0.294987
0.321336 -0.161701 -0.05695 -0.294987
0.322518 -0.159473 -0.0569058 -0.295548
0.322572 -0.159434 -0.0578898 -0.295582
0.323751 -0.157144 -0.0568085 -0.296117
0.323751 -0.157144 -0.0568085 -0.296117
0.326945 -0.151069 -0.0558433 -0.297457
0.326945 -0.151069 -0.0579262 -0.297479
0.32759 -0.149833 -0.0578186 -0.29774
0.328866 -0.14732 -0.0565632 -0.298016
0.328874 -0.14731 -0.0575693 -0.298267
0.329515 -0.14602 -0.0574397 -0.298531
0.3307 -0.143454 -0.056185 -0.299048
0.33079 -0.143353 -0.0572114 -0.299045
0.331433 -0.141992 -0.0570951 -0.299301
0.332627 -0.139301 -0.0558264 -0.299821
0.332677 -0.139264 -0.0558264 -0.299821
0.333375 -0.137741 -0.0568384 -0.300052
0.33393 -0.136409 -0.0556185 -0.30033
0.334693 -0.134753 -0.0567094 -0.300542
0.335916 -0.131816 -0.0553973 -0.301068
0.335916 -0.131816 -0.0553973 -0.301068
0.340046 -0.121902 -0.0531146 -0.303916
0.340046 -0.121902 -0.0531146 -0.303916
0.341912 -0.118605 -0.0559389 -0.303089
0.34413 -0.113921 -0.0555955 -0.30393
0.34413 -0.113921 -0.0555955 -0.30393
0.34413 -0.113921 -0.0555955 -0.30393
0.345492 -0.110885 -0.0553645 -0.304493
0.345492 -0.110885 -0.0553645 -0.304493
0.347336 -0.106357 -0.0550701 -0.305348
0.347336 -0.106357 -0.0550701 -0.305348
0.347336 -0.106357 -0.0550701 -0.305348
0.348261 -0.103644 -0.0539613 -0.305864
0.348261 -0.103644 -0.0539613 -0.305864
0.351089 -0.0954896 -0.0550553 -0.30733
0.351089 -0.0954896 -0.0550553 -0.30733
0.353131 -0.0892453 -0.0547614 -0.308495
0.353131 -0.0892453 -0.0547614 -0.308495
0.354021 -0.0864004 -0.0546352 -0.30914
0.35402 -0.0863991 -0.0546352 -0.30914
0.354593 -0.0844744 -0.0545493 -0.309368
0.355533 -0.0811848 -0.0544276 -0.309948
0.355534 -0.081186 -0.0544276 -0.309948
0.356005 -0.0795228 -0.0543724 -0.310239
0.356838 -0.0764333 -0.0543499 -0.310897
0.356838 -0.0764333 -0.0543252 -0.310813
0.357757 -0.072664 -0.0543111 -0.311471
0.357865 -0.072541 -0.054285 -0.311384
0.358333 -0.0707259 -0.054268 -0.311668
0.359267 -0.066957 -0.0542417 -0.312233
0.359267 -0.066957 -0.0542417 -0.312233
0.360717 -0.0610739 -0.0541929 -0.3131
0.360717 -0.0610739 -0.0541929 -0.3131
0.360717 -0.0610739 -0.0541929 -0.3131
0.361449 -0.0576613 -0.0529231 -0.313648
0.361698 -0.0570151 -0.0541703 -0.313663
0.362174 -0.0549131 -0.0541672 -0.313946
0.362398 -0.0534544 -0.0528704 -0.314218
0.364184 -0.042704 -0.0542842 -0.315693
0.365531 -0.0392878 -0.0542909 -0.316006
0.365531 -0.0392878 -0.0543177 -0.315994
0.366161 -0.0355738 -0.0530488 -0.316572
0.366216 -0.0350796 -0.0543519 -0.316613
0.36691 -0.0324218 -0.0543725 -0.316935
0.367335 -0.030104 -0.0543958 -0.317254
0.36815 -0.0254564 -0.0544433 -0.317918
0.36815 -0.0254564 -0.0544477 -0.317916
0.368544 -0.0231438 -0.054476 -0.318256
0.369257 -0.018458 -0.0532872 -0.318967
0.369257 -0.018458 -0.0545418 -0.318948
0.369595 -0.01612 -0.0545777 -0.319304
0.370207 -0.0113936 -0.0546593 -0.320027
0.370207 -0.0113936 -0.0546593 -0.320027
0.370251 -0.0099665 -0.0533926 -0.320291
0.370757 -0.00664872 -0.054752 -0.32077
0.370995 -0.00424064 -0.0548042 -0.321148
0.371218 -0.00181992 -0.05486 -0.321531
0.371644 0.00302822 -0.0549795 -0.322322
0.371644 0.00302822 -0.0549795 -0.322322
0.371804 0.00740872 -0.0551099 -0.323138
0.371804 0.00740872 -0.0551099 -0.323138
0.372353 0.0120579 -0.0551259 -0.323721
0.372353 0.0120579 -0.0551259 -0.323721
0.372435 0.0151753 -0.0553297 -0.324398
0.372461 0.0190702 -0.054132 -0.325093
0.372461 0.0190702 -0.054132 -0.325093
0.372706 0.0225589 -0.0555706 -0.325714
0.372794 0.0275244 -0.0555857 -0.3263
0.372794 0.0275244 -0.0555857 -0.3263
0.372844 0.0349185 -0.0546728 -0.327823
0.372842 0.0349191 -0.0548681 -0.328181
0.372842 0.0349191 -0.0548681 -0.328181
0.372683 0.0387708 -0.0548754 -0.328787
0.372683 0.0387708 -0.0548754 -0.328787
0.372674 0.0423519 -0.0563682 -0.329515
0.372392 0.0462783 -0.0551903 -0.330289
0.372392 0.0462783 -0.0551903 -0.330289
0.372212 0.0476988 -0.0538914 -0.330554
0.372198 0.0523614 -0.0568613 -0.331579
0.371384 0.0613395 -0.0559883 -0.333479
0.371384 0.0613395 -0.0574173 -0.333771
0.371244 0.0648896 -0.0575658 -0.334339
0.37077 0.0698004 -0.0564716 -0.335178
0.37077 0.0698004 -0.0578678 -0.335503
0.370514 0.072225 -0.0580219 -0.336098
0.370113 0.0764403 -0.0569619 -0.336956
0.370113 0.0764403 -0.0569619 -0.336956
0.369651 0.079413 -0.0584984 -0.337928
0.369027 0.0830522 -0.0574718 -0.338808
0.369027 0.0830522 -0.0574718 -0.338808
0.367562 0.0932407 -0.0594997 -0.341804
0.367562 0.0932407 -0.0594997 -0.341804
0.366179 0.098781 -0.0600269 -0.343824
0.366179 0.098781 -0.0600269 -0.343824
0.366179 0.098781 -0.0600269 -0.343824
0.36496 0.105976 -0.058298 -0.345646
0.364782 0.107805 -0.0582919 -0.345647
0.364351 0.109738 -0.0609024 -0.347301
0.36354 0.112695 -0.0600823 -0.348224
0.363023 0.114619 -0.0614574 -0.349429
0.363023 0.114619 -0.0614574 -0.349429
0.362357 0.117393 -0.0616274 -0.350144
0.362032 0.118377 -0.060641 -0.350353
0.361338 0.121108 -0.0619983 -0.351589
0.360775 0.122975 -0.0621817 -0.352314
0.360438 0.12395 -0.0611966 -0.352524
0.359619 0.126708 -0.062581 -0.353761
0.358672 0.129545 -0.0617935 -0.354704
0.358413 0.130456 -0.0629845 -0.355227
0.357812 0.132326 -0.0631901 -0.355958
0.356531 0.136106 -0.0630879 -0.357603
0.356531 0.136106 -0.0636121 -0.357443
0.355893 0.137991 -0.0638271 -0.358182
0.354545 0.1418 -0.0630752 -0.359142
0.354545 0.1418 -0.0642672 -0.359686
0.353874 0.143698 -0.064491 -0.360436
0.352793 0.146515 -0.0637613 -0.361404
0.352461 0.147525 -0.0637613 -0.361404
0.351758 0.149428 -0.0651809 -0.362725
0.351028 0.151338 -0.0654166 -0.363504
0.350278 0.153252 -0.0656554 -0.364286
0.349545 0.155146 -0.0658954 -0.365064
0.349545 0.155146 -0.0658954 -0.365064
0.347222 0.160821 -0.0643375 -0.366249
0.347222 0.160821 -0.0643375 -0.366249
0.346458 0.162682 -0.0665593 -0.368384
0.345356 0.165755 -0.0673933 -0.369902
0.344971 0.166318 -0.0673933 -0.369902
0.344185 0.168118 -0.0676504 -0.370734
0.342529 0.171283 -0.0670813 -0.371767
0.342538 0.171689 -0.0681729 -0.372428
0.341734 0.173434 -0.0684361 -0.373283
0.340051 0.176509 -0.0679093 -0.374348
0.340051 0.176509 -0.0679093 -0.374348
0.338386 0.180235 -0.0695256 -0.376863
0.338386 0.180235 -0.0695256 -0.376863
0.336715 0.18349 -0.0700874 -0.378713
0.336715 0.18349 -0.0700874 -0.378713
0.33588 0.18508 -0.070372 -0.379649
0.335391 0.185682 -0.071409 -0.380447
0.334192 0.188191 -0.0709489 -0.381584
0.332995 0.190605 -0.0704537 -0.382777
0.332995 0.190605 -0.0715358 -0.383592
0.330533 0.194257 -0.0715116 -0.385763
0.330029 0.195505 -0.0724286 -0.386668
0.330029 0.195505 -0.0724286 -0.386668
0.329249 0.196869 -0.0718319 -0.386803
0.328417 0.198217 -0.0721561 -0.387839
0.32598 0.202094 -0.0739544 -0.392085
0.32598 0.202094 -0.0739544 -0.392085
0.325218 0.203325 -0.0742631 -0.393187
0.325218 0.203325 -0.0742631 -0.393187
0.324231 0.205145 -0.0748846 -0.395507
0.323701 0.205688 -0.0748846 -0.395507
0.322891 0.206838 -0.0752005 -0.396677
0.321271 0.208851 -0.075144 -0.397964
0.321271 0.208851 -0.075144 -0.397964
0.320304 0.210411 -0.0764803 -0.401523
0.320304 0.210411 -0.0764803 -0.401523
0.318071 0.213672 -0.0774517 -0.40534
0.317521 0.214184 -0.0774534 -0.40534
0.317521 0.214184 -0.0774534 -0.40534
0.316741 0.215262 -0.0766048 -0.407032
0.316154 0.216001 -0.0781084 -0.407974
0.315464 0.216863 -0.0784408 -0.409311
0.314687 0.21779 -0.0791066 -0.412082
0.314063 0.218501 -0.0791066 -0.412082
0.313414 0.219273 -0.0794513 -0.413466
0.312736 0.220046 -0.0797608 -0.414915
0.312736 0.220046 -0.080128 -0.416363
0.311522 0.221409 -0.0804752 -0.41781
0.310937 0.222023 -0.0808819 -0.419304
0.310913 0.222178 -0.0811614 -0.420835
0.309766 0.223266 -0.0815113 -0.422345
0.309276 0.223727 -0.0820069 -0.423882
0.308697 0.224348 -0.082207 -0.425465
0.30884 0.224263 -0.082766 -0.426999
0.30884 0.224263 -0.082766 -0.426999
0.305496 0.227502 -0.0850081 -0.438446
0.305633 0.227305 -0.0853256 -0.438377
0.30507 0.228006 -0.085693 -0.441667
0.304944 0.228028 -0.0863537 -0.443254
0.304484 0.228442 -0.0883875 -0.44425
0.30421 0.228641 -0.0867066 -0.446579
0.304076 0.228607 -0.0853758 -0.448863
0.304076 0.228607 -0.0853758 -0.448863
0.30336 0.229174 -0.0877122 -0.451444
0.302323 0.22975 -0.0907826 -0.456903
0.302323 0.22975 -0.0907826 -0.456903
0.301958 0.229807 -0.0930085 -0.459813
0.301538 0.230118 -0.0873282 -0.461762
0.301339 0.230195 -0.0890985 -0.463902
0.301359 0.229933 -0.0917014 -0.466173
0.300911 0.230259 -0.0891575 -0.467014
0.30072 0.230276 -0.0890731 -0.468524
0.30078 0.229917 -0.091756 -0.47093
0.300287 0.230267 -0.0888382 -0.471868
0.300096 0.230248 -0.0886126 -0.473492
0.300182 0.229835 -0.0880694 -0.476933
0.300182 0.229835 -0.0880694 -0.476933
0.299535 0.230118 -0.0877146 -0.478615
0.299 0.229879 -0.0852937 -0.482922
0.299 0.229879 -0.0852937 -0.482922
0.299 0.229879 -0.0852937 -0.482922
0.299158 0.229181 -0.0838904 -0.484677
0.298768 0.229501 -0.0867767 -0.487758
0.298756 0.229502 -0.0867674 -0.487758
0.299086 0.228828 -0.0873686 -0.488763
0.29847 0.229177 -0.0863965 -0.490924
0.298263 0.228969 -0.0866856 -0.492379
0.298065 0.228726 -0.0869771 -0.493798
0.298458 0.227701 -0.0907614 -0.495834
0.298444 0.227702 -0.0875456 -0.496724
0.29838 0.225598 -0.0863472 -0.504027
0.29838 0.225598 -0.0876846 -0.504488
0.299241 0.224185 -0.0852708 -0.506107
0.299243 0.224185 -0.0852708 -0.506107
0.298961 0.223903 -0.0867366 -0.507875
0.299115 0.223281 -0.0864087 -0.509045
0.299569 0.221486 -0.0883913 -0.511357
0.299569 0.221486 -0.0883913 -0.511357
0.29961 0.221297 -0.0851551 -0.512119
0.299827 0.220606 -0.084672 -0.512956
0.300436 0.219799 -0.0860928 -0.512688
0.300115 0.219187 -0.0834121 -0.51435
0.300216 0.218453 -0.0827404 -0.515098
0.300305 0.217703 -0.0820577 -0.515914
0.300399 0.216944 -0.0813092 -0.516692
0.301158 0.215329 -0.0820021 -0.517132
0.301158 0.215329 -0.0820021 -0.517132
0.302981 0.212824 -0.0863573 -0.516323
0.302981 0.212824 -0.0863573 -0.516323
0.302981 0.212824 -0.0863573 -0.516323
0.303092 0.206549 -0.0732085 -0.522282
0.303092 0.206549 -0.0732085 -0.522282
0.303633 0.205121 -0.07526 -0.522939
0.303672 0.204735 -0.07526 -0.522939
0.303732 0.203679 -0.0739035 -0.523562
0.303763 0.203366 -0.0739046 -0.523561
0.303855 0.202298 -0.0733927 -0.524345
0.303855 0.202298 -0.0733927 -0.524345
0.303346 0.201689 -0.0714053 -0.525362
0.303269 0.199694 -0.0699746 -0.526444
0.303269 0.199694 -0.0699746 -0.526444
0.303269 0.199694 -0.0699746 -0.526444
0.303293 0.198333 -0.0712912 -0.526707
0.303293 0.198333 -0.0712941 -0.526706
0.303265 0.197637 -0.0682475 -0.527375
0.303086 0.196205 -0.0694982 -0.527708
0.303025 0.195468 -0.0661357 -0.528283
0.303025 0.195468 -0.0661357 -0.528283
0.302993 0.194713 -0.0653376 -0.528507
0.303456 0.19314 -0.0659383 -0.528539
0.303456 0.19314 -0.0659383 -0.528539
0.302868 0.192342 -0.06271 -0.529133
0.303336 0.190701 -0.0632337 -0.529113
0.303336 0.190701 -0.0632337 -0.529113
0.302683 0.189816 -0.0597574 -0.52962
0.303218 0.188564 -0.0612105 -0.529423
0.303211 0.187254 -0.0591613 -0.529581
0.303233 0.186757 -0.0591613 -0.529581
0.302642 0.186261 -0.0555781 -0.529918
0.302468 0.184978 -0.053342 -0.529923
0.302488 0.18442 -0.053342 -0.529923
0.302437 0.183484 -0.0522095 -0.529885
0.302337 0.183121 -0.0536833 -0.529706
0.302716 0.177956 -0.0477936 -0.529188
0.302722 0.177446 -0.04567 -0.529263
0.30241 0.176789 -0.0447704 -0.529133
0.302859 0.175117 -0.0450706 -0.528791
0.30286 0.174556 -0.0429986 -0.52884
0.302338 0.17402 -0.0421288 -0.528653
0.302687 0.171849 -0.0403824 -0.528224
0.302687 0.171849 -0.0403824 -0.528224
0.302578 0.170603 -0.0408415 -0.527863
0.302578 0.170603 -0.0408444 -0.527862
0.301963 0.169573 -0.0377584 -0.527482
0.301835 0.168696 -0.0368514 -0.527201
0.302258 0.167953 -0.0381957 -0.527076
0.301419 0.166052 -0.0340028 -0.526219
0.301419 0.166052 -0.0340049 -0.526218
0.301297 0.165162 -0.0330288 -0.525845
0.301561 0.16352 -0.0333688 -0.525328
0.301561 0.16352 -0.0333688 -0.525328
0.30104 0.160928 -0.0259623 -0.522757
0.30104 0.160928 -0.0259623 -0.522757
0.301622 0.155296 -0.0245329 -0.521851
0.300951 0.155857 -0.0245329 -0.521851
0.300827 0.154544 -0.0231943 -0.520959
0.300556 0.153497 -0.0237642 -0.520438
0.300556 0.153497 -0.0232813 -0.520128
0.300367 0.152176 -0.0213862 -0.519567
0.299852 0.149029 -0.0188123 -0.517548
0.299852 0.149029 -0.0188123 -0.517548
0.299675 0.147462 -0.0188208 -0.516613
0.299673 0.147463 -0.0188213 -0.516613
0.299867 0.146033 -0.0175454 -0.515479
0.299363 0.145911 -0.0163014 -0.51536
0.299516 0.144471 -0.0168134 -0.514712
0.298985 0.144347 -0.0149322 -0.51414
0.298797 0.143553 -0.0142168 -0.513497
0.298341 0.141938 -0.0126421 -0.512058
0.298341 0.141938 -0.0126447 -0.512057
0.298459 0.140425 -0.0116868 -0.511111
0.297972 0.140857 -0.0116868 -0.511111
0.297685 0.139414 -0.0100794 -0.509768
0.29727 0.138305 -0.00893794 -0.508692
0.297184 0.137673 -0.00893794 -0.508692
0.297424 0.136353 -0.00725829 -0.507263
0.296192 0.134378 -0.00331419 -0.50363
0.296093 0.13373 -0.00331419 -0.50363
0.295838 0.131803 -0.00285666 -0.502101
0.295838 0.131803 -0.00148109 -0.501875
0.295609 0.130316 -0.000601945 -0.500966
0.295271 0.129149 -2.49194e-05 -0.49918
0.295271 0.129149 0.00117816 -0.498968
0.295567 0.124346 0.00154277 -0.497958
0.295567 0.124346 0.00154277 -0.497958
0.293989 0.123164 0.00620656 -0.493196
0.29426 0.122528 0.00510179 -0.493184
0.29426 0.122528 0.00566914 -0.492619
0.293785 0.12145 0.00750776 -0.491434
0.293534 0.12064 0.00816375 -0.490364
0.292884 0.119052 0.00951151 -0.488193
0.292884 0.119052 0.00951151 -0.488193
0.292584 0.118248 0.0101884 -0.487154
0.292531 0.116808 0.00980137 -0.486032
0.292531 0.116808 0.0106873 -0.485064
0.29165 0.115815 0.0123587 -0.483683
0.291329 0.114995 0.0131198 -0.48246
0.290662 0.113329 0.0146905 -0.479935
0.290662 0.113329 0.0146905 -0.479935
0.290355 0.112478 0.0154778 -0.478688
0.289697 0.110775 0.015183 -0.477361
0.289697 0.110775 0.015183 -0.477361
0.287731 0.101284 0.0215894 -0.464676
0.287626 0.100943 0.0215894 -0.464676
0.287755 0.0997894 0.0221714 -0.463576
0.287755 0.0997894 0.0221714 -0.463576
0.287439 0.0980398 0.0222636 -0.460691
0.287084 0.0980088 0.0222636 -0.460691
0.28709 0.0980044 0.0225535 -0.4606
0.286914 0.0974811 0.0225254 -0.459825
0.286835 0.0964687 0.0216926 -0.458906
0.286353 0.096475 0.0216926 -0.458906
0.28606 0.0959512 0.0226885 -0.45678
0.285394 0.0948591 0.021958 -0.455674
0.285394 0.0948591 0.021958 -0.455674
0.285258 0.0937229 0.0230504 -0.45233
0.284767 0.0936618 0.0230439 -0.452325
0.284451 0.0930343 0.0238909 -0.450876
0.284096 0.0923934 0.0242507 -0.449474
0.282437 0.0888351 0.0222008 -0.446596
0.282437 0.0888351 0.0222008 -0.446596
0.282199 0.0880757 0.0269835 -0.441028
0.282134 0.0877953 0.0266584 -0.439948
0.281701 0.0865564 0.0278021 -0.438317
0.281404 0.0858171 0.0281808 -0.436884
0.28142 0.0839597 0.0280167 -0.434004
0.28142 0.0839597 0.0280167 -0.434004
0.28142 0.0839597 0.0280167 -0.434004
0.27972 0.0814153 0.0295124 -0.429014
0.27972 0.0814153 0.0302254 -0.428726
0.27972 0.0814153 0.0302254 -0.428726
0.278282 0.077996 0.031272 -0.422007
0.278282 0.077996 0.031272 -0.422007
0.277958 0.0763373 0.0311622 -0.419499
0.277691 0.0766907 0.0315665 -0.419325
0.277351 0.0760579 0.0316965 -0.417891
0.276576 0.0748156 0.0319732 -0.414817
0.276576 0.0748156 0.0319732 -0.414817
0.276342 0.0736552 0.031317 -0.413343
0.276105 0.0731432 0.0323043 -0.411721
0.275428 0.0729041 0.0324819 -0.410156
0.275026 0.0722622 0.0326592 -0.40851
0.274743 0.0710918 0.0320266 -0.406845
0.27448 0.0705502 0.0324774 -0.406637
0.273765 0.0703183 0.0332318 -0.40336
0.273343 0.0696607 0.0334327 -0.40161
0.272906 0.0690038 0.0336293 -0.399809
0.2714 0.0657905 0.0335785 -0.393051
0.2714 0.0657905 0.0335785 -0.393051
0.269854 0.0622927 0.0346608 -0.385185
0.269854 0.0622927 0.0346608 -0.385185
0.269432 0.0611455 0.0338543 -0.384295
0.269432 0.0611455 0.0343592 -0.38327
0.268868 0.0601337 0.033453 -0.382185
0.268868 0.0601337 0.0338327 -0.380932
0.268572 0.0596406 0.0335538 -0.379673
0.267852 0.0587136 0.0326107 -0.378352
0.267852 0.0587136 0.0330316 -0.376957
0.267129 0.0577513 0.0321343 -0.375633
0.267131 0.0577496 0.0325913 -0.374127
0.267 0.0568926 0.0323921 -0.372646
0.264473 0.0534771 0.0313518 -0.362395
0.264473 0.0534771 0.0313518 -0.362395
0.264173 0.0521466 0.0309958 -0.360114
0.264173 0.0521466 0.0309958 -0.360114
0.263835 0.0517924 0.0307502 -0.358962
0.26316 0.0506521 0.0295163 -0.356479
0.262943 0.0503187 0.0296885 -0.356382
0.262943 0.0503187 0.0298307 -0.355189
0.262677 0.0498165 0.0295316 -0.353991
0.26225 0.0492326 0.0285821 -0.352699
0.262015 0.0488773 0.0287318 -0.352616
0.261681 0.0483998 0.0285383 -0.349928
0.261343 0.047922 0.0282117 -0.348518
0.261059 0.0470032 0.0273768 -0.345616
0.261059 0.0470032 0.0273768 -0.345616
0.259304 0.044958 0.0264348 -0.33986
0.259304 0.044958 0.0264348 -0.33986
0.25907 0.0440057 0.0255379 -0.338565
0.25907 0.0440057 0.0255379 -0.338565
0.258329 0.0434587 0.0254262 -0.335649
0.258329 0.0434587 0.0254718 -0.33421
0.256671 0.0405892 0.0233207 -0.328175
0.256313 0.0405282 0.0233144 -0.32713
0.256056 0.040015 0.022974 -0.32595
0.255848 0.0390939 0.0221696 -0.324605
0.255511 0.03904 0.0221576 -0.323437
0.255235 0.0385708 0.0217246 -0.322182
0.254932 0.0381231 0.0212625 -0.320863
0.254994 0.0377008 0.0207086 -0.320881
0.254302 0.0372493 0.0203476 -0.318264
0.254038 0.0363991 0.0193241 -0.316918
0.254038 0.0363991 0.0194326 -0.316843
0.253322 0.0359584 0.0189045 -0.314104
0.252987 0.0355294 0.0184191 -0.312674
0.252286 0.0346782 0.0173812 -0.311217
0.252343 0.0342541 0.0169035 -0.309782
0.252343 0.0342541 0.0169035 -0.309782
0.250539 0.0319456 0.0147331 -0.30209
0.250539 0.0319456 0.0147331 -0.30209
0.250248 0.0312741 0.0137804 -0.29995
0.249637 0.030156 0.0127935 -0.297991
0.249637 0.030156 0.0127935 -0.297991
0.249637 0.030156 0.0127935 -0.297991
0.249278 0.0288921 0.0112239 -0.2952
0.249278 0.0288921 0.0112239 -0.2952
0.248463 0.0277663 0.00955336 -0.293077
0.248351 0.0280188 0.00955336 -0.293077
0.248148 0.0277866 0.00947466 -0.292037
0.247886 0.0274025 0.00890182 -0.290963
0.247522 0.0269013 0.00762301 -0.288543
0.247303 0.0266592 0.0076695 -0.288521
0.247011 0.0262822 0.00706501 -0.287268
0.247051 0.0258839 0.00658008 -0.287261
0.245579 0.0243138 0.00419115 -0.281004
0.24534 0.0238881 0.00351998 -0.279998
0.245368 0.0228715 0.0018741 -0.277952
0.245025 0.0230462 0.00182004 -0.276895
0.245025 0.0230462 0.00182004 -0.276895
0.244279 0.0216579 0.000955948 -0.274851
0.244208 0.0218363 0.000955948 -0.274851
0.243985 0.0214442 0.000394869 -0.273915
0.243586 0.0204856 -0.000831558 -0.271884
0.243505 0.0206922 -0.000831558 -0.271884
0.24327 0.0203166 -0.00144362 -0.270873
0.243217 0.0201427 -0.00189539 -0.270852
0.242814 0.0191898 -0.00313129 -0.268779
0.242539 0.0192109 -0.0033002 -0.267757
0.242329 0.0184499 -0.00435425 -0.266713
0.242061 0.0184677 -0.00451735 -0.26571
0.24183 0.0180914 -0.00511666 -0.264713
0.241624 0.0173286 -0.00600704 -0.264657
0.241624 0.0173286 -0.00600704 -0.264657
0.240911 0.0169663 -0.00661274 -0.26365
0.240958 0.0161907 -0.00794678 -0.26081
0.240771 0.0157982 -0.00850241 -0.259966
0.240562 0.0157971 -0.00862206 -0.25918
0.240363 0.015423 -0.00921474 -0.258324
0.240174 0.0146802 -0.0102583 -0.257404
0.23994 0.0147027 -0.0104452 -0.256561
0.239903 0.0144881 -0.0108328 -0.256493
0.238844 0.0124731 -0.0138594 -0.251964
0.238844 0.0124731 -0.0138647 -0.251957
0.238707 0.012086 -0.0143893 -0.251348
0.238587 0.0113265 -0.0155031 -0.250161
0.238587 0.0113265 -0.015502 -0.250162
0.238181 0.0105951 -0.0165672 -0.248985
0.238181 0.0105951 -0.0165672 -0.248985
0.238056 0.0102322 -0.01711 -0.248426
0.237934 0.00987121 -0.0176534 -0.247872
0.237947 0.00949406 -0.0180658 -0.247824
0.237704 0.00914732 -0.0187224 -0.24681
0.237596 0.00878496 -0.0192488 -0.246303
0.237388 0.00806228 -0.0202887 -0.245331
0.237388 0.00806228 -0.0202887 -0.245331
0.237291 0.00769895 -0.020798 -0.244876
0.237111 0.00659742 -0.0222263 -0.243928
0.237111 0.00659742 -0.0222263 -0.243928
0.237111 0.00659742 -0.0222263 -0.243928
0.236615 0.00362502 -0.0259684 -0.24136
0.236615 0.00362502 -0.0259684 -0.24136
0.236543 0.00325713 -0.0264471 -0.241007
0.236513 0.00288568 -0.0268836 -0.240824
0.236514 0.0025095 -0.0272854 -0.240762
0.236462 0.00176822 -0.0281536 -0.240427
0.236439 0.00177567 -0.0281837 -0.240339
0.236418 0.00140651 -0.0286136 -0.240195
0.236381 -8.91716e-05 -0.0302839 -0.239758
0.236379 -8.69705e-05 -0.0302838 -0.239758
0.236375 -0.000460027 -0.0306913 -0.239681
0.236372 -0.00121372 -0.0314793 -0.239603
0.236385 -0.00121453 -0.0314793 -0.239603
0.236396 -0.00159362 -0.0318668 -0.239592
0.236431 -0.00233692 -0.0326209 -0.239646
0.236437 -0.00235974 -0.0326209 -0.239646
0.236454 -0.00312109 -0.0333992 -0.239622
0.236485 -0.00309756 -0.0333992 -0.239622
0.236519 -0.00348182 -0.0337329 -0.239861
0.236555 -0.00386883 -0.0340981 -0.239929
0.236579 -0.00419551 -0.0344601 -0.239976
0.236568 -0.00458549 -0.0348447 -0.240018
0.2366 -0.00449783 -0.0348191 -0.240003
0.236665 -0.0059293 -0.0366363 -0.239951
0.236665 -0.0059293 -0.0366363 -0.239951
0.236651 -0.0063343 -0.0370676 -0.239865
0.236748 -0.00617422 -0.0372649 -0.239781
0.236774 -0.00637438 -0.0376067 -0.239703
0.236802 -0.0065686 -0.0379469 -0.239616
0.236847 -0.00735447 -0.0390512 -0.239371
0.236847 -0.00735447 -0.0390512 -0.239371
0.236847 -0.00735447 -0.0390512 -0.239371
0.236929 -0.00730083 -0.0392956 -0.239198
0.237003 -0.0076513 -0.0399711 -0.238921
0.237001 -0.00764821 -0.0399638 -0.238952
0.237039 -0.0078188 -0.0402967 -0.238822
0.237078 -0.00798772 -0.0406289 -0.238688
0.237099 -0.00857085 -0.0413992 -0.238454
0.237099 -0.00857085 -0.0413992 -0.238454
0.2372 -0.00848764 -0.0416215 -0.238262
0.237241 -0.00865273 -0.0419513 -0.238113
0.237264 -0.00923364 -0.0427188 -0.237864
0.237264 -0.00923364 -0.0427188 -0.237864
0.23737 -0.00914614 -0.0429379 -0.237651
0.237414 -0.00931044 -0.043266 -0.237492
0.237438 -0.00989138 -0.0440308 -0.237231
0.237503 -0.00963957 -0.0439212 -0.237169
0.237547 -0.00980461 -0.0442483 -0.237005
0.237505 -0.00963016 -0.0442456 -0.237015
0.237486 -0.0114552 -0.0461985 -0.236412
0.237671 -0.011325 -0.0469281 -0.236909
0.237671 -0.011325 -0.0469281 -0.236909
0.237902 -0.0139005 -0.0494584 -0.243011
0.238128 -0.0143636 -0.0491756 -0.245441
0.238254 -0.0166589 -0.0553806 -0.250404
0.238333 -0.0166055 -0.0553806 -0.250404
0.238666 -0.019061 -0.0573729 -0.257541
0.238827 -0.0209427 -0.0590986 -0.254413
0.238666 -0.0220558 -0.0610416 -0.254285
0.239078 -0.0252611 -0.0630583 -0.24994
0.239183 -0.0276111 -0.0648246 -0.248274
0.239223 -0.0325747 -0.0680252 -0.245142
0.239223 -0.0325747 -0.0679486 -0.245123
0.239412 -0.0352722 -0.0693584 -0.243604
0.239441 -0.0379962 -0.0706977 -0.242112
0.239441 -0.0379962 -0.0706977 -0.242112
0.239146 -0.042322 -0.0731162 -0.23986
0.23899 -0.0481395 -0.0753547 -0.236912
0.23899 -0.0481395 -0.0753519 -0.236919
0.238922 -0.052416 -0.0770309 -0.235784
0.237734 -0.0642621 -0.0831094 -0.232386
0.237734 -0.0642621 -0.0801907 -0.229661
0.237647 -0.0681942 -0.0810555 -0.228348
0.237176 -0.0714279 -0.0827143 -0.227663
0.236769 -0.074629 -0.0835702 -0.226344
0.236265 -0.0778671 -0.0836468 -0.224412
0.235116 -0.0827582 -0.0861375 -0.222386
0.235116 -0.0827582 -0.0861372 -0.222387
0.233196 -0.0927995 -0.0879728 -0.218104
0.233196 -0.0927995 -0.0879728 -0.218104
0.233196 -0.0927995 -0.0879728 -0.218104
0.229749 -0.107425 -0.0921822 -0.213209
0.229749 -0.107425 -0.0921822 -0.213209
0.227815 -0.114018 -0.093223 -0.210286
0.227815 -0.114018 -0.0932291 -0.210091
0.226784 -0.117312 -0.0941087 -0.208795
0.225713 -0.120607 -0.0949895 -0.207501
0.222482 -0.128801 -0.0983008 -0.204083
0.222671 -0.128757 -0.0976356 -0.203796
0.222256 -0.130463 -0.0976356 -0.203796
0.219999 -0.13534 -0.10006 -0.201484
0.220218 -0.135294 -0.0994092 -0.201207
0.218439 -0.140252 -0.100301 -0.199749
0.217093 -0.143505 -0.101191 -0.198457
0.21626 -0.145052 -0.102079 -0.197319
0.214287 -0.149979 -0.102973 -0.195875
0.21283 -0.153198 -0.103866 -0.194583
0.210117 -0.157983 -0.105655 -0.191998
0.210117 -0.157983 -0.105655 -0.191998
0.20825 -0.162777 -0.106551 -0.190704
0.206659 -0.165944 -0.107448 -0.189409
0.20295 -0.172308 -0.109811 -0.187203
0.20295 -0.172308 -0.109809 -0.187067
0.201644 -0.175419 -0.110217 -0.185605
0.199922 -0.178565 -0.111146 -0.184362
0.195814 -0.165062 -0.127556 -0.167781
0.195809 -0.165101 -0.127556 -0.167799
0.196465 -0.162713 -0.128644 -0.167046
0.195527 -0.162998 -0.130447 -0.165629
0.195527 -0.162998 -0.130447 -0.165629
0.195977 -0.160907 -0.13141 -0.164953
0.194228 -0.159843 -0.136254 -0.161925
0.194073 -0.159848 -0.136259 -0.161958
0.193738 -0.159443 -0.13723 -0.161396
0.193043 -0.160246 -0.137931 -0.160738
0.192549 -0.158516 -0.140127 -0.159814
0.192985 -0.157512 -0.140142 -0.159898
