47.1635 54.0281 -35.8454 49.2326
45.5655 54.6426 -38.1842 51.5996
44.0068 55.3144 -40.5654 54.0355
42.4484 55.9901 -42.9461 56.4742
40.8851 56.6532 -45.338 58.9288
43.8962 50.0686 -43.2825 53.6482
45.7191 46.6626 -43.6478 51.0573
44.1754 47.3494 -43.757 52.4654
47.1651 41.8726 -40.649 46.679
45.621 42.5587 -43.0375 49.1336
49.1207 38.8159 -42.4679 47.0921
46.8972 37.2343 -42.7456 45.8427
47.1798 34.6535 -43.0908 44.595
44.9273 35.6708 -46.498 48.0887
47.8093 29.1177 -43.8706 42.0429
51.093 22.3523 -40.4496 35.0643
48.8464 23.3753 -43.8502 38.5554
49.2789 17.6742 -40.4111 35.2128
49.8145 17.5713 -43.8604 34.9874
50.3327 17.4803 -47.255 38.4785
50.3667 12.3706 -43.7946 31.231
49.6167 8.98086 -40.8568 28.0104
48.6077 9.47838 -45.2206 28.8542
47.4075 8.26491 -46.1443 27.8388
46.8347 6.67456 -46.3782 25.9604
46.0621 5.18876 -42.7258 22.9812
43.0898 4.34187 -47.0328 27.4212
40.1484 3.75873 -47.6229 21.7881
51.4655 -8.18053 -36.9114 14.587
48.5668 -6.82311 -41.2106 19.0205
46.791 -7.89782 -43.1863 8.24044
49.0636 -15.0028 -37.5489 -3.02646
45.523 -13.3101 -42.6462 2.28916
41.9809 -11.623 -47.7424 7.6112
38.8024 -11.9429 -49.7614 8.35079
35.733 -13.7783 -46.101 2.88392
32.1982 -12.0884 -51.1805 8.20678
30.5646 -12.9034 -56.2783 9.89031
29.4119 -13.8732 -46.8788 4.84301
25.8603 -13.8422 -51.9813 6.12102
28.7664 -16.2092 -48.6447 4.45732
24.8088 -14.2806 -54.2546 6.50474
26.7736 -17.4137 -38.6308 -0.387596
25.9008 -18.0258 -44.4725 2.08409
24.0732 -18.0528 -37.1673 -0.655307
22.6112 -18.4664 -36.0168 -1.45857
23.3609 -19.4693 -36.1636 -0.575597
19.2176 -18.6714 -35.0972 2.28012
17.32 -19.5548 -28.5627 -0.98135
13.1944 -17.524 -34.3754 5.08985
14.2472 -19.3673 -28.078 -6.65324
9.75465 -17.1325 -34.2914 -0.130546
5.03675 -14.7731 -40.7623 6.66527
12.5759 -20.2409 -28.4653 2.1288
7.86336 -17.8859 -34.9424 0.835815
3.1508 -15.5308 -41.4032 7.61796
3.96841 -16.3291 -36.8155 3.40322
-0.746064 -13.9747 -43.2679 10.193
-2.24781 -13.1461 -43.2137 13.9019
-3.63578 -12.1956 -42.9411 11.0642
-1.02194 -12.4794 -34.627 3.76238
1.2601 -12.5246 -28.0558 -5.40237
-0.690121 -10.8637 -29.8132 -0.459682
-2.97348 -9.04057 -23.7805 -8.09481
-8.24432 -6.36093 -30.8097 -0.695201
-13.5192 -3.09975 -29.6281 -3.44706
-18.7857 -0.413038 -36.6459 3.94659
-24.0522 2.27368 -43.6637 11.3402
-0.243358 -9.68153 -40.1217 10.8587
-5.52533 -7.03421 -47.1163 18.233
-10.3214 -5.01471 -54.5584 26.6781
-11.4782 -3.16786 -54.9457 27.5642
-17.3084 -0.201338 -62.4682 35.5284
-7.54341 0.73826 -45.9462 22.042
-13.3789 3.69323 -53.4729 29.9874
-15.1223 6.30367 -54.7012 32.5219
-20.9598 9.25619 -62.2271 40.4648
-16.834 9.89006 -54.3338 33.4783
-22.6761 12.8372 -61.8573 41.4158
-17.5901 14.1527 -52.101 33.0965
-23.4376 17.0938 -59.621 41.0282
-17.3221 17.3575 -58.2269 40.5724
-23.6983 20.6091 -56.8607 40.0177
-24.0367 23.8177 -45.9064 30.206
-24.0959 24.4519 -53.8847 38.6483
-17.4594 23.2908 -42.6925 28.4385
-23.8726 27.3582 -50.6646 36.8738
-16.8835 26.5117 -39.3443 26.4036
-23.2834 29.7375 -47.3094 34.8313
-15.9951 28.3339 -36.1753 29.4238
-22.4031 31.5499 -44.0112 32.7213
-1.58252 24.3366 -15.5232 5.22991
-8.50511 27.8438 -23.8695 14.0985
-3.23992 26.1671 -17.4274 8.21303
-10.1488 28.7152 -25.7662 17.0728
-4.48658 26.6496 -18.6383 14.7547
-11.3972 29.0941 -26.9867 23.5974
-12.2154 29.5287 -28.1725 20.7113
-6.34417 25.9833 -28.8807 17.7171
-13.2895 29.4488 -29.8656 23.1805
-7.13044 25.5657 -23.069 16.5828
-14.1955 29.094 -31.4668 25.511
-14.8971 29.0699 -24.8157 23.4171
-15.5349 28.9525 -33.3099 28.1349
-8.41495 25.8008 -25.1247 25.2004
-15.7891 28.0846 -33.5662 28.6382
-16.0867 26.4559 -34.112 25.2457
-16.0521 27.2798 -34.5778 30.7053
-16.285 27.099 -34.799 31.1378
-15.5997 26.0749 -34.0974 36.0627
-7.32034 22.6129 -24.7086 26.6503
-14.7583 24.6642 -33.1237 29.6052
-6.99634 19.5714 -24.8427 21.5094
-7.27075 19.2801 -25.2941 27.2215
-15.1548 23.2528 -33.9482 31.3493
-15.9389 22.9608 -35.3834 33.3382
26.4986 -8.65028 4.34705 -8.08459
18.7441 -7.5121 -2.84925 -0.481714
18.3592 -12.1917 -6.23963 2.88893
14.6719 -9.80339 -15.1086 12.3609
16.0823 -11.5036 -20.6342 15.1563
23.2325 -20.6535 -15.8993 11.8587
14.9538 -16.505 -24.9857 21.626
10.9838 -16.4757 -26.1632 24.3768
2.71391 -12.3293 -32.3262 32.7872
2.01323 -12.1142 -31.8992 32.5455
-6.25982 -7.98334 -41.0013 42.2808
-3.33235 -11.9915 -36.898 38.2482
-5.31009 -10.1234 -45.9987 47.9741
-0.631028 -11.4884 -40.9988 44.0406
-1.883 -11.2723 -41.9076 50.0919
-10.1566 -7.17686 -50.6212 54.2405
-4.436 -9.10349 -43.0451 47.0281
-13.078 -4.7243 -52.3012 57.011
-14.2432 -2.88726 -52.2041 57.3677
-15.0057 -1.66147 -51.7561 57.4989
-14.8066 -0.429811 -49.7864 55.4369
-6.91105 -1.57088 -39.045 51.1906
-15.5577 2.76294 -48.3307 61.1209
-7.33662 0.937848 -36.3957 43.4354
-7.42405 2.12112 -34.7878 41.7485
-16.0734 6.43981 -44.0094 51.7072
-17.1919 8.29296 -44.0191 52.4193
-7.96934 5.99128 -30.6542 37.8395
-16.9265 10.128 -40.0321 47.9712
-17.2001 11.2727 -38.9825 47.8081
-26.1984 15.8482 -48.348 57.9434
-16.9121 13.3457 -35.6012 44.7742
-16.2919 14.5943 -33.1066 41.8121
-16.4998 15.932 -32.153 41.4239
-25.5156 20.4599 -41.5065 51.5386
3.15934 9.67092 16.0331 -9.69842
-6.11655 14.4367 6.64028 0.542064
-14.8662 13.2886 2.27729 5.35638
14.8256 0.834014 4.37173 2.61212
5.48232 5.5567 -5.02129 12.8666
7.16497 2.9386 -4.68267 12.7431
-2.17667 7.64404 -14.0577 22.9986
-11.5198 12.3531 -23.4393 33.2518
-9.01531 9.27369 -21.8514 31.4219
-11.3158 11.6802 -23.3406 32.1983
-13.7501 10.9272 -26.238 36.0129
-15.3843 11.5056 -27.2658 36.886
-17.7449 12.9925 -29.4028 39.8521
-27.1299 16.1776 -29.6842 39.8485
-28.183 15.5659 -31.1846 42.0761
-21.6815 15.3091 -39.8468 45.3398
-14.3379 13.7625 -31.9786 43.0674
-23.7289 16.8564 -31.3308 41.8893
-24.7739 16.1723 -21.6561 31.2266
-25.2091 18.1522 -31.0488 41.5671
-17.2088 14.5277 -22.014 31.9437
-26.9714 19.6051 -31.3998 42.3414
-19.108 16.0925 -21.9473 31.7322
-28.9193 21.2537 -22.638 38.3631
-29.7526 21.8277 -31.2659 42.0414
-20.4599 17.2023 -30.2059 33.7007
-21.3551 19.5687 -29.6713 39.7958
-30.989 23.2226 -29.7208 40.2571
-31.1292 21.2388 -18.4036 26.9913
-31.0318 23.261 -27.7599 37.3981
-3.87808 9.33113 0.0714494 6.55307
-13.8173 14.5617 -9.24441 16.9833
-7.92127 10.425 -3.51704 10.3144
-17.5227 12.9889 -5.25153 12.0042
-19.8403 16.0053 -14.5436 22.4462
-13.5721 11.3976 -8.65827 15.5672
-23.5717 16.6852 -17.9451 26.006
-16.9246 12.1556 -11.5801 18.6987
-26.914 17.4369 -20.8469 29.1448
-36.5197 20.1899 -22.0976 30.4637
-30.0191 18.1021 -15.2127 28.8867
-30.6704 17.9842 -23.4536 31.4306
-32.0462 19.0389 -24.4904 33.2091
-32.2656 19.0571 -23.8134 32.0911
-33.3272 20.0274 -24.437 33.3627
-33.2768 19.9212 -23.4294 31.8252
-34.1651 20.7489 -23.8699 32.7634
-34.8289 21.0479 -23.9461 32.8137
-44.9409 26.5299 -33.128 43.2415
-23.2969 15.6351 -10.7186 17.5393
-33.0087 18.8257 -10.8476 18.0868
-33.934 21.8102 -19.9458 28.505
-35.2518 22.5204 -20.9445 29.9053
-25.8898 19.4607 -11.7163 25.0355
-35.4925 21.8133 -19.6496 27.3187
-36.2227 22.559 -20.1117 28.4279
-26.4792 16.8386 -10.7118 17.6906
-36.6572 22.5251 -19.7547 28.0739
-37.6781 25.6634 -28.7756 38.4722
-37.6546 22.7135 -20.005 28.3315
-18.2276 11.0106 -2.19198 7.88595
-28.41 16.7745 -11.1638 18.2334
-30.1441 20.427 -20.0259 28.5479
-39.7673 23.3344 -28.897 38.857
-31.7421 17.3701 -14.4025 22.3675
-32.0295 17.5296 -13.9424 21.5565
-42.2202 23.4408 -22.8186 31.8561
-52.3975 29.3758 -31.6755 42.17
-42.9494 23.8008 -23.1272 32.7164
-42.0366 23.3048 -21.5722 30.7141
-42.0422 23.9096 -21.3809 31.2306
-31.3622 18.1011 -11.1933 19.7144
-41.5053 24.3007 -19.8541 29.9036
-41.2627 24.5083 -19.0986 29.1987
-22.6427 13.1913 -18.2761 23.3796
-32.7964 19.3263 -26.9236 33.5817
-42.95 25.4612 -35.5711 43.7839
-11.0047 6.5342 -2.38675 11.8629
-20.233 8.13155 -3.33789 12.1743
-21.5134 4.60262 -5.27001 11.0779
-31.6461 10.6871 -8.24034 18.8014
-24.9879 5.38448 -3.39011 13.6288
-27.0466 9.7794 -11.8445 23.6356
-20.0216 5.28032 -6.31024 17.8311
-30.0834 11.6523 -14.7705 27.834
6.42873 -15.1695 -1.55355 3.87788
-3.62534 -8.86061 -9.9645 13.9268
10.7852 -25.9695 9.80931 4.91086
0.741787 -19.6985 1.293 14.8744
-7.37597 -17.8114 -0.909665 18.4094
-2.39977 -23.0673 1.09991 18.8359
-12.4071 -16.7533 -7.397 28.7405
-17.8843 -13.3028 -15.3352 36.8736
-12.1079 -16.6227 -10.1943 33.9514
-21.3316 -12.7662 -13.9169 41.7759
-14.1668 -10.0995 -20.8916 44.912
-23.3922 -6.31787 -24.1521 52.5301
-17.3918 -7.72313 -19.3388 48.4505
-27.2996 -1.15422 -27.6371 58.1706
-21.1333 -2.11414 -21.181 52.1213
-31.0428 4.43907 -29.4888 61.8351
-24.0038 3.36981 -21.6176 54.0382
-33.7489 10.2876 -29.6024 63.5118
-25.7676 9.24981 -20.3525 54.1039
-35.5175 16.1508 -28.3452 63.5735
-26.9042 14.6821 -18.3547 53.1421
-36.6594 21.5655 -26.3544 62.6087
-46.4053 28.464 -34.3305 72.0864
-37.4008 26.4369 -24.0048 61.0032
-37.6495 31.1659 -30.1821 61.9747
-37.2309 30.7291 -20.6785 58.1527
-37.1784 32.6031 -18.8345 56.0589
-37.0159 34.6936 -17.4566 55.1937
-36.0869 35.9991 -14.8343 52.118
-25.9202 32.1583 -4.13104 40.2205
-35.4923 39.36 -11.7771 49.4055
-34.5333 37.1526 -1.97328 38.0375
-35.7547 42.518 -9.60438 47.2276
-44.1176 45.322 -17.2513 56.4171
-35.8739 44.3648 -7.99974 45.383
-16.8276 31.6392 9.14091 24.5512
-26.4153 38.784 1.47844 33.7423
-35.7486 46.3438 -0.140349 40.3126
-45.0847 53.9127 -7.3938 49.1624
-29.497 41.4533 -0.789771 36.4165
-38.8407 48.9995 -8.03465 45.2827
-46.4088 50.4334 -15.2662 54.1527
-38.8801 49.1774 -6.81578 42.8742
-48.2236 56.7142 -14.0639 51.7444
-38.3377 49.5189 -5.43653 41.0154
-28.2331 41.5679 3.35058 29.6752
-37.5705 49.0881 -3.90425 38.5494
-37.2326 49.041 -10.7438 47.0902
-26.7826 40.0343 -2.54199 36.2492
-35.8452 47.9804 -1.01331 33.7398
-26.5873 39.9271 6.24205 24.2617
-35.6494 47.869 -0.55583 32.7641
-35.4581 47.2534 -7.35531 41.2669
-27.8782 45.0428 7.30732 21.1057
-36.9568 52.9578 0.497635 29.6126
-46.0353 60.8728 -6.31205 38.1195
-28.3412 43.1187 6.32812 20.4079
-34.4503 42.5557 -0.0646406 28.5698
-34.5027 42.615 -0.265467 28.7406
-34.2271 42.0205 -0.133375 28.1726
-31.5008 33.469 4.74315 25.5946
-40.2305 41.8797 0.0707924 26.9521
-27.1997 38.3389 5.52208 19.126
-24.5805 29.4055 3.90036 25.3053
-33.3223 37.7992 -0.623443 26.1013
-15.9599 17.9963 15.5052 3.27804
-16.6684 17.7523 9.17119 11.3696
-9.3994 8.2167 9.17296 7.11125
-17.8107 17.1167 6.97595 13.2883
-10.9707 8.52981 9.38328 12.7224
-19.38 17.4337 4.95979 15.0013
-17.5259 9.61967 8.64958 9.38557
-20.6594 17.4493 2.87612 16.991
-21.3423 17.5768 1.86375 17.963
-29.7588 26.4763 -0.43029 24.1482
-15.5118 9.89221 1.18895 15.2144
-23.9147 18.8112 -4.59261 22.8296
-2.41883 -6.34387 7.68315 5.02975
-10.4905 3.12247 2.53519 12.0888
-12.4419 5.18245 4.47039 12.771
-12.4471 5.41224 4.17663 12.9177
-6.01869 -1.77396 7.65292 8.08246
-14.0935 7.70594 2.47756 15.1362
-7.95905 0.75077 5.48501 11.1286
-16.0355 10.2376 0.300341 18.1826
-10.4161 4.17334 0.682165 14.6223
-18.4935 13.6669 -4.50369 21.6826
-16.5729 7.29579 -3.86263 18.4337
-19.5189 16.3615 -8.32899 24.8737
-27.3221 26.3834 -7.05107 28.9305
-35.0941 36.4423 -11.5443 35.3519
-16.4446 15.435 1.67036 20.114
-24.2166 25.516 -2.84175 26.5353
-21.3834 4.601 6.05513 11.9597
-29.1458 14.7237 1.52869 18.3884
-19.2071 13.965 2.65487 14.4124
-26.9865 24.0801 -1.87484 20.8445
-13.596 8.97577 2.90599 17.7999
-21.0519 19.7295 -0.841129 23.5305
-8.39181 7.08593 2.82224 19.2127
-15.8595 17.8517 -0.93632 24.941
-23.3271 28.6174 -4.69488 30.6692
-14.8047 19.5507 4.28716 19.4977
-22.2841 30.3285 0.514586 25.2267
-29.7634 41.1063 -3.25799 30.9557
-29.8568 42.3421 -4.49661 33.1502
-37.3675 53.1051 -6.24696 31.9523
-30.6996 47.1636 -2.77424 31.4205
-30.362 49.246 -5.70138 36.3715
-23.2009 42.6839 -0.504187 30.1207
-30.4108 54.1489 1.16419 28.4639
-30.9698 57.1435 5.88054 22.3434
-30.2908 57.9147 2.95258 27.2982
-30.8689 60.4252 3.73437 26.6146
-30.1025 60.7012 4.76871 25.3748
-22.6817 51.1003 4.96247 25.4547
-29.9218 62.6015 5.39575 24.9475
-22.2612 52.3854 9.41979 18.5328
-29.2601 64.628 7.42635 22.6333
-29.5001 66.5641 11.3765 16.4469
-36.5142 78.8095 9.37553 20.5485
-28.4563 67.8305 9.86791 20.1636
-27.2938 67.0742 10.7727 18.8815
-24.2935 67.482 10.9211 18.7337
-27.1022 68.2814 11.1315 18.3324
-7.74615 31.187 15.7985 6.41642
-12.1562 42.9056 14.0225 10.4297
-12.5998 43.6223 13.3495 11.1373
-11.7558 43.1538 12.7066 14.1692
-9.34775 43.9489 13.9422 10.3985
-11.4155 43.9777 12.9367 13.5636
-12.0354 45.5996 13.8034 10.3463
-14.0781 45.4665 13.8679 10.1121
-11.9827 46.2959 13.2642 10.7587
-13.9479 45.9713 13.3021 10.6084
-11.991 46.6402 12.3136 11.4741
-11.257 45.4418 11.9026 11.5597
-15.6782 -7.45671 13.898 -5.31013
-22.5559 6.9328 13.9876 -3.16691
-31.6061 10.5895 16.7871 -6.78208
-38.4742 25.0167 16.8722 -4.63772
-29.9735 -0.605289 20.6624 -9.43135
-32.7833 12.801 20.7429 -7.28584
-39.67 27.2284 20.8291 -5.11683
-19.5163 13.5091 25.4295 -12.0839
-17.9962 16.131 26.2404 -12.0981
-24.8611 30.6667 26.1363 -9.8823
-21.5984 21.1531 26.5413 -11.0134
-23.2025 35.2762 27.8643 -9.95891
-25.7675 49.6828 28.583 -9.77301
-24.7309 53.0022 29.2546 -9.54459
-18.0204 41.7905 29.6009 -9.23693
-14.0746 32.5917 29.6456 -8.3564
-18.943 47.7014 29.4215 -7.48828
-19.0702 51.6087 29.2032 -6.8259
-9.51743 28.2539 24.207 -4.12775
-16.4774 44.0269 25.5062 -3.0967
-23.4426 59.86 26.874 -2.1278
-24.1546 64.5785 25.5744 -1.41304
-26.9854 70.3237 28.2323 -1.61079
-20.1787 57.1794 26.2464 -0.820572
-27.2864 74.2224 28.9038 -1.01468
-21.9393 62.7175 25.8608 0.75523
-29.0689 79.8033 28.5178 0.564865
-24.2315 67.081 28.1241 1.45758
-30.3228 83.8725 27.5799 2.40347
-29.9015 85.0513 23.4522 4.70262
-31.1611 86.7037 26.1088 4.51999
-24.5769 72.4813 23.0487 5.65281
-32.0012 91.0657 27.1949 4.13285
3.26029 10.528 10.5536 8.94145
-4.24297 29.2859 14.7057 7.4396
0.0119111 17.9264 14.9024 5.60551
-7.51516 36.7451 19.0564 4.10967
-10.6974 42.8409 21.0248 2.81524
-18.2696 61.6766 25.1825 1.32985
-17.3115 62.7198 27.0857 -0.129432
-16.1352 56.3143 31.247 -1.60447
-26.0855 63.3014 28.1517 -3.84706
-34.0808 83.8549 33.9524 -6.77225
-42.076 104.408 39.7531 -9.69744
-24.0296 73.2901 38.0358 -11.1258
-16.3775 68.0283 39.4754 -12.3345
-24.3805 88.7359 45.2788 -15.2541
-23.2954 90.8109 51.1487 -17.9856
-6.16907 52.9701 35.3076 -9.36005
-14.2381 73.8237 41.1195 -12.2629
-15.9297 77.7215 46.9633 -15.0726
-24.4567 100.096 48.0925 -15.9155
-16.5076 82.0517 42.4697 -12.205
-25.1664 104.83 50.084 -16.6777
-18.3902 86.5687 41.5868 -10.7592
-27.3328 109.379 49.2428 -15.1084
-36.0012 132.174 55.6708 -16.3945
-18.2635 86.6283 37.7779 -6.74425
-27.0182 109.646 45.412 -11.1834
-18.1612 85.8506 34.1159 -3.44789
-26.956 108.974 41.7586 -7.87239
-19.1643 87.661 31.7596 -1.40791
-29.0287 112.926 41.4015 -7.42671
-38.663 138.239 51.0398 -13.5291
-18.5328 88.4398 31.6975 -1.5616
-28.4847 113.897 41.3586 -7.54597
-27.694 113.7 41.0583 -7.51239
-14.9646 84.0079 30.6134 -0.769558
-24.6798 109.75 40.2719 -6.83702
-25.8773 111.42 39.8454 -6.93044
-22.9105 106.798 40.0511 -10.0791
-24.2865 109.219 39.0269 -7.01423
-21.6641 105.954 39.7921 -8.28318
-9.07361 76.1719 30.1251 -3.26882
-19.928 104.885 41.9917 -11.1254
-19.9811 106.856 43.051 -12.2938
-30.9656 135.625 54.9495 -20.1008
-5.70597 60.6305 25.5028 -3.9591
2.40492 34.4512 17.1065 0.722027
-11.3143 64.9781 21.0826 -4.66963
-13.3927 57.6555 24.6665 -6.97393
-25.5273 88.9594 38.0728 -15.7951
-27.9394 79.2577 34.5056 -15.2374
-29.0083 83.1025 40.4013 -22.5211
-31.0831 91.404 33.4605 -17.0287
-31.091 91.5231 47.8245 -26.6997
-33.7851 98.6376 52.4516 -30.8606
-33.144 97.0924 66.8531 -40.4741
-30.9937 100.731 57.3736 -35.0625
-29.8741 97.8922 71.7926 -44.6457
-13.5904 63.329 59.7587 -36.9942
-23.5034 97.2747 60.2651 -37.1975
-37.8596 134.534 75.393 -43.514
1.88048 13.7698 16.4215 -11.1537
-22.5678 58.9861 23.7407 -16.5407
-37.1948 97.6286 40.8662 -28.1405
-36.6359 85.4247 38.5852 -27.8962
-51.6907 124.19 55.8437 -39.2881
-47.3275 116.496 62.3423 -44.6013
-15.4585 41.297 54.828 -39.7959
-30.2314 80.7506 71.9965 -51.3028
-34.5866 85.9453 78.5992 -55.9016
-51.8882 130.418 77.2854 -64.3639
-70.276 169.14 93.0181 -67.2109
-54.4141 136.876 84.0816 -60.3403
-71.6134 182.214 104.203 -73.9968
-40.3459 129.167 89.0553 -63.1135
-57.6947 174.925 109.202 -76.7208
-6.45736 50.2606 46.9961 -32.5769
-24.1609 96.9354 67.2002 -46.0794
-34.09 115.806 71.5883 -49.0185
-45.3664 136.664 75.3298 -50.5623
-38.5922 120.329 78.0788 -50.8639
-57.7454 164.901 83.6825 -54.283
-53.828 163.94 84.98 -54.1398
-75.967 218.495 92.5819 -65.8562
-18.0164 80.7618 51.7132 -36.9016
-41.4727 137.413 75.4007 -52.2123
-50.1985 158.86 91.3848 -49.1412
-72.9535 215.044 115.241 -64.1
-101.643 275.852 123.036 -76.284
-119.578 315.235 129.918 -80.6139
-54.1419 160.49 96.1719 -55.6525
-65.9686 191.291 119.963 -70.0539
-48.1728 165.669 123.704 -80.8224
-40.7945 149.6 114.805 -64.3159
-49.1723 178.683 101.916 -54.7568
-19.63 100.475 98.4016 -51.1365
-4.85602 67.4621 115.367 -49.5026
1.25783 50.6483 93.0758 -44.8415
-0.11139 35.0166 65.3103 -24.2162
-2.24977 41.5384 89.3461 -38.9724
-12.7198 33.921 65.1934 -20.4196
-21.8356 58.7216 90.7675 -35.2652
-30.8069 83.5758 116.255 -50.3886
-39.7783 108.43 141.743 -65.512
-50.8983 83.3712 39.156 -1.08181
-60.1249 109.233 64.7375 -16.0738
-16.42 32.7349 20.0526 -28.6496
-26.2657 59.4004 46.1914 -45.537
-36.7796 87.0364 70.0737 -63.0021
-31.9169 83.1357 96.1217 -77.8292
-14.392 42.39 117.072 -89.6029
-17.2926 57.9441 142.887 -101.012
-4.06374 25.3722 144.195 -104.4
-11.5917 44.8079 138.556 -100.325
-16.21 52.0727 105.836 -93.5989
-14.1614 45.537 126.123 -91.9193
-8.45715 26.8784 124.389 -90.5389
-16.2424 46.551 125.011 -90.5646
-9.08866 25.5094 99.3121 -74.4798
-16.6778 44.743 126.994 -90.0625
-18.7283 45.5325 91.5331 -67.4148
-12.5105 30.3567 120.907 -83.7544
-15.3013 32.1855 121.469 -83.9122
-10.6819 14.7327 110.918 -67.2573
-16.1351 28.0332 117.763 -79.8082
-17.2057 24.2078 97.2412 -66.4181
-22.7108 37.5671 126.615 -82.8532
-23.8146 37.2932 101.305 -66.7717
-22.9319 35.2781 130.683 -83.246
-13.6839 11.5469 131.455 -82.2738
-16.675 19.0438 162.758 -99.4365
-17.677 18.2619 134.468 -81.9277
-16.0503 9.88789 96.1005 -58.0559
-19.8606 18.0173 127.387 -75.4111
-17.9235 9.95389 105.807 -61.5781
-21.7876 18.1461 137.113 -79.0023
-19.0693 11.4693 89.1335 -47.4306
-18.8359 10.0822 120.471 -64.9083
-22.3354 16.8551 129.141 -69.368
-21.433 14.3069 124.313 -64.2587
-18.5828 6.31095 117.96 -58.5495
-17.1845 1.10119 112.264 -54.2154
-19.678 4.87338 119.347 -56.9834
-18.9687 2.25739 118.573 -54.391
-19.7026 3.13818 126.53 -58.0774
-17.7043 -0.659461 97.3029 -38.8434
-20.4587 3.41597 130.736 -57.3039
-21.7301 5.89198 137.781 -59.6954
-27.1853 11.831 161.489 -43.0642
-29.9896 15.8796 195.382 -60.9214
-48.6356 69.7932 143.248 -51.9515
-50.8763 70.6566 179.217 -70.6123
-52.8206 71.4096 211.067 -76.2872
-51.266 69.0875 197.417 -76.8836
-50.0179 66.9461 185.231 -66.3896
-51.9023 66.998 179.368 -61.4921
-53.5853 67.6321 165.006 -51.4834
-54.0961 66.9614 201.171 -70.0555
-51.9417 63.8471 121.612 -23.0274
-54.0272 64.797 157.643 -42.3359
-52.3092 61.2366 195.591 -61.3331
-50.1936 56.6934 188.936 -53.8349
-49.7087 54.0133 184.171 -47.476
-49.3039 50.7853 184.508 -45.6767
-48.9274 48.1863 174.138 -37.8585
-47.6652 44.6892 174.928 -37.1381
-32.8389 31.0673 80.7085 19.4516
-34.7861 29.965 119.377 -0.339533
-36.6242 28.9749 158.124 -20.413
-16.9741 13.0732 164.686 5.9784
-19.0605 11.5006 205.645 -13.6724
-21.3024 9.60736 158.628 -10.4288
-15.9139 2.77155 175.199 -17.7331
-15.6765 -0.60881 181.075 -15.9205
-13.4862 -5.28767 152.099 2.63891
-15.6503 -7.15845 193.667 -18.1258
-15.1607 -10.7257 201.22 -20.184
-14.9421 -14.0414 196.975 -15.8798
-14.2532 -14.9348 153.974 9.16
-16.3819 -16.8456 195.78 -11.8282
-17.8705 -17.3629 199.128 -0.464945
-15.8663 -23.0847 210.502 -15.2376
-16.2607 -24.6554 219.379 -15.2285
-18.2058 -28.11 263.854 -36.0182
-20.1508 -31.5646 308.328 -56.8079
-19.442 -23.0068 260.62 -53.022
-16.9306 -26.788 242.232 -32.3648
-18.8187 -30.2742 286.703 -54.025
-20.4422 -27.6006 241.398 -48.6881
-22.2978 -31.1043 285.814 -70.6908
-16.5007 -26.8344 271.797 -47.4631
-18.1934 -31.7264 270.086 -31.6458
-20.614 -30.8214 262.755 -24.0869
-22.2579 -35.7295 309.954 -45.605
-25.2155 -28.8885 237.214 -10.7131
-18.1537 -37.9176 235.876 -8.07777
-25.5226 -18.9873 174.644 21.6465
-16.7373 -28.4966 221.306 8.32372
-20.4615 -15.587 177.207 17.3476
-10.7338 -25.1754 224.822 -5.91919
-16.6091 -18.6572 187.842 13.932
-17.7739 -24.8878 237.426 -8.78922
-18.671 -31.2796 287.298 -29.0692
-19.7821 -37.5202 337.084 -51.3713
-2.18473 -26.6315 177.214 26.8175
-5.62526 -25.0184 182.437 15.3689
-3.45426 -22.1689 149.456 27.1817
-4.27819 -28.4405 199.366 2.82454
-4.28816 -29.2874 206.507 4.94913
-17.6132 -23.399 213.785 -7.69874
-7.97471 -27.7269 220.3 -12.1757
-9.1677 -28.6278 271.637 -34.5152
-7.32403 -31.8161 226.214 -14.7219
-7.39284 -26.4866 183.851 3.91703
-7.6179 -33.8759 235.091 -20.6209
3.85015 -38.4464 238.373 -15.7877
-6.72965 -36.7777 240.92 -25.6227
-7.72376 -36.8396 189.896 -9.6599
-13.2245 -33.49 240.932 -26.8637
-12.9418 -27.1642 185.419 -10.0588
-12.7303 -34.8374 236.649 -27.4401
-9.58909 -37.6619 239.067 -29.7199
-8.81707 -46.0312 290.691 -52.5342
-8.19718 -39.2087 235.346 -28.0693
-8.26327 -31.0284 181.164 -1.84358
-7.42176 -39.3137 232.637 -27.1146
5.28747 -21.9283 107.026 23.2865
6.34221 -30.1709 158.162 -3.57837
7.33224 -22.6802 125.729 4.70193
8.51195 -30.8967 176.705 -22.8388
9.22917 -31.456 183.366 -29.1771
9.37415 -32.3872 187.405 -34.1358
2.28919 -21.9866 145.068 -15.8798
4.31548 -30.8849 194.669 -41.2193
-10.5443 -22.4282 197.384 -44.3421
-8.41355 -31.2898 247.06 -69.8032
7.29329 -33.6242 201.877 -51.9631
9.54947 -42.4445 251.312 -78.1376
6.66934 -34.5753 198.816 -56.5732
3.72644 -33.7251 194.836 -55.958
6.14479 -35.1711 195.37 -60.8983
-58.5266 -4.50076 -45.2826 43.4868
-54.9618 -13.8218 0.248007 18.1358
35.6892 2.1391 5.29134 -0.959753
39.6123 -6.78176 33.5575 -27.8731
60.7936 -12.7232 30.2705 -39.8374
49.4451 -15.3846 74.8732 -66.4432
31.3863 -10.8291 65.8598 -67.7849
36.6948 -14.6226 107.69 -102.192
32.783 -16.2416 121.732 -118.613
0.804265 -8.24304 104.048 -113.413
13.0503 -15.823 142.14 -141.739
26.092 -18.4207 146.848 -153.068
18.56 -22.948 148.394 -149.273
29.3916 -24.917 147.969 -162.521
16.287 -27.7471 144.298 -154.998
3.74322 -16.0538 55.1876 -115.622
9.26806 -24.6794 95.5139 -138.701
25.7449 -30.4565 133.181 -169.746
23.6699 -36.8638 143.644 -172.835
28.8442 -39.7421 101.267 -145.541
16.5724 -38.9504 134.121 -171.949
8.93666 -23.8617 70.7945 -151.433
15.5412 -32.2705 106.343 -168.628
22.1458 -40.6794 141.892 -185.822
25.3401 -27.1068 41.8007 -130.88
32.2132 -35.2476 78.2881 -148.817
28.8539 -35.1871 77.9006 -150.877
35.65 -43.3883 114.085 -169.299
19.3755 -46.528 150.935 -187.207
20.7773 -40.9529 112.936 -170.844
6.42894 -29.5001 51.7479 -138.755
14.2876 -37.3126 85.4438 -149.982
22.2285 -36.2219 78.0112 -142.479
34.3436 -35.5856 81.1228 -139.878
-64.4961 -28.217 110.465 -206.409
-56.447 -35.6459 148.91 -217.288
35.2655 20.5773 -69.5232 -88.4613
43.7076 13.6608 -53.4653 -100.753
36.9197 19.6604 -73.8542 -103.153
45.4508 12.9115 -55.3418 -115.998
31.118 11.266 -51.2129 -118.692
40.5201 4.99979 -33.4938 -123.128
35.0552 -0.708615 -19.653 -118.225
36.7433 -1.87289 -10.358 -127.487
35.586 -4.70663 3.83299 -131.669
1.1736 -4.20986 -21.1055 -121.974
21.0865 -3.05778 -19.6882 -120.713
10.6889 -0.636429 -41.4696 -116.556
18.7877 -3.59727 -36.2758 -118.051
31.6024 -6.0169 -30.1159 -120.912
44.7081 -9.14356 -25.418 -116.514
31.6522 -12.7371 -20.44 -111.253
22.3277 -18.6769 -3.14882 -107.553
27.6919 -18.5459 -10.659 -99.498
28.7233 -16.8387 -17.8535 -93.3665
26.474 -22.5644 -0.649813 -89.8284
20.9211 -20.0381 -7.55641 -85.0662
31.3734 -24.8953 9.78644 -81.5927
30.4782 -26.2531 15.401 -78.0864
21.05 -28.6201 20.3204 -75.2747
22.6721 -28.572 24.9201 -65.438
19.9336 -28.717 34.1774 -63.407
25.2527 -27.4021 33.1672 -41.8429
43.44 -25.3684 45.1379 -20.0099
26.4459 -26.2742 41.0563 -20.3453
13.9796 -21.5737 32.713 -14.0987
25.2137 -25.3714 49.1745 -2.05791
11.5696 -20.9568 53.3463 6.45361
22.7996 -24.6465 57.7667 13.4589
24.267 -23.6604 62.0433 20.2222
19.7999 -23.6565 68.3103 24.1023
24.4066 -21.3793 69.3214 46.4037
28.9099 -13.5304 62.6873 45.7631
40.8636 -16.2291 78.8375 66.6193
28.4115 -4.71332 41.8323 60.7797
34.583 3.19358 45.1068 67.2288
46.4976 0.842219 61.7437 87.9189
35.2055 -5.95968 65.6602 94.9712
37.6626 -6.25894 67.3511 111.954
25.3907 -13.3947 75.4897 120.599
29.0243 -9.03485 79.4612 133.763
23.8053 -10.1088 83.0793 146.803
28.155 -8.10804 87.6683 164.209
11.6085 -11.506 79.0401 164.613
29.2237 -6.46717 96.4438 194.19
13.7332 -5.5052 87.6006 190.7
26.1736 -6.54648 105.239 220.255
34.5182 11.6736 72.7283 183.704
32.6669 9.43259 90.7244 213.248
45.0363 8.64249 95.1407 219.205
37.7694 4.79009 100.194 235.819
-2.02531 -2.18317 78.3499 201.41
10.8633 -1.88922 97.801 240.117
20.4425 -2.52427 117.037 278.915
37.4966 3.75138 123.91 296.973
48.45 9.01741 129.55 310.628
61.2961 9.42847 134.489 317.385
24.8673 -2.78355 140.068 326.706
37.6677 -2.30627 144.857 331.618
17.8784 -5.73034 151.322 342.529
15.5314 -6.29546 156.286 349.292
28.8152 -4.76495 177.98 397.739
24.2106 3.50951 154.038 348.857
37.4081 5.14884 176.384 397.312
36.4383 4.86286 181.186 405.788
-9.92094 -3.21738 132.915 295.345
9.57163 5.64235 138.357 306.152
29.0824 13.8959 143.588 316.402
42.0674 15.737 167.524 365.016
32.1108 12.2337 152.223 331.485
12.6224 4.05818 135.319 294.914
26.0315 6.98225 162.02 354.275
19.7693 6.16411 146.67 325.144
33.1269 9.12533 173.901 384.619
19.6063 4.8223 157.323 350.681
32.9009 7.81501 185.087 410.293
24.2374 14.1714 41.3041 64.9479
37.2918 17.2648 72.8323 126.289
50.3462 20.3582 104.361 187.631
63.4007 23.4516 135.889 248.972
22.1939 -1.72962 22.5139 43.3677
35.5746 2.12838 50.9074 101.433
32.6661 0.539108 88.579 172.018
46.1098 4.53825 124.778 246.398
47.5321 4.09736 134.626 273.504
50.3993 4.98515 150.388 310.651
23.1529 -6.61143 58.1595 158.838
36.5774 -2.62855 95.4431 233.812
29.1915 -1.46537 48.6029 147.395
42.5538 2.51217 86.3065 222.824
47.7861 8.83208 95.4192 238.189
47.0696 7.76647 105.769 258.99
45.965 8.83378 149.079 347.822
20.4388 1.18712 47.5297 155.345
34.0403 5.76811 91.853 245.33
11.9215 8.5674 1.42736 63.2768
23.2311 12.3096 118.256 326.935
37.6721 21.3225 185.091 469.066
32.8579 20.0151 202.957 506.429
14.6732 14.7699 189.283 474.87
28.2005 19.2399 238.637 567.825
26.8401 18.6954 259.309 605.316
25.5709 17.863 282.363 640.223
38.9982 21.7602 336.088 741.851
14.0445 10.2621 322.834 701.726
27.4314 14.1142 377.608 804.113
12.4466 10.1977 358.828 752.232
8.21081 7.74253 404.564 814.061
-7.53534 1.68903 389.012 789.857
5.93388 5.87328 392.47 793.169
-8.68628 0.671341 352.055 701.53
7.59638 9.72671 383.156 766.643
14.7704 16.74 357.738 684.789
31.233 26.0967 338.274 684.382
47.528 35.061 370.157 750.29
17.4735 29.069 234.794 492.004
33.6848 37.9257 267.898 559.287
20.8492 33.3488 176.003 390.921
37.0471 42.1047 210.001 459.264
39.2988 45.1907 112.725 283.956
55.5373 53.8089 147.693 353.482
49.7226 51.535 177.705 408.431
67.4672 61.8536 78.5275 242.73
82.8881 71.8829 92.2029 240.521
57.3291 64.1562 -1.09699 114.455
71.15 66.005 -39.6557 16.6813
88.6685 76.3584 -11.8083 75.8581
71.0547 55.7872 37.6061 104.913
88.7087 65.8465 66.8793 165.15
106.363 75.9058 96.1525 225.388
112.46 70.4752 160.564 289.37
131.081 81.8914 181.54 338.973
40.8575 29.5928 -1.28771 53.5134
37.2882 28.2907 9.85938 58.2728
56.0943 39.6551 30.0482 107.366
54.72 36.396 49.43 121.668
73.805 47.2166 70.731 170.966
46.369 32.1022 25.8403 84.0352
65.2703 43.0843 46.6221 134.214
34.6761 20.816 30.9137 71.9132
54.9612 31.806 52.6022 122.895
66.4193 31.5537 47.3502 104.713
64.46 33.9948 48.9257 98.6063
84.7849 45.5143 62.5382 136.628
91.6901 49.5385 61.372 155.685
43.5271 27.1541 10.0009 49.4072
63.702 38.7613 23.4676 88.1286
30.4818 22.5027 17.0493 64.4296
50.8545 33.6765 31.4195 103.304
55.9248 36.1955 35.0267 110.743
37.4597 26.1489 4.64427 45.7293
58.385 38.2685 13.8972 76.2079
79.5564 50.7778 20.9715 103.261
50.6465 33.3981 12.959 50.8839
51.8693 34.7989 18.7852 49.6441
73.1561 46.882 31.8602 77.1531
78.7262 20.5683 51.0767 134.001
101.083 31.3076 51.9289 160.846
19.9721 7.9093 65.8441 104.615
41.8364 18.3838 65.4669 133.905
53.4363 26.8709 90.19 187.919
75.8792 37.9578 100.659 226.185
78.2986 37.1976 58.9782 143.883
73.8832 39.1931 55.0466 160.045
46.7538 31.9869 63.5439 178.997
69.6173 43.0676 56.7384 173.476
44.4521 35.1842 52.1149 167.202
67.3878 46.0725 44.375 156.624
72.0689 48.0763 38.0328 146.808
66.9129 47.763 30.0654 134.552
71.7501 48.8723 27.2148 149.741
95.2051 59.9375 20.091 159.983
72.2292 49.975 0.53879 85.3458
48.9888 38.7376 -11.2879 62.6076
73.0224 49.518 -19.8716 69.3764
93.6633 48.3258 -30.9904 19.2433
117.556 59.2227 -39.8708 25.8374
131.624 61.0244 -48.1467 18.776
115.59 56.5625 -59.6954 0.197785
99.2164 67.7837 -68.513 7.06066
70.8669 45.2458 -46.3561 21.1833
95.2028 56.0593 -57.5572 23.3224
59.6021 42.7076 -50.5078 -14.3614
84.3132 53.6522 -64.0399 -16.7561
41.6264 22.0354 -31.3284 9.83791
49.0532 22.7224 -36.1162 -34.6346
56.9777 23.9823 -35.2988 -15.1351
48.9104 16.5663 -25.129 -14.8781
73.993 26.3462 -38.4589 -17.3612
52.878 18.0768 -33.5086 -23.4565
78.0499 27.5487 -46.7896 -25.9574
59.2985 19.8303 -33.585 -17.358
85.2069 29.3426 -50.7134 -27.4208
111.017 39.1187 -52.3513 -13.2203
75.6721 17.5272 -58.143 -56.4398
78.1712 30.6787 -75.0189 -66.7283
45.2672 20.8424 -56.2607 -59.3215
71.2591 29.9644 -73.0157 -69.591
51.0827 8.65637 -41.6516 -68.4217
77.2527 17.129 -58.1412 -78.6247
85.8826 18.4525 -55.7522 -66.0164
77.4852 7.08398 -56.8527 -67.5303
81.9666 20.7142 -49.1929 -38.2212
61.7041 26.9114 -33.9215 -9.64828
74.988 23.303 -53.0208 -42.278
59.4472 17.7799 -45.9222 -48.4922
86.4373 25.3655 -65.1097 -64.8189
91.7246 26.5652 -65.0809 -63.4008
67.5361 20.257 -71.9332 -85.0179
94.5301 27.7432 -60.7514 -48.4355
89.6578 27.506 -58.7071 -42.2014
77.8623 27.6854 -53.8587 -33.4051
79.792 27.3493 -60.7363 -50.323
107.233 34.747 -81.4001 -72.1206
73.7594 10.3122 -85.747 -141.106
101.408 16.8961 -106.182 -162.942
129.358 21.7703 -129.065 -183.049
115.698 13.2567 -70.6598 -100.807
85.4796 11.1353 -65.0708 -93.9966
113.249 17.0786 -84.7399 -115.341
67.6921 14.5077 -55.0663 -54.8206
95.6505 19.7893 -75.1878 -76.5583
108.297 14.9065 -74.2154 -72.8831
104.593 20.8868 -82.2958 -90.8156
95.0863 22.5309 -73.487 -58.9683
92.3832 22.7151 -54.5759 -33.521
120.57 27.9656 -75.1278 -58.7076
58.8977 -8.62593 -39.9948 -106.506
87.5488 -6.82505 -33.6482 -80.5864
48.3548 -3.82764 -55.1601 -57.3251
77.0596 -2.89262 -75.3854 -80.4115
92.8674 0.685692 -81.0064 -69.6448
121.705 1.31383 -102.809 -95.6396
130.584 7.18362 -108.754 -91.1399
93.8524 20.9375 -89.6337 -43.2528
122.787 21.2457 -111.511 -68.8455
122.012 25.9635 -112.803 -64.8889
125.744 27.2587 -113.74 -69.1008
119.105 30.892 -105.431 -40.7767
86.2368 31.7027 -88.7888 -31.8341
115.26 31.4389 -110.588 -56.785
118.112 29.7299 -111.169 -63.2018
122.943 26.2945 -108.836 -75.6772
115.406 26.8732 -98.4596 -44.928
115.619 24.107 -95.8652 -66.8346
79.9774 21.2333 -70.6216 -33.2709
108.889 20.8248 -92.4862 -60.7283
132.946 24.1998 -114.74 -87.6743
124.813 8.96814 -102.359 -102.865
101.355 4.00683 -58.2673 -34.6839
130.285 2.81077 -79.6141 -61.7404
95.1133 -5.01409 -57.8016 -51.7249
111.852 4.51409 -79.2711 -80.5621
74.3488 3.01994 -54.4489 -59.5318
103.108 0.832817 -76.0142 -87.8899
131.855 -1.0155 -97.3398 -116.505
49.3257 -6.89067 -32.4219 -55.9084
78.0282 -9.85356 -53.3237 -83.9929
86.6161 -14.935 -57.2747 -99.7269
115.355 -17.7715 -77.6397 -127.975
83.5329 -16.089 -49.916 -78.9262
112.253 -19.3788 -69.979 -106.989
101.57 -16.2883 -41.7671 -44.8488
129.92 -19.6069 -61.6939 -74.0455
66.9314 -18.3422 -55.0304 -98.8553
87.9516 -13.7767 -57.8775 -93.7088
59.1337 -12.9838 -39.0295 -57.6958
87.4505 -17.2767 -58.3324 -86.4916
58.5609 -15.3346 -33.7704 -64.9322
86.8472 -20.073 -52.6775 -93.5958
86.2385 -21.411 -32.3168 -64.7213
85.7871 -21.8271 -50.9383 -93.1876
47.2857 -12.8673 -47.7477 -100.772
74.9524 -18.1287 -49.408 -93.5597
73.7825 -18.7374 -48.7507 -93.8086
-6.74897 -20.5324 12.0471 -45.9915
20.7658 -27.3186 -5.26391 -74.4539
38.9572 -37.6926 -15.6221 -113.057
66.3924 -44.8985 -32.7905 -141.378
62.7215 -39.6176 -28.9299 -105.182
90.0831 -47.2125 -45.9879 -133.337
73.9182 -44.1747 -48.8846 -113.516
100.667 -51.8705 -65.7111 -141.747
118.076 -44.5528 -71.7883 -145.876
98.5124 -33.6887 -61.8422 -111.434
99.8223 -31.3526 -62.0829 -101.338
70.3694 -17.7515 -45.1232 -54.6967
96.7304 -26.5379 -61.7981 -82.2278
96.0922 -25.0747 -61.6395 -80.7259
88.9319 -11.7575 -52.3488 -64.4813
87.8389 -20.4456 -66.2041 -96.6161
60.2048 -21.4725 -46.7397 -52.4665
80.6283 -19.3819 -62.3962 -79.7012
58.4484 -17.23 -43.4653 -50.6288
83.8077 -26.323 -58.7966 -77.635
60.2882 -21.4174 -40.1847 -53.2046
85.588 -30.8872 -55.3802 -80.0334
58.6026 -22.2363 -50.11 -87.3824
83.7909 -32.0889 -65.3014 -114.086
55.6366 -31.0697 -45.9212 -89.324
80.6278 -41.4861 -61.0846 -115.793
105.619 -51.9025 -76.248 -142.261
65.3837 -36.3631 -42.083 -100.246
89.2167 -46.5201 -56.0717 -125.965
89.7706 -54.7981 -70.514 -151.371
22.8128 -10.5759 -19.4067 -22.9033
46.3399 -21.6873 -25.2659 -26.6781
51.6992 -27.1545 -33.6031 -60.7033
75.0927 -38.5828 -47.6804 -85.8195
89.4321 -51.6341 -51.038 -116.558
82.888 -33.502 -31.2911 -63.6447
75.5701 -39.9535 -47.2306 -84.8721
-10.1736 -12.6702 16.3507 -32.2677
11.5306 -24.5377 3.99898 -56.0512
5.96502 -27.7223 4.33734 -69.6159
18.5513 -38.3847 -13.8523 -85.2356
39.6867 -51.377 -26.3115 -108.682
58.834 -57.764 -26.8627 -100.381
69.3544 -59.6744 -33.9561 -86.8692
57.105 -39.2063 -32.0708 -54.2172
78.0509 -52.6785 -44.5237 -77.3728
42.3077 -18.3665 -40.2545 -69.9691
62.3081 -31.9963 -52.7472 -92.1374
81.5649 -44.7902 -64.3559 -113.763
100.822 -57.5841 -75.9647 -135.389
86.3498 -59.8146 -60.2707 -64.2207
81.4768 -51.6647 -56.7853 -28.6284
52.8906 -24.7685 -53.4167 -23.9716
71.8531 -38.2298 -65.0615 -45.2696
90.8156 -51.6911 -76.7064 -66.5675
68.3231 -49.8274 -46.3431 -82.0118
86.7929 -64.0715 -45.7737 -68.9784
65.9034 -48.6815 -44.5109 -62.1448
59.4749 -40.7778 -54.3116 -82.4517
57.2516 -39.6821 -39.0927 -47.118
6.98661 -8.59044 -2.04074 -12.5743
23.3909 -22.167 -12.6428 -31.621
39.8345 -35.7125 -23.1876 -50.6785
39.5226 -44.5874 -20.0342 -78.9665
39.8133 -43.289 -32.2132 -96.2451
41.8505 -44.3215 -25.4184 -64.5312
26.2786 -27.5254 -17.9265 -31.3741
41.7691 -41.2292 -28.0391 -49.6516
25.3202 -33.929 -22.0371 -34.8446
39.8479 -37.8936 -28.758 -54.5704
39.5419 -33.6549 -27.2238 -56.3253
39.5651 -39.075 -28.6725 -52.382
23.1057 -23.2989 -19.2071 -32.799
36.6852 -36.542 -28.646 -49.2899
50.8866 -45.0883 -37.9368 -65.8707
37.3637 -39.5175 -28.0941 -49.5613
9.52645 -13.3566 -7.63297 -12.9237
22.4679 -26.5046 -16.5841 -28.8628
24.6797 -32.0484 -19.6405 -48.4311
36.0581 -43.591 -23.9437 -53.556
38.3083 -48.2326 -25.3241 -70.3477
21.8153 -27.3307 -17.1715 -34.7322
32.727 -39.2714 -25.2063 -48.5938
44.8548 -44.8305 -33.0297 -62.5682
31.713 -39.028 -23.9788 -43.4601
28.7787 -34.3955 -32.0795 -57.2232
27.589 -33.4693 -21.4913 -34.5119
13.7445 -18.3981 -10.8602 -18.1171
22.2731 -28.1334 -17.0743 -29.2365
20.7221 -28.5994 -7.21876 -21.5221
6.94238 -12.7093 -6.00355 -20.612
15.2537 -22.6758 -12.3038 -31.6246
23.5651 -32.6422 -18.604 -42.6372
10.1351 -23.6381 -6.44004 -37.6688
18.3131 -33.7524 -12.7344 -48.6347
-13.0327 -0.495931 1.98624 -40.2709
-5.32427 -10.9825 -4.69666 -51.0268
1.93902 -22.6947 -10.1402 -51.4539
3.87557 -20.1216 -17.7113 -45.0523
9.17366 -27.6741 -16.5963 -38.9464
10.4773 -24.3606 -17.966 -28.838
12.6813 -18.2831 -14.4676 -15.7655
12.5932 -21.0324 -19.1104 -23.4675
8.2801 -11.9473 -17.618 -21.8788
13.483 -19.6722 -18.066 -19.4556
14.0669 -20.7321 -17.4168 -19.4166
9.27126 -13.4116 -15.4924 -21.4102
14.3582 -21.2347 -16.4839 -20.2606
12.3778 -18.7167 -14.0101 -17.3739
10.4657 -16.7134 -11.6424 -14.2642
7.68384 -11.331 -8.65688 -6.85969
1.00547 -1.59853 -0.974105 1.94287
3.71722 -5.95929 -3.61476 -2.24577
2.69232 -6.16093 -1.9192 -4.51543
5.39834 -10.5524 -4.55331 -8.68163
-0.318803 -6.08163 1.89886 -9.61456
2.27894 -10.5201 -0.809411 -13.7446
4.87668 -14.9585 -3.51768 -17.8745
-0.0357552 -7.87268 -0.949225 -16.2519
0.209012 -8.25311 0.0782154 -13.9373
-6.67246 7.5455 4.3064 3.36931
-6.43359 7.16078 4.09583 2.919
-7.61154 8.99786 5.63947 6.02894
-7.37463 8.61176 5.60056 5.377
-8.4744 8.50586 8.01845 3.35188
-8.20766 8.11528 7.83418 2.90266
-7.93903 7.76323 7.63048 2.41959
-7.78304 6.88953 7.91559 -0.191749
-9.49334 10.3452 10.0959 2.70065
-11.3454 14.2897 12.7615 6.26699
-11.2914 17.1593 15.6059 9.54188
-14.221 21.576 16.0365 13.5616
-16.2153 25.8629 30.3142 2.4864
-431.878 1564.94 22.9164 2.33314
-433.689 1569.6 25.7414 5.77051
-463.363 1791.18 28.665 8.8661
-514.776 1831.45 31.5743 12.28
-499.166 1840.57 16.4704 6.09312
-499.584 1841.75 17.177 6.91611
-105.382 308.24 -21.7089 23.1429
-105.382 308.24 -21.7089 23.1429
-105.382 308.24 -21.7089 23.1429
-105.382 308.24 -21.7089 23.1429
-114.444 302.275 -22.0649 21.9854
-114.166 304.832 -20.9363 18.6673
-113.542 305.039 -20.8979 18.7096
-92.5283 303.75 -15.3964 7.63175
-91.8919 303.914 -15.3804 7.66349
-91.8919 303.914 -13.6343 5.00941
-86.0472 297.945 -12.106 2.62967
-82.3289 296.141 -9.4754 -1.06337
-82.3289 296.141 -9.4754 -1.06337
-76.885 292.669 -8.13914 -2.19792
-73.2945 291.144 -7.05593 -3.31406
-73.2945 291.144 -7.05593 -3.31406
-67.425 287.568 -5.91417 -3.9806
-65.0883 285.521 -4.35623 -5.80908
-59.3852 281.201 -2.9617 -6.93066
-59.3852 281.201 -2.9617 -6.93066
-56.0542 278.91 -2.37935 -7.3755
-56.0542 278.91 -2.24311 -7.1469
-51.1829 273.68 -1.33714 -8.095
-46.0173 268.004 -0.913781 -8.3715
-46.0093 268.012 -0.502548 -8.62601
-39.9672 262.908 0.173031 -9.01832
-41.1164 261.879 0.175306 -9.01025
-40.6423 261.922 0.161428 -9.00456
-39.3708 257.611 0.447902 -9.16167
-34.3709 251.953 0.959135 -9.38506
-33.9332 251.982 0.942245 -9.38851
-30.3027 244.954 1.36098 -9.53471
-27.3539 230.589 1.84587 -10.4986
-27.3539 230.589 1.84587 -10.4986
-24.7032 218.19 2.76154 -15.2335
-24.7032 218.19 2.76154 -15.2335
-23.3388 213.467 3.24099 -17.5285
-21.7562 208.611 3.68326 -19.538
-21.7562 208.611 3.68326 -19.538
-20.373 197.845 4.61327 -22.553
-18.0578 188.208 4.98853 -23.6508
-18.0578 188.208 4.98853 -23.6508
-17.7712 176.18 6.16946 -26.0284
-17.7712 176.18 6.16946 -26.0284
-17.3136 159.961 7.10697 -27.4821
-16.9614 156.185 7.47512 -27.8437
-14.6701 143.06 8.37372 -28.5711
-14.6701 143.06 8.37372 -28.5711
-40.449 79.3463 -3.64062 0.19706
-40.449 79.3463 -3.64062 0.19706
-45.4322 63.9525 -1.00132 -7.61413
-45.4322 63.9525 -1.00132 -7.61413
-46.2982 60.7438 -0.591471 -10.6979
-46.183 60.334 0.617696 -12.4297
-46.5898 58.0405 1.14876 -14.7426
-46.5898 58.0405 1.14876 -14.7426
-46.4984 56.4298 2.8964 -17.6442
-46.7836 54.442 4.26475 -19.9939
-46.5841 54.131 4.26475 -19.9939
-46.8138 52.3412 4.88085 -20.9064
-46.6086 52.0586 4.88085 -20.9064
-46.6258 51.088 6.08803 -22.3454
-46.5902 50.1874 6.61221 -22.9278
-46.5636 49.3276 7.12286 -23.4117
-46.5858 49.308 7.13799 -23.4026
-46.5579 48.4691 8.05585 -24.2111
-46.4322 46.1683 9.27236 -25.0991
-46.4322 46.1683 9.27236 -25.0991
-46.4322 46.1683 9.27236 -25.0991
-46.244 44.1658 10.0065 -25.3851
-46.1914 43.5071 10.3318 -25.5494
-46.348 43.0606 10.6374 -25.6929
-46.1211 42.9001 10.6374 -25.6929
-46.0674 42.2753 11.1964 -25.9625
-45.983 41.7103 11.2042 -25.9479
-45.6631 41.0372 11.4774 -26.0325
-45.8072 40.6334 11.7129 -26.1529
-45.4702 40.0024 11.9548 -26.2342
-45.6069 39.6348 12.1735 -26.3124
-45.3641 39.5179 12.3867 -26.348
-45.3641 39.5179 12.3867 -26.348
-44.7378 38.0666 12.7943 -26.3664
-44.7378 38.0666 12.7943 -26.3664
-43.9447 37.8182 12.7944 -26.2831
-43.9447 37.8182 12.7944 -26.2831
-44.1975 37.1979 13.1483 -26.4204
-43.9087 37.1421 13.1413 -26.4178
-43.9087 37.1421 13.1413 -26.4178
-43.5766 35.6944 13.1324 -26.3881
-43.2734 35.6503 13.7436 -26.4945
-42.6713 35.5701 14.301 -26.6128
-42.6713 35.5701 14.301 -26.6128
-42.3538 35.5362 14.2997 -26.6028
-42.3375 35.5557 14.2896 -26.5735
-41.8479 32.1031 14.7855 -26.6814
-41.8479 32.1031 14.7855 -26.6814
-41.1275 31.4229 15.1842 -26.6254
-41.1275 31.4229 15.1842 -26.6254
-40.6911 30.9158 15.6154 -26.5142
-40.6653 30.9497 15.5954 -26.5241
-40.4362 30.7111 15.672 -26.5058
