0.180402 -0.139482 -0.18428 -0.159501
0.1804 -0.139486 -0.184279 -0.159505
0.180399 -0.139487 -0.184279 -0.159506
0.180398 -0.139488 -0.184278 -0.159507
0.180398 -0.139492 -0.184279 -0.159505
0.180403 -0.139559 -0.184275 -0.159573
0.180412 -0.139636 -0.184295 -0.159649
0.180412 -0.139639 -0.184265 -0.159652
0.180427 -0.139753 -0.18425 -0.159767
0.180427 -0.139753 -0.18425 -0.159767
0.180475 -0.139833 -0.184247 -0.159829
0.180446 -0.139903 -0.184229 -0.159918
0.180458 -0.13999 -0.184217 -0.160005
0.18045 -0.140001 -0.184226 -0.159995
0.180482 -0.140187 -0.184192 -0.160203
0.18051 -0.140412 -0.184163 -0.160431
0.18051 -0.140412 -0.184163 -0.160431
0.180467 -0.140662 -0.184068 -0.160542
0.180527 -0.140677 -0.184146 -0.160667
0.180602 -0.140678 -0.184145 -0.160667
0.18057 -0.140936 -0.184099 -0.160955
0.180525 -0.141211 -0.18399 -0.161088
0.180601 -0.141234 -0.184064 -0.16125
0.180603 -0.141437 -0.184063 -0.161384
0.180633 -0.141549 -0.184028 -0.161564
0.180633 -0.141733 -0.183904 -0.161707
0.180586 -0.141879 -0.183904 -0.161707
0.180521 -0.142013 -0.183969 -0.16206
0.180754 -0.142596 -0.183617 -0.16217
0.180754 -0.142596 -0.183617 -0.16217
0.180774 -0.14292 -0.183865 -0.162925
0.180818 -0.143451 -0.183803 -0.163457
0.180818 -0.143451 -0.183803 -0.163457
0.180799 -0.143475 -0.183825 -0.163433
0.180824 -0.143626 -0.183782 -0.163631
0.18082 -0.143971 -0.183726 -0.163974
0.180798 -0.143998 -0.183752 -0.163946
0.180818 -0.144141 -0.183842 -0.164139
0.180792 -0.144343 -0.183653 -0.164279
0.180749 -0.144477 -0.183746 -0.164476
0.180804 -0.144678 -0.183709 -0.1646
0.180804 -0.144678 -0.183801 -0.164797
0.180829 -0.145004 -0.183335 -0.164927
0.18088 -0.145125 -0.183425 -0.165121
0.180865 -0.14532 -0.183139 -0.165238
0.180918 -0.145433 -0.182996 -0.165435
0.180993 -0.145626 -0.182931 -0.165537
0.180957 -0.145729 -0.182693 -0.165543
0.180906 -0.146012 -0.182388 -0.165649
0.180906 -0.146012 -0.182388 -0.165648
0.180948 -0.146274 -0.18233 -0.166288
0.180948 -0.146274 -0.18233 -0.166288
0.180948 -0.146274 -0.18233 -0.166288
0.181141 -0.146787 -0.181668 -0.166275
0.181141 -0.146787 -0.181903 -0.166788
0.181141 -0.146787 -0.181903 -0.166788
0.181196 -0.147019 -0.181698 -0.167023
0.181147 -0.147078 -0.181754 -0.166962
0.181226 -0.147129 -0.181515 -0.166966
0.181257 -0.147244 -0.181488 -0.16725
0.181328 -0.147465 -0.18127 -0.167472
0.181342 -0.147759 -0.181213 -0.167783
0.18145 -0.147783 -0.180956 -0.167787
0.18128 -0.148161 -0.180762 -0.168001
0.18128 -0.148161 -0.180762 -0.168001
0.181084 -0.148414 -0.180543 -0.168274
0.181084 -0.148414 -0.180543 -0.168274
0.181084 -0.148414 -0.180543 -0.168274
0.182264 -0.149047 -0.179889 -0.169004
0.182264 -0.149047 -0.179889 -0.169004
0.182302 -0.149078 -0.179851 -0.169024
0.182408 -0.149115 -0.179738 -0.169118
0.182381 -0.149143 -0.179768 -0.169086
0.182628 -0.149239 -0.179501 -0.16925
0.182628 -0.149239 -0.179501 -0.16925
0.182692 -0.149273 -0.179431 -0.169282
0.182692 -0.149273 -0.179431 -0.169282
0.182831 -0.149355 -0.17928 -0.169363
0.182831 -0.149355 -0.17928 -0.169363
0.182987 -0.14945 -0.179107 -0.169457
0.182987 -0.14945 -0.179107 -0.169457
0.18316 -0.149562 -0.179108 -0.169409
0.18316 -0.149562 -0.178915 -0.169565
0.183178 -0.149689 -0.178705 -0.169689
0.183349 -0.149687 -0.178705 -0.169688
0.183535 -0.149876 -0.178477 -0.169827
0.183553 -0.14983 -0.178477 -0.169827
0.183772 -0.149989 -0.178233 -0.169983
0.183772 -0.149989 -0.178233 -0.169983
0.184004 -0.150164 -0.177875 -0.169936
0.184004 -0.150164 -0.177975 -0.170155
0.184505 -0.150558 -0.177419 -0.170542
0.184505 -0.150558 -0.177419 -0.170542
0.184759 -0.150784 -0.177132 -0.170747
0.184765 -0.150768 -0.177132 -0.170747
0.18503 -0.150993 -0.176731 -0.170734
0.185032 -0.150987 -0.176731 -0.170734
0.185168 -0.151099 -0.17669 -0.171082
0.185445 -0.151333 -0.17675 -0.171321
0.185445 -0.151333 -0.176389 -0.171316
0.185727 -0.151575 -0.176082 -0.17156
0.185727 -0.151575 -0.176082 -0.17156
0.185784 -0.151807 -0.175662 -0.171578
0.186016 -0.151827 -0.175768 -0.171815
0.186328 -0.152059 -0.175336 -0.171837
0.186314 -0.152094 -0.175447 -0.172085
0.186363 -0.152378 -0.175491 -0.172367
0.18662 -0.152371 -0.175117 -0.17236
0.186688 -0.152619 -0.175047 -0.172402
0.186934 -0.152661 -0.174662 -0.172394
0.187278 -0.152908 -0.17431 -0.17269
0.187257 -0.152964 -0.17443 -0.172958
0.187588 -0.153278 -0.174074 -0.173269
0.187755 -0.153437 -0.173773 -0.173159
0.187755 -0.153437 -0.173893 -0.17343
0.187924 -0.153596 -0.173713 -0.173588
0.189234 -0.154941 -0.172319 -0.174834
0.189195 -0.155047 -0.172109 -0.175027
0.189517 -0.155336 -0.171787 -0.175322
0.189743 -0.155325 -0.171787 -0.175322
0.19009 -0.155485 -0.171741 -0.175625
0.190496 -0.156007 -0.171263 -0.176034
0.190496 -0.156007 -0.171263 -0.176034
0.190587 -0.156276 -0.170945 -0.176289
0.190587 -0.156276 -0.170707 -0.176278
0.190908 -0.156418 -0.170409 -0.176537
0.190908 -0.156418 -0.170409 -0.176537
0.191151 -0.156781 -0.170108 -0.176795
0.191361 -0.156769 -0.170108 -0.176795
0.191641 -0.156984 -0.169852 -0.176995
0.191803 -0.157144 -0.16956 -0.176979
0.191803 -0.157144 -0.169644 -0.177174
0.192104 -0.157399 -0.169326 -0.177428
0.192041 -0.157475 -0.169397 -0.17736
0.192258 -0.157528 -0.169162 -0.177559
0.192313 -0.157813 -0.169084 -0.177604
0.192572 -0.157796 -0.168824 -0.177829
0.192895 -0.158071 -0.168363 -0.177842
0.192895 -0.158071 -0.168363 -0.177842
0.193226 -0.158355 -0.168113 -0.178378
0.193394 -0.1585 -0.167929 -0.178523
0.193287 -0.15863 -0.168049 -0.178409
0.193562 -0.158644 -0.167744 -0.178664
0.193918 -0.158913 -0.167365 -0.17897
0.193906 -0.158948 -0.167365 -0.17897
0.193945 -0.159282 -0.167312 -0.178985
0.193945 -0.159282 -0.167312 -0.178985
0.194295 -0.159604 -0.166925 -0.179291
0.194618 -0.159579 -0.166576 -0.179594
0.1948 -0.159741 -0.166374 -0.179752
0.1948 -0.159741 -0.166374 -0.179752
0.195161 -0.160888 -0.164922 -0.180922
0.195161 -0.160888 -0.164922 -0.180922
0.19499 -0.161199 -0.164723 -0.181082
0.196643 -0.161415 -0.164333 -0.181408
0.196643 -0.161415 -0.164333 -0.181408
0.19699 -0.161724 -0.163956 -0.181719
0.196906 -0.161825 -0.164051 -0.181632
0.196906 -0.161825 -0.164051 -0.181632
0.19725 -0.162125 -0.163678 -0.181944
0.197528 -0.162097 -0.163403 -0.18219
0.19759 -0.162431 -0.16331 -0.182257
0.197844 -0.162489 -0.163032 -0.1825
0.198017 -0.162642 -0.162845 -0.182652
0.197904 -0.16283 -0.162655 -0.182814
0.197962 -0.163181 -0.162565 -0.182879
0.198545 -0.163122 -0.162691 -0.183171
0.198933 -0.163364 -0.162183 -0.183199
0.198905 -0.16345 -0.16188 -0.183463
0.198962 -0.163822 -0.161478 -0.183801
0.199274 -0.163789 -0.161478 -0.183801
0.199649 -0.164136 -0.161069 -0.184143
0.199649 -0.164136 -0.161069 -0.184143
0.20003 -0.16449 -0.160652 -0.184497
0.199926 -0.164615 -0.1603 -0.184349
0.200224 -0.16467 -0.160441 -0.184677
0.200616 -0.165041 -0.160498 -0.185096
0.200844 -0.165133 -0.160133 -0.184942
0.200816 -0.165228 -0.159792 -0.185234
0.200873 -0.165654 -0.159349 -0.18562
0.201221 -0.165613 -0.159349 -0.185619
0.202051 -0.166398 -0.158441 -0.186397
0.202051 -0.166398 -0.158441 -0.186397
0.202467 -0.166786 -0.157988 -0.186784
0.202333 -0.167024 -0.157763 -0.18698
0.202674 -0.166981 -0.157763 -0.18698
0.203089 -0.167369 -0.157314 -0.18737
0.203089 -0.167369 -0.157314 -0.18737
0.203505 -0.167755 -0.156864 -0.187758
0.203416 -0.167862 -0.156964 -0.187674
0.203378 -0.167994 -0.156639 -0.187953
0.203835 -0.168246 -0.156039 -0.188005
0.204136 -0.168339 -0.156184 -0.188345
0.204257 -0.16864 -0.156056 -0.188452
0.204564 -0.168731 -0.155722 -0.188739
0.204687 -0.169039 -0.155593 -0.188846
0.204907 -0.169241 -0.155356 -0.18905
0.205221 -0.169328 -0.155013 -0.189333
0.205443 -0.169529 -0.154774 -0.189534
0.205443 -0.169529 -0.154774 -0.189534
0.206128 -0.170155 -0.154033 -0.190161
0.205988 -0.170418 -0.153782 -0.190365
0.206263 -0.170479 -0.15389 -0.190276
0.206592 -0.170568 -0.153531 -0.190567
0.207104 -0.170836 -0.152866 -0.190623
0.207062 -0.170993 -0.153024 -0.190996
0.207299 -0.171202 -0.152769 -0.191204
0.207779 -0.171629 -0.152252 -0.191628
0.207779 -0.171629 -0.152252 -0.191628
0.208064 -0.171681 -0.152357 -0.191543
0.208264 -0.172054 -0.151731 -0.192055
0.209004 -0.172699 -0.150937 -0.192699
0.209004 -0.172699 -0.150937 -0.192699
0.209298 -0.172738 -0.151032 -0.192624
0.209252 -0.17291 -0.151032 -0.192624
0.209749 -0.173333 -0.150142 -0.193332
0.21 -0.173546 -0.149875 -0.19355
0.21 -0.173546 -0.149875 -0.19355
0.209921 -0.173641 -0.149963 -0.193481
0.210423 -0.174069 -0.149428 -0.193903
0.210764 -0.174189 -0.149061 -0.194197
0.211023 -0.174403 -0.148785 -0.19441
0.211546 -0.174838 -0.148227 -0.194843
0.211461 -0.174939 -0.148321 -0.194771
0.21181 -0.175056 -0.147946 -0.195061
0.212608 -0.175705 -0.147992 -0.195505
0.212608 -0.175705 -0.147992 -0.195505
0.212608 -0.175705 -0.147992 -0.195505
0.213986 -0.176536 -0.146038 -0.196493
0.213934 -0.176749 -0.145701 -0.196752
0.214096 -0.177223 -0.145612 -0.197228
0.214096 -0.177223 -0.145151 -0.197155
0.214625 -0.17762 -0.144602 -0.197554
0.214986 -0.177548 -0.144602 -0.197554
0.215512 -0.177937 -0.144053 -0.197948
0.215512 -0.177937 -0.144053 -0.197948
0.217312 -0.179183 -0.143765 -0.199495
0.217312 -0.179183 -0.143765 -0.199495
0.218657 -0.180132 -0.14072 -0.200141
0.218657 -0.180132 -0.14072 -0.200141
0.219028 -0.180394 -0.14026 -0.200416
0.219585 -0.180762 -0.139581 -0.20079
0.219611 -0.180731 -0.139552 -0.200812
0.219769 -0.180862 -0.139609 -0.20095
0.220159 -0.181103 -0.138912 -0.201141
0.220131 -0.181268 -0.138626 -0.201101
0.220637 -0.181144 -0.138744 -0.201419
0.220596 -0.181324 -0.138463 -0.201366
0.221042 -0.181551 -0.13801 -0.201595
0.221042 -0.181551 -0.13801 -0.201595
0.221491 -0.181785 -0.137549 -0.201828
0.221491 -0.181785 -0.137549 -0.201828
0.221947 -0.182028 -0.137077 -0.202071
0.221947 -0.182028 -0.137077 -0.202071
0.222409 -0.182284 -0.136595 -0.202324
0.222409 -0.182284 -0.136595 -0.202324
0.22288 -0.182555 -0.136101 -0.202591
0.22288 -0.182555 -0.136101 -0.202591
0.22282 -0.182627 -0.136167 -0.202546
0.223358 -0.182841 -0.135596 -0.202874
0.223636 -0.182841 -0.135794 -0.203118
0.223772 -0.18324 -0.135161 -0.203119
0.224095 -0.183307 -0.134814 -0.203336
0.224264 -0.183569 -0.134638 -0.203435
0.224598 -0.183644 -0.134279 -0.203667
0.225109 -0.183996 -0.133735 -0.204012
0.225109 -0.183996 -0.133735 -0.204012
0.22525 -0.184458 -0.133184 -0.204376
0.22555 -0.184455 -0.133269 -0.204319
0.22551 -0.184649 -0.133269 -0.204319
0.226079 -0.184832 -0.132709 -0.204703
0.22695 -0.185354 -0.131787 -0.205362
0.22695 -0.185354 -0.131787 -0.205362
0.226889 -0.185429 -0.131364 -0.205214
0.226889 -0.185429 -0.131364 -0.205214
0.227749 -0.185976 -0.13095 -0.205981
0.227749 -0.185976 -0.13095 -0.205981
0.22765 -0.186294 -0.131001 -0.205949
0.228244 -0.186467 -0.130438 -0.206395
0.228244 -0.186467 -0.130438 -0.206395
0.228833 -0.18687 -0.129824 -0.206879
0.229387 -0.187341 -0.129252 -0.207349
0.229355 -0.18738 -0.129286 -0.207328
0.229665 -0.187582 -0.129286 -0.207327
0.230228 -0.188078 -0.128704 -0.207815
0.230228 -0.188078 -0.128386 -0.208085
0.230796 -0.188581 -0.127804 -0.208588
0.230783 -0.188597 -0.127818 -0.208579
0.231082 -0.188839 -0.127818 -0.208579
0.231729 -0.189001 -0.126928 -0.209373
0.231729 -0.189001 -0.126928 -0.209373
0.231729 -0.189001 -0.126928 -0.209373
0.232603 -0.189777 -0.12605 -0.210176
0.232526 -0.19017 -0.12605 -0.210176
0.232835 -0.190419 -0.125737 -0.210459
0.233111 -0.190715 -0.125463 -0.210722
0.233348 -0.191372 -0.124729 -0.210918
0.233348 -0.191372 -0.124874 -0.211278
0.23441 -0.191362 -0.124245 -0.21186
0.234587 -0.192113 -0.123848 -0.211765
0.234587 -0.192113 -0.123991 -0.212121
0.23553 -0.192902 -0.122817 -0.213258
0.235775 -0.193246 -0.122817 -0.213257
0.236366 -0.193806 -0.122592 -0.213906
0.236366 -0.193806 -0.122237 -0.213819
0.236952 -0.194359 -0.121536 -0.214059
0.236952 -0.194359 -0.121664 -0.214379
0.237226 -0.195004 -0.121097 -0.214931
0.237535 -0.194909 -0.121097 -0.214931
0.237824 -0.195183 -0.120816 -0.215205
0.237901 -0.19509 -0.120412 -0.215172
0.23869 -0.195991 -0.120284 -0.216094
0.23869 -0.195991 -0.120284 -0.216094
0.239829 -0.197046 -0.119168 -0.217147
0.239829 -0.197045 -0.119168 -0.217147
0.240195 -0.197192 -0.118507 -0.217381
0.240388 -0.197557 -0.118334 -0.217586
0.240945 -0.198062 -0.117797 -0.218091
0.240945 -0.198062 -0.117797 -0.218091
0.241499 -0.198559 -0.117266 -0.218585
0.241499 -0.198559 -0.117266 -0.218585
0.242049 -0.199045 -0.117004 -0.219145
0.242049 -0.199045 -0.117004 -0.219145
0.242325 -0.19962 -0.116738 -0.219695
0.242597 -0.199532 -0.116738 -0.219695
0.242978 -0.199074 -0.115792 -0.219781
0.242978 -0.199074 -0.115792 -0.219781
0.243885 -0.200231 -0.114709 -0.220546
0.243885 -0.200231 -0.114709 -0.220546
0.244917 -0.20178 -0.113679 -0.221795
0.244917 -0.20178 -0.113679 -0.221795
0.245448 -0.201785 -0.113402 -0.222271
0.245448 -0.201785 -0.113402 -0.222271
0.245868 -0.202585 -0.112708 -0.222614
0.245868 -0.202585 -0.112708 -0.222614
0.246631 -0.203184 -0.11211 -0.223077
0.246631 -0.203184 -0.11211 -0.223077
0.246631 -0.203184 -0.11211 -0.223077
0.247374 -0.203763 -0.11127 -0.223801
0.247374 -0.203763 -0.11127 -0.223801
0.247374 -0.203763 -0.11127 -0.223801
0.247624 -0.203964 -0.111035 -0.223991
0.24773 -0.203836 -0.111001 -0.22426
0.248129 -0.204373 -0.110558 -0.224401
0.248384 -0.204583 -0.11044 -0.224459
0.248899 -0.205006 -0.109954 -0.224874
0.248899 -0.205006 -0.109829 -0.225027
0.249274 -0.205081 -0.109336 -0.225461
0.249422 -0.205445 -0.109336 -0.225461
0.249808 -0.205519 -0.108953 -0.22575
0.249952 -0.2059 -0.108836 -0.225915
0.250489 -0.206372 -0.108441 -0.226216
0.250489 -0.206372 -0.108333 -0.226382
0.251033 -0.206861 -0.107825 -0.226872
0.251033 -0.206861 -0.107825 -0.226871
0.25146 -0.206924 -0.107313 -0.227377
0.25146 -0.206924 -0.107313 -0.227377
0.251862 -0.207622 -0.107056 -0.227634
0.252142 -0.207891 -0.106797 -0.227898
0.252831 -0.207859 -0.106345 -0.228257
0.252705 -0.208424 -0.10628 -0.228434
0.253627 -0.209615 -0.105359 -0.229588
0.253846 -0.209538 -0.105243 -0.229552
0.254346 -0.209556 -0.104749 -0.229945
0.254416 -0.210103 -0.104649 -0.229914
0.255133 -0.210039 -0.104143 -0.230498
0.254985 -0.210677 -0.104143 -0.230498
0.255268 -0.210961 -0.103968 -0.230988
0.25535 -0.211329 -0.103784 -0.231302
0.255833 -0.211544 -0.103466 -0.231571
0.255921 -0.211912 -0.103268 -0.231881
0.256397 -0.212131 -0.102969 -0.232158
0.256679 -0.212432 -0.102722 -0.232455
0.258454 -0.214947 -0.100581 -0.235047
0.258454 -0.214947 -0.100581 -0.235047
0.258549 -0.215437 -0.100123 -0.235582
0.258549 -0.215437 -0.100123 -0.235582
0.258673 -0.216078 -0.0996632 -0.236106
0.258652 -0.216101 -0.0996632 -0.236106
0.258893 -0.215814 -0.0993991 -0.236221
0.259095 -0.216843 -0.0989725 -0.236865
0.25929 -0.217087 -0.0987604 -0.237119
0.25929 -0.217087 -0.0987431 -0.237114
0.259561 -0.217634 -0.0982883 -0.237607
0.259946 -0.217287 -0.0980127 -0.237724
0.26009 -0.217233 -0.0980628 -0.237852
0.2606 -0.217155 -0.0975523 -0.238214
0.260431 -0.218317 -0.0976161 -0.238336
0.260785 -0.21886 -0.0970957 -0.238701
0.260943 -0.218802 -0.0971755 -0.238818
0.261634 -0.218643 -0.0966762 -0.239278
0.26196 -0.219762 -0.0963102 -0.239781
0.26196 -0.219762 -0.0963102 -0.239781
0.26196 -0.219762 -0.0963102 -0.239781
0.262647 -0.219587 -0.0958857 -0.240259
0.262463 -0.220227 -0.0958857 -0.240259
0.262968 -0.220723 -0.0954648 -0.240744
0.262968 -0.220723 -0.0954648 -0.240744
0.263473 -0.221216 -0.095047 -0.241234
0.263473 -0.221216 -0.095047 -0.241234
0.263865 -0.22176 -0.0944712 -0.241678
0.263979 -0.221718 -0.0946312 -0.241734
0.264709 -0.221498 -0.0942165 -0.242246
0.264488 -0.222231 -0.0942165 -0.242246
0.265002 -0.222758 -0.0937917 -0.242744
0.265002 -0.222758 -0.0937917 -0.242744
0.266568 -0.224397 -0.0925491 -0.244441
0.266568 -0.224397 -0.0925491 -0.244441
0.267046 -0.224956 -0.0921326 -0.245003
0.267046 -0.224956 -0.0921326 -0.245003
0.267677 -0.224753 -0.0914829 -0.245449
0.267677 -0.224753 -0.0914829 -0.245449
0.268317 -0.224567 -0.090834 -0.245898
0.267948 -0.226071 -0.090834 -0.245898
0.268642 -0.226128 -0.0904692 -0.24683
0.268642 -0.226128 -0.0904692 -0.24683
0.268642 -0.226128 -0.0904692 -0.24683
0.269175 -0.22698 -0.0898323 -0.247651
0.269019 -0.227744 -0.090075 -0.247762
0.269019 -0.227744 -0.090075 -0.247762
0.269695 -0.227516 -0.089162 -0.248096
0.270036 -0.228865 -0.0892775 -0.248876
0.270036 -0.228865 -0.0892775 -0.248876
0.270288 -0.22914 -0.0887809 -0.249057
0.270288 -0.22914 -0.0890825 -0.24916
0.270791 -0.229711 -0.0886981 -0.249727
0.270791 -0.229711 -0.0886981 -0.249727
0.271292 -0.23029 -0.0883227 -0.250303
0.27181 -0.229685 -0.0877593 -0.250505
0.271883 -0.229655 -0.0877388 -0.250443
0.272044 -0.231189 -0.0877724 -0.251191
0.272044 -0.231189 -0.0877724 -0.251191
0.272547 -0.231801 -0.0874115 -0.251804
0.272547 -0.231801 -0.0874115 -0.251804
0.273051 -0.232416 -0.087054 -0.252432
0.273661 -0.231703 -0.0863908 -0.252664
0.273661 -0.231703 -0.0863908 -0.252664
0.273814 -0.23338 -0.0865221 -0.253402
0.274453 -0.232633 -0.0858266 -0.253643
0.274069 -0.233709 -0.0863457 -0.253732
0.274583 -0.234386 -0.0859936 -0.254399
0.274583 -0.234386 -0.0859936 -0.254399
0.275522 -0.233927 -0.0850772 -0.254996
0.275101 -0.235076 -0.0856884 -0.255235
0.276062 -0.234599 -0.0847033 -0.255699
0.275624 -0.235778 -0.08529 -0.255795
0.27615 -0.236495 -0.0849387 -0.256515
0.27615 -0.236495 -0.0849387 -0.256515
0.277216 -0.23597 -0.0839699 -0.257143
0.277216 -0.23597 -0.0839699 -0.257143
0.277387 -0.238291 -0.0840678 -0.258356
0.278479 -0.238198 -0.08293 -0.25935
0.278455 -0.238207 -0.0835975 -0.259618
0.278003 -0.239755 -0.0833763 -0.25983
0.278723 -0.238922 -0.082594 -0.260085
0.27884 -0.239678 -0.082256 -0.260806
0.278195 -0.24087 -0.082908 -0.26107
0.278933 -0.240412 -0.082519 -0.261633
0.278353 -0.241598 -0.082519 -0.261633
0.279185 -0.241111 -0.0815544 -0.262249
0.27858 -0.242325 -0.0815544 -0.262249
0.279474 -0.241813 -0.0812015 -0.262968
0.278842 -0.243057 -0.0812015 -0.262968
0.279174 -0.243779 -0.0808541 -0.263684
0.279257 -0.243749 -0.0815309 -0.263771
0.280096 -0.242838 -0.0806273 -0.263819
0.280355 -0.245734 -0.080627 -0.265873
0.280421 -0.245924 -0.0804789 -0.266209
0.280422 -0.245932 -0.080479 -0.266209
0.280496 -0.246431 -0.0801771 -0.266873
0.281249 -0.24558 -0.0793604 -0.267123
0.28051 -0.246782 -0.0800245 -0.267202
0.280479 -0.247697 -0.0797204 -0.267847
0.280479 -0.247697 -0.0797205 -0.267847
0.28195 -0.246467 -0.0779165 -0.268668
0.28195 -0.246465 -0.0794168 -0.269297
0.28047 -0.248764 -0.0792814 -0.268802
0.280563 -0.249399 -0.0789956 -0.269412
0.280563 -0.249399 -0.0789956 -0.269412
0.280943 -0.250016 -0.0787184 -0.270019
0.280943 -0.250016 -0.0787184 -0.27002
0.281856 -0.251203 -0.0782582 -0.271225
0.281856 -0.251203 -0.0782582 -0.271225
0.282031 -0.251477 -0.0781376 -0.271526
0.282166 -0.25175 -0.0780205 -0.271814
0.282264 -0.252144 -0.0779069 -0.272093
0.283365 -0.251324 -0.0767927 -0.272669
0.282635 -0.252639 -0.0776885 -0.272653
0.283569 -0.251596 -0.0776953 -0.273376
0.283468 -0.253732 -0.0773992 -0.27424
0.284607 -0.252591 -0.0763525 -0.274537
0.283645 -0.253987 -0.0761187 -0.27359
0.2846 -0.252922 -0.0750876 -0.27388
0.284663 -0.252901 -0.0761519 -0.274338
0.28477 -0.253111 -0.07606 -0.274614
0.283997 -0.25508 -0.0768017 -0.275093
0.284987 -0.253979 -0.0757315 -0.275394
0.284208 -0.255374 -0.076833 -0.275866
0.285471 -0.254464 -0.0754869 -0.27594
0.285754 -0.254359 -0.0765943 -0.275882
0.285925 -0.254936 -0.0753518 -0.276497
0.285027 -0.256415 -0.0752091 -0.275869
0.285204 -0.25665 -0.0764283 -0.276693
0.286509 -0.255643 -0.0762967 -0.277213
0.285395 -0.257095 -0.0762966 -0.277213
0.286424 -0.256156 -0.0749823 -0.278046
0.287513 -0.254939 -0.073797 -0.27837
0.287513 -0.254939 -0.073797 -0.27837
0.287513 -0.254939 -0.073797 -0.27837
0.28632 -0.256033 -0.0746814 -0.27971
0.28632 -0.256033 -0.0746814 -0.27971
0.291199 -0.250461 -0.0722278 -0.284788
0.291259 -0.250432 -0.0724774 -0.284917
0.292014 -0.249629 -0.0720577 -0.285409
0.291982 -0.249767 -0.0720577 -0.285409
0.292502 -0.249295 -0.0713725 -0.285767
0.292675 -0.249225 -0.0713683 -0.28575
0.293292 -0.248753 -0.0709647 -0.286237
0.293291 -0.248752 -0.0714565 -0.28631
0.294085 -0.247921 -0.0716199 -0.287004
0.293824 -0.248288 -0.0715654 -0.28673
0.294263 -0.247844 -0.0710708 -0.287098
0.294295 -0.247832 -0.0718522 -0.287133
0.294722 -0.247388 -0.0722353 -0.287509
0.294722 -0.247388 -0.0722353 -0.287509
0.295522 -0.246463 -0.0727641 -0.287856
0.295135 -0.246932 -0.0727641 -0.287856
0.295296 -0.246704 -0.0730726 -0.28803
0.295658 -0.246214 -0.0725946 -0.287859
0.295658 -0.246214 -0.0737818 -0.288352
0.296035 -0.245648 -0.0744774 -0.288656
0.296035 -0.245648 -0.0744774 -0.288656
0.296784 -0.244634 -0.0752028 -0.288942
0.296443 -0.245042 -0.0752028 -0.288942
0.29696 -0.244371 -0.0748028 -0.289291
0.296888 -0.244402 -0.0748028 -0.289291
0.297126 -0.244055 -0.0763762 -0.28934
0.297955 -0.242935 -0.0772815 -0.28958
0.297955 -0.242935 -0.0772815 -0.28958
0.298534 -0.242019 -0.0784189 -0.289933
0.298534 -0.242019 -0.0784189 -0.289933
0.299859 -0.240263 -0.0794078 -0.290235
0.299616 -0.240551 -0.0794078 -0.290235
0.300018 -0.240015 -0.0797347 -0.290338
0.300436 -0.239464 -0.0801102 -0.290424
0.301583 -0.238029 -0.0796679 -0.290759
0.301359 -0.238293 -0.0809821 -0.290593
0.302522 -0.236808 -0.0805284 -0.290937
0.302311 -0.237048 -0.0818391 -0.290755
0.302835 -0.236383 -0.0822514 -0.290835
0.303955 -0.234986 -0.0831127 -0.290975
0.303955 -0.234986 -0.0831127 -0.290975
0.304551 -0.23425 -0.0835158 -0.291043
0.306737 -0.231521 -0.0804277 -0.289751
0.306737 -0.231521 -0.0804277 -0.289751
0.310101 -0.227373 -0.0852139 -0.291585
0.31075 -0.226508 -0.0843775 -0.291839
0.310764 -0.22649 -0.0842628 -0.291309
0.311577 -0.225531 -0.0853332 -0.291713
0.312697 -0.224399 -0.0855029 -0.291759
0.314238 -0.222416 -0.0847833 -0.292098
0.314359 -0.222361 -0.0860066 -0.291862
0.315213 -0.221308 -0.0850634 -0.292147
0.316972 -0.21913 -0.086977 -0.292
0.316972 -0.21913 -0.086977 -0.292
0.317879 -0.21802 -0.0860102 -0.292298
0.319541 -0.215852 -0.0865379 -0.292399
0.319741 -0.215746 -0.0878435 -0.292118
0.321442 -0.213479 -0.0871509 -0.292475
0.321651 -0.213371 -0.0885658 -0.292184
0.322628 -0.21215 -0.088949 -0.292222
0.326704 -0.207046 -0.090464 -0.292349
0.327434 -0.205929 -0.089435 -0.292676
0.327434 -0.205929 -0.089435 -0.292676
0.331967 -0.20044 -0.0873275 -0.291466
0.331967 -0.20044 -0.0873275 -0.291466
0.332683 -0.199291 -0.0913441 -0.292639
0.334762 -0.196579 -0.0904103 -0.293046
0.335081 -0.196386 -0.0915909 -0.292749
0.33713 -0.193612 -0.0918709 -0.292863
0.33713 -0.193612 -0.0918709 -0.292863
0.338892 -0.190929 -0.0908936 -0.29329
0.339179 -0.190751 -0.0922119 -0.292983
0.341251 -0.187779 -0.092635 -0.293104
0.341251 -0.187779 -0.092635 -0.293104
0.343049 -0.184915 -0.0915233 -0.292852
0.343341 -0.18472 -0.0930727 -0.293239
0.345877 -0.180449 -0.0909314 -0.294063
0.345877 -0.180449 -0.0909314 -0.294063
0.345877 -0.180449 -0.0909314 -0.294063
0.347756 -0.178147 -0.0941886 -0.29487
0.349571 -0.175147 -0.0944034 -0.294354
0.349571 -0.175147 -0.0944034 -0.294354
0.351438 -0.171996 -0.0950857 -0.295238
0.351438 -0.171996 -0.0950857 -0.295238
0.35472 -0.167455 -0.0940098 -0.295079
0.35472 -0.167455 -0.0953805 -0.294072
0.356651 -0.164022 -0.0944642 -0.294581
0.356651 -0.164022 -0.0944642 -0.294581
0.358389 -0.161505 -0.0966305 -0.29433
0.360274 -0.158059 -0.0957732 -0.294859
0.363035 -0.153352 -0.0982223 -0.294716
0.364255 -0.151356 -0.0967597 -0.29451
0.367 -0.146617 -0.0990733 -0.295077
0.367611 -0.146091 -0.0990733 -0.295077
0.369673 -0.141976 -0.0996388 -0.295321
0.369673 -0.141976 -0.0996388 -0.295321
0.370914 -0.138827 -0.097059 -0.296202
0.370914 -0.138827 -0.097059 -0.296202
0.377327 -0.127876 -0.0996845 -0.295976
0.378017 -0.127018 -0.101443 -0.2962
0.380486 -0.122081 -0.102077 -0.296542
0.380486 -0.122081 -0.102077 -0.296542
0.382217 -0.117977 -0.100974 -0.296708
0.382317 -0.117662 -0.102729 -0.296894
0.384105 -0.114503 -0.103062 -0.297076
0.38529 -0.111912 -0.101763 -0.297536
0.386464 -0.109299 -0.103749 -0.29744
0.38879 -0.103962 -0.104457 -0.297825
0.38879 -0.103962 -0.104457 -0.297825
0.390987 -0.0988447 -0.103333 -0.298093
0.391073 -0.0985029 -0.105186 -0.298218
0.392635 -0.0939571 -0.106106 -0.299011
0.393315 -0.0928732 -0.10594 -0.298608
0.395531 -0.087058 -0.106893 -0.299399
0.395531 -0.087058 -0.106728 -0.299007
0.39663 -0.0840858 -0.107125 -0.299215
0.397028 -0.0822387 -0.105704 -0.299736
0.398805 -0.0779823 -0.107958 -0.299621
0.40129 -0.0697991 -0.107381 -0.300561
0.40129 -0.0697991 -0.107381 -0.300561
0.40507 -0.0588029 -0.11052 -0.300942
0.40507 -0.0588029 -0.11052 -0.300942
0.406995 -0.0523073 -0.111388 -0.301429
0.406995 -0.0523073 -0.111388 -0.301429
0.408133 -0.0472495 -0.110482 -0.30218
0.408804 -0.0457888 -0.112353 -0.302091
0.410493 -0.0392134 -0.113172 -0.30244
0.410493 -0.0392134 -0.113172 -0.30244
0.411474 -0.0335875 -0.112221 -0.303108
0.411472 -0.0335853 -0.112221 -0.303108
0.412958 -0.0273735 -0.113192 -0.303757
0.412957 -0.0273727 -0.113192 -0.303757
0.414243 -0.0224325 -0.115507 -0.303769
0.414905 -0.0189928 -0.115992 -0.304032
0.415543 -0.0155402 -0.116481 -0.30431
0.41612 0.00206769 -0.11999 -0.306384
0.416108 0.0037673 -0.118732 -0.306881
0.420415 0.0185137 -0.119971 -0.307451
0.420404 0.0185218 -0.121586 -0.307381
0.421121 0.0236727 -0.122607 -0.308085
0.421057 0.0241222 -0.122607 -0.308085
0.421127 0.0289147 -0.123445 -0.308568
0.421457 0.0303928 -0.123621 -0.308822
0.421643 0.0332319 -0.124128 -0.309197
0.421567 0.0379314 -0.124968 -0.309663
0.421905 0.0388748 -0.125146 -0.309948
0.422181 0.0439609 -0.124801 -0.311024
0.422078 0.0444366 -0.126182 -0.310679
0.422261 0.0495124 -0.125877 -0.311787
0.422149 0.0499985 -0.127326 -0.311404
0.42208 0.0584551 -0.129292 -0.312447
0.421877 0.0599032 -0.128215 -0.312893
0.422149 0.0608274 -0.128469 -0.313221
0.422031 0.0612791 -0.129944 -0.312786
0.421732 0.0655908 -0.131064 -0.313102
0.421842 0.066996 -0.131361 -0.31344
0.421397 0.0758789 -0.132238 -0.314898
0.421397 0.0758789 -0.132238 -0.314898
0.421397 0.0758789 -0.132238 -0.314898
0.420809 0.0849252 -0.136283 -0.31522
0.420508 0.0864033 -0.135172 -0.3157
0.420561 0.0879676 -0.137106 -0.315498
0.420561 0.0879676 -0.137106 -0.315498
0.420059 0.0899767 -0.135998 -0.315979
0.419638 0.0956214 -0.137666 -0.31652
0.41925 0.100533 -0.140637 -0.316528
0.41925 0.100533 -0.140637 -0.316528
0.418873 0.103765 -0.141587 -0.316767
0.418486 0.106997 -0.142509 -0.317001
0.414029 0.12074 -0.138308 -0.323127
0.414029 0.12074 -0.138308 -0.323127
0.412093 0.14371 -0.149008 -0.320267
0.412093 0.14371 -0.149008 -0.320267
0.410646 0.151428 -0.153053 -0.320345
0.410646 0.151428 -0.153053 -0.320345
0.40949 0.155896 -0.154011 -0.320796
0.40949 0.155896 -0.154011 -0.320796
0.408881 0.157244 -0.154032 -0.320727
0.40796 0.161004 -0.154188 -0.321579
0.407705 0.162157 -0.155265 -0.321462
0.405312 0.168566 -0.156006 -0.322448
0.405297 0.169987 -0.157249 -0.322339
0.403175 0.176286 -0.158352 -0.323298
0.40291 0.177269 -0.159596 -0.323187
0.402007 0.179749 -0.159552 -0.323712
0.401984 0.180351 -0.160789 -0.323601
0.401139 0.18236 -0.161389 -0.323807
0.40054 0.183467 -0.160764 -0.324118
0.39989 0.185699 -0.162599 -0.324212
0.39889 0.188678 -0.16382 -0.32462
0.398599 0.189049 -0.16382 -0.32462
0.39729 0.192408 -0.165054 -0.325026
0.39729 0.192408 -0.165055 -0.325026
0.396308 0.194765 -0.165101 -0.325522
0.395903 0.195828 -0.166308 -0.325433
0.39488 0.19821 -0.166381 -0.325922
0.394452 0.199334 -0.166988 -0.32624
0.393404 0.201748 -0.16767 -0.326323
0.393335 0.202478 -0.168232 -0.325929
0.392175 0.204748 -0.169533 -0.326453
0.390563 0.208452 -0.170871 -0.326884
0.390563 0.208452 -0.170871 -0.326884
0.388892 0.2122 -0.171021 -0.32738
0.388897 0.212198 -0.17224 -0.327328
0.387734 0.214663 -0.172417 -0.327833
0.387156 0.215982 -0.173152 -0.328166
0.386272 0.217878 -0.17436 -0.328044
0.384915 0.221223 -0.175359 -0.328907
0.384915 0.221223 -0.175359 -0.328907
0.381066 0.228174 -0.178844 -0.329665
0.379559 0.232133 -0.179145 -0.330236
0.379559 0.232133 -0.179145 -0.330236
0.379108 0.232544 -0.180408 -0.3303
0.377921 0.234721 -0.181104 -0.330589
0.377444 0.235146 -0.182001 -0.33092
0.376066 0.23805 -0.182362 -0.331485
0.375402 0.239234 -0.183618 -0.331586
0.37446 0.240874 -0.184437 -0.331928
0.372723 0.243361 -0.186097 -0.332648
0.372544 0.244117 -0.186097 -0.332648
0.370617 0.247283 -0.187572 -0.333586
0.370617 0.247283 -0.187572 -0.333586
0.366979 0.253242 -0.191256 -0.334983
0.366116 0.254617 -0.190911 -0.33518
0.36611 0.254619 -0.192139 -0.335414
0.365226 0.255959 -0.192925 -0.335932
0.362544 0.259783 -0.195748 -0.337242
0.362544 0.259783 -0.195748 -0.337242
0.361891 0.260382 -0.195479 -0.337396
0.361711 0.26099 -0.196667 -0.337712
0.360582 0.262927 -0.19737 -0.338332
0.360582 0.262927 -0.198538 -0.338727
0.359183 0.264407 -0.199488 -0.339266
0.359065 0.264578 -0.200451 -0.339835
0.35748 0.266536 -0.201424 -0.340399
0.356647 0.267557 -0.20241 -0.341002
0.356647 0.267557 -0.20241 -0.341002
0.35435 0.270419 -0.20543 -0.342862
0.35435 0.270419 -0.20543 -0.342862
0.353619 0.271304 -0.206458 -0.343535
0.350745 0.274494 -0.210704 -0.346437
0.350157 0.2752 -0.211791 -0.347185
0.349719 0.275755 -0.212985 -0.347878
0.349713 0.275757 -0.21298 -0.34788
0.348578 0.277057 -0.215098 -0.349525
0.347542 0.278103 -0.217346 -0.351192
0.347542 0.278103 -0.217346 -0.351192
0.346599 0.279025 -0.219624 -0.352902
0.346599 0.279025 -0.219624 -0.352902
0.345695 0.279831 -0.221941 -0.354676
0.345698 0.27983 -0.221941 -0.354676
0.342952 0.282046 -0.238958 -0.368883
0.342952 0.282046 -0.238958 -0.368883
0.342952 0.282046 -0.238958 -0.368883
0.342952 0.282046 -0.238958 -0.368883
0.343351 0.280749 -0.241605 -0.37198
0.343367 0.280707 -0.241939 -0.372724
0.343356 0.280432 -0.242899 -0.373697
0.343356 0.280432 -0.242899 -0.373697
0.343497 0.280087 -0.243728 -0.374091
0.343237 0.280217 -0.244072 -0.374828
0.342983 0.280039 -0.245831 -0.376544
0.34298 0.280041 -0.245812 -0.37655
0.34267 0.279928 -0.247743 -0.378655
0.34267 0.279928 -0.247743 -0.378655
0.342741 0.279667 -0.249042 -0.379492
0.342627 0.279512 -0.249969 -0.380627
0.342134 0.279857 -0.249969 -0.380627
0.341669 0.279837 -0.252396 -0.384851
0.341662 0.27984 -0.252395 -0.384852
0.341213 0.279608 -0.255787 -0.389136
0.340739 0.279835 -0.256427 -0.389959
0.341017 0.279304 -0.258237 -0.389928
0.340419 0.279769 -0.258791 -0.390922
0.340159 0.279523 -0.261182 -0.392161
0.340701 0.278861 -0.26197 -0.39162
0.340044 0.279339 -0.26239 -0.392822
0.340605 0.278321 -0.264548 -0.392866
0.340605 0.278321 -0.264548 -0.392866
0.340762 0.277177 -0.267151 -0.394259
0.340762 0.277177 -0.267151 -0.394259
0.340838 0.276498 -0.269831 -0.395769
0.340133 0.276955 -0.2678 -0.397621
0.34056 0.275519 -0.272585 -0.397418
0.340466 0.275689 -0.272548 -0.399343
0.341024 0.274144 -0.275249 -0.401355
0.341024 0.274144 -0.275256 -0.401353
0.342482 0.271902 -0.275501 -0.403745
0.342427 0.272043 -0.278039 -0.403534
0.342427 0.272043 -0.278039 -0.403534
0.343325 0.269156 -0.282337 -0.407013
0.343325 0.269156 -0.282337 -0.407013
0.344557 0.266708 -0.285258 -0.409474
0.344557 0.266708 -0.285258 -0.409474
0.346553 0.263647 -0.288206 -0.412011
0.346553 0.263647 -0.288206 -0.412011
0.347499 0.261115 -0.292341 -0.409022
0.348829 0.259363 -0.293266 -0.412977
0.348376 0.259575 -0.289529 -0.416235
0.349948 0.256551 -0.296162 -0.41551
0.351338 0.254634 -0.296267 -0.419619
0.351338 0.254634 -0.296267 -0.419619
0.354882 0.24877 -0.301756 -0.420092
0.354882 0.24877 -0.301756 -0.420092
0.354882 0.24877 -0.301756 -0.420092
0.357334 0.24246 -0.301842 -0.423753
0.357334 0.24246 -0.301842 -0.423753
0.359682 0.236781 -0.305352 -0.42537
0.359249 0.23658 -0.302309 -0.427873
0.359249 0.23658 -0.302309 -0.427873
0.360734 0.232753 -0.303416 -0.429026
0.361847 0.231043 -0.305471 -0.427535
0.362085 0.228872 -0.30447 -0.430161
0.362085 0.228872 -0.30447 -0.430161
0.365207 0.220752 -0.308745 -0.430039
0.36471 0.221028 -0.308745 -0.430039
0.367571 0.215154 -0.311986 -0.429256
0.366743 0.215169 -0.30715 -0.433065
0.367738 0.213489 -0.309152 -0.431609
0.367393 0.213225 -0.309946 -0.431464
0.368456 0.209308 -0.308429 -0.433843
0.368456 0.209308 -0.308429 -0.433843
0.369371 0.20536 -0.3092 -0.434272
0.370315 0.203676 -0.311201 -0.432812
0.36983 0.203376 -0.309546 -0.434463
0.370721 0.199378 -0.310195 -0.434867
0.370721 0.199378 -0.310195 -0.434867
0.370721 0.199378 -0.310195 -0.434867
0.372897 0.191605 -0.312405 -0.434011
0.372416 0.191266 -0.310076 -0.435733
0.372416 0.191266 -0.310076 -0.435733
0.377775 0.171374 -0.314853 -0.433064
0.378101 0.170103 -0.316631 -0.431741
0.379629 0.162602 -0.317335 -0.431103
0.379629 0.162602 -0.316157 -0.431948
0.380298 0.159589 -0.317378 -0.430878
0.380298 0.159589 -0.317218 -0.430904
0.381287 0.15582 -0.318494 -0.430008
0.380889 0.15562 -0.318503 -0.43
0.381302 0.152087 -0.320797 -0.428153
0.381302 0.152087 -0.319521 -0.429068
0.381619 0.148463 -0.321811 -0.427236
0.381615 0.148467 -0.320386 -0.428243
0.382388 0.144988 -0.322605 -0.426452
0.381864 0.144726 -0.32107 -0.42754
0.382602 0.141156 -0.32479 -0.424654
0.382596 0.141163 -0.32478 -0.424656
0.382153 0.138855 -0.321816 -0.426651
0.382405 0.133472 -0.32573 -0.423485
0.382989 0.131808 -0.327592 -0.422019
0.382582 0.130572 -0.322363 -0.425698
0.382582 0.130572 -0.322363 -0.425698
0.382754 0.128446 -0.322503 -0.42543
0.38281 0.126304 -0.322617 -0.425181
0.382759 0.12515 -0.324488 -0.423727
0.382655 0.121948 -0.322571 -0.424686
0.382655 0.121948 -0.322571 -0.424686
0.382434 0.116246 -0.322351 -0.423988
0.382434 0.116246 -0.322351 -0.423988
0.38219 0.108229 -0.322962 -0.422188
0.382583 0.104176 -0.320905 -0.422889
0.382026 0.103543 -0.320417 -0.422946
0.381875 0.0988609 -0.319668 -0.42243
0.381875 0.0988609 -0.319668 -0.42243
0.381624 0.0942182 -0.318938 -0.421847
0.381624 0.0942182 -0.318938 -0.421847
0.381291 0.0896137 -0.318205 -0.421184
0.381689 0.0879262 -0.320089 -0.419726
0.381692 0.0879215 -0.319462 -0.419787
0.381085 0.0822279 -0.317685 -0.420031
0.380581 0.0827518 -0.317685 -0.420031
0.379945 0.078169 -0.316723 -0.419287
0.379945 0.078169 -0.316723 -0.419287
0.378853 0.06897 -0.314232 -0.417676
0.378853 0.06897 -0.314232 -0.417676
0.378583 0.0667046 -0.313849 -0.417201
0.378338 0.0617549 -0.313957 -0.4161
0.377918 0.0622414 -0.313095 -0.41614
0.377346 0.0589108 -0.313661 -0.414201
0.377094 0.0578373 -0.312274 -0.415018
0.376226 0.0534481 -0.311428 -0.413878
0.37646 0.0518 -0.313261 -0.412465
0.375779 0.0512571 -0.31098 -0.413283
0.37484 0.0468904 -0.311074 -0.412031
0.37484 0.0468904 -0.31005 -0.412039
0.374494 0.0430663 -0.31136 -0.40998
0.373695 0.0425367 -0.308952 -0.41073
0.373276 0.0386967 -0.310211 -0.40867
0.373276 0.0386967 -0.310211 -0.40867
0.371855 0.0299651 -0.309077 -0.407547
0.371855 0.0299651 -0.309077 -0.407547
0.372221 0.0250777 -0.314473 -0.403316
0.36926 0.0248639 -0.304739 -0.405374
0.368107 0.0206213 -0.304018 -0.40386
0.368107 0.0206213 -0.304018 -0.40386
0.366721 0.0164867 -0.30317 -0.402172
0.366789 0.0149134 -0.304918 -0.400822
0.366363 0.0138604 -0.302712 -0.401308
0.365333 0.0107898 -0.304016 -0.399106
0.364498 0.0103176 -0.30276 -0.399014
0.363728 0.00667808 -0.301644 -0.3972
0.363728 0.00667808 -0.301644 -0.3972
0.352275 -0.0318525 -0.308046 -0.378262
0.352275 -0.0318525 -0.303646 -0.377743
0.349412 -0.0423763 -0.312763 -0.368196
0.349412 -0.0423763 -0.312763 -0.368196
0.348686 -0.0449521 -0.315112 -0.365629
0.348515 -0.0462324 -0.316475 -0.364423
0.348252 -0.046206 -0.316173 -0.364321
0.347147 -0.0486731 -0.317922 -0.361655
0.346958 -0.0499918 -0.319311 -0.360407
0.346499 -0.0499266 -0.318607 -0.360328
0.345606 -0.0525665 -0.320473 -0.357775
0.345039 -0.052539 -0.319521 -0.357682
0.343354 -0.0553338 -0.319909 -0.355141
0.343123 -0.0567318 -0.321372 -0.353794
0.34245 -0.0568147 -0.319921 -0.35391
0.341267 -0.0597679 -0.320779 -0.351599
0.340506 -0.0599204 -0.319505 -0.351457
0.339197 -0.0629848 -0.31995 -0.349241
0.337233 -0.0649004 -0.317987 -0.347913
0.337233 -0.0649004 -0.317987 -0.347913
0.336758 -0.0658362 -0.319521 -0.346478
0.334645 -0.0699276 -0.318169 -0.344251
0.332609 -0.0720922 -0.314862 -0.34335
0.332609 -0.0720922 -0.314862 -0.34335
0.330202 -0.0762914 -0.312925 -0.341055
0.330029 -0.0757153 -0.312925 -0.341055
0.327316 -0.0793642 -0.310826 -0.338741
0.32695 -0.0808358 -0.31237 -0.33729
0.32695 -0.0808358 -0.312369 -0.337296
0.321669 -0.08671 -0.306338 -0.333992
0.321268 -0.0881588 -0.307865 -0.332557
0.320266 -0.0885492 -0.305255 -0.332807
0.320266 -0.0885492 -0.305255 -0.332807
0.317394 -0.0921284 -0.303045 -0.330303
0.317394 -0.0921284 -0.303045 -0.330303
0.31546 -0.0952629 -0.301645 -0.327155
0.31546 -0.0952629 -0.301645 -0.327155
0.311384 -0.0995083 -0.300066 -0.325342
0.311266 -0.0988925 -0.298378 -0.324903
0.308144 -0.102186 -0.296986 -0.321673
0.308144 -0.102186 -0.296986 -0.321673
0.304995 -0.105407 -0.293747 -0.319252
0.304995 -0.105407 -0.293747 -0.319252
0.302921 -0.108344 -0.291477 -0.316305
0.301821 -0.108542 -0.291476 -0.316309
0.29859 -0.111562 -0.290946 -0.31385
0.298591 -0.111564 -0.289253 -0.313291
0.296964 -0.113044 -0.28816 -0.311759
0.287494 -0.121765 -0.282322 -0.302595
0.287494 -0.121765 -0.282322 -0.302595
0.284743 -0.124639 -0.281183 -0.299791
0.284743 -0.124639 -0.281183 -0.299791
0.282076 -0.127293 -0.280286 -0.296826
0.282076 -0.127293 -0.280286 -0.296826
0.279403 -0.130189 -0.281147 -0.294003
0.279403 -0.130189 -0.281147 -0.294003
0.278824 -0.130889 -0.280755 -0.292458
0.2761 -0.133137 -0.279959 -0.289231
0.275305 -0.133054 -0.278283 -0.2888
0.272496 -0.135175 -0.277329 -0.285379
0.271904 -0.13634 -0.27857 -0.284142
0.271061 -0.136218 -0.276805 -0.283649
0.269017 -0.137806 -0.276134 -0.28009
0.268107 -0.138273 -0.275755 -0.280242
0.265028 -0.140911 -0.274508 -0.276702
0.265052 -0.140306 -0.274508 -0.276702
0.261955 -0.142372 -0.273116 -0.273121
0.261955 -0.142372 -0.273116 -0.273121
0.258828 -0.144447 -0.271608 -0.269516
0.258828 -0.144442 -0.271608 -0.269516
0.255659 -0.146479 -0.271525 -0.266657
0.255659 -0.146479 -0.271525 -0.266657
0.251705 -0.150109 -0.27101 -0.261777
0.251705 -0.150109 -0.27101 -0.261777
0.251705 -0.150109 -0.27101 -0.261777
0.247604 -0.151457 -0.266074 -0.256876
0.247604 -0.151457 -0.266074 -0.256876
0.245937 -0.152897 -0.266753 -0.255842
0.241131 -0.155115 -0.262881 -0.249323
0.24043 -0.156177 -0.262549 -0.247257
0.239516 -0.156006 -0.262083 -0.247436
0.238807 -0.157066 -0.263201 -0.246219
0.237943 -0.156936 -0.261361 -0.245631
0.23574 -0.158323 -0.26019 -0.241671
0.234721 -0.158618 -0.259811 -0.241814
0.225066 -0.163459 -0.255054 -0.230242
0.225066 -0.163459 -0.255054 -0.230242
0.217335 -0.168743 -0.254501 -0.221002
0.215435 -0.16987 -0.254985 -0.220043
0.215435 -0.16987 -0.254985 -0.220043
0.21437 -0.170235 -0.253398 -0.217371
0.213185 -0.170991 -0.2534 -0.215716
0.210806 -0.172331 -0.253448 -0.212283
0.210806 -0.172331 -0.253448 -0.212283
0.207148 -0.174177 -0.253378 -0.207348
0.20638 -0.175064 -0.254287 -0.206209
0.20638 -0.175064 -0.254287 -0.206209
0.20638 -0.175064 -0.254287 -0.206209
0.202647 -0.176941 -0.254139 -0.201136
0.20214 -0.176644 -0.252991 -0.200325
0.199504 -0.177713 -0.252591 -0.196574
0.199504 -0.177713 -0.252591 -0.196574
0.199504 -0.177713 -0.252591 -0.196574
0.195453 -0.17942 -0.251501 -0.191315
0.194648 -0.18027 -0.251329 -0.189405
0.191897 -0.181372 -0.251546 -0.186488
0.191307 -0.181037 -0.251354 -0.186563
0.189899 -0.18155 -0.249756 -0.183844
0.184182 -0.183553 -0.247699 -0.176338
0.183343 -0.184368 -0.2485 -0.175181
0.183343 -0.184368 -0.2485 -0.175181
0.181382 -0.184667 -0.246911 -0.172887
0.179991 -0.185182 -0.247436 -0.171837
0.178611 -0.185683 -0.246135 -0.169326
0.175854 -0.186605 -0.245312 -0.165651
0.175854 -0.186605 -0.245312 -0.165651
0.17295 -0.187782 -0.244719 -0.161948
0.173112 -0.187482 -0.244521 -0.162025
0.171045 -0.188373 -0.244658 -0.159151
0.170374 -0.188317 -0.243715 -0.158381
0.167638 -0.189108 -0.242884 -0.154714
0.166781 -0.189842 -0.243582 -0.153589
0.166944 -0.189561 -0.243582 -0.153589
0.164908 -0.189872 -0.242039 -0.151046
0.160821 -0.190941 -0.240684 -0.145477
0.160821 -0.190941 -0.240684 -0.145477
0.159473 -0.191324 -0.241142 -0.144429
0.159475 -0.191317 -0.240274 -0.143688
0.158138 -0.191698 -0.239919 -0.141962
0.155477 -0.192373 -0.239125 -0.138356
0.154603 -0.193054 -0.239751 -0.137247
0.154775 -0.192796 -0.239612 -0.137302
0.152834 -0.193016 -0.23831 -0.134721
0.151516 -0.193311 -0.238919 -0.133613
0.150201 -0.19361 -0.237461 -0.131063
0.147574 -0.194173 -0.236592 -0.127411
0.147574 -0.194173 -0.236592 -0.127411
0.145379 -0.195107 -0.235777 -0.123846
0.142772 -0.195643 -0.235937 -0.120977
0.142772 -0.195643 -0.235937 -0.120977
0.142772 -0.195643 -0.235937 -0.120977
0.139825 -0.195904 -0.234346 -0.116941
0.139825 -0.195904 -0.234346 -0.116941
0.131244 -0.198023 -0.232998 -0.105924
0.130335 -0.198599 -0.233482 -0.104829
0.130086 -0.198395 -0.232958 -0.104472
0.127838 -0.199126 -0.233367 -0.101961
0.127838 -0.199125 -0.232898 -0.101537
0.126739 -0.199456 -0.232843 -0.100029
0.124856 -0.200197 -0.232754 -0.0970165
0.124563 -0.200091 -0.232726 -0.0970289
0.122401 -0.2007 -0.233048 -0.0944518
0.122399 -0.200706 -0.232554 -0.0940113
0.121316 -0.20101 -0.232456 -0.0925079
0.119148 -0.201605 -0.232721 -0.0899426
0.119146 -0.201609 -0.232241 -0.0895165
0.118059 -0.201904 -0.232125 -0.0880275
0.116043 -0.202709 -0.232399 -0.0854556
0.11588 -0.20248 -0.231863 -0.0850422
0.113694 -0.203043 -0.23158 -0.0820757
0.113694 -0.203043 -0.23158 -0.0820757
0.111753 -0.203739 -0.231821 -0.079534
0.111754 -0.203737 -0.231819 -0.0795294
0.108387 -0.204709 -0.231513 -0.0753079
0.108387 -0.204709 -0.231513 -0.0753079
0.108387 -0.204709 -0.231513 -0.0753079
0.106105 -0.205169 -0.231409 -0.0726017
0.106105 -0.205169 -0.231047 -0.072356
0.102923 -0.20608 -0.231018 -0.0683733
0.102923 -0.20608 -0.231018 -0.0683733
0.101871 -0.206385 -0.231037 -0.06704
0.101871 -0.206385 -0.231012 -0.0670531
0.0997762 -0.207021 -0.23105 -0.0644801
0.0997775 -0.207018 -0.23105 -0.0644793
0.0988213 -0.207453 -0.231346 -0.0633885
0.0957539 -0.208401 -0.231321 -0.0595359
0.0957539 -0.208401 -0.231321 -0.0595359
0.0956591 -0.208348 -0.231321 -0.0595359
0.0916326 -0.209725 -0.232386 -0.0551595
0.0905737 -0.210205 -0.23208 -0.0536317
0.0905737 -0.210205 -0.23189 -0.0535932
0.0816881 -0.194079 -0.232839 -0.047306
0.0816881 -0.194079 -0.232839 -0.047306
0.0757523 -0.189616 -0.233343 -0.0446407
0.079681 -0.18734 -0.23336 -0.0446683
0.0779095 -0.188008 -0.234037 -0.0425522
0.0779095 -0.188008 -0.234037 -0.0425522
0.072908 -0.177269 -0.235093 -0.0409056
0.072908 -0.177269 -0.235093 -0.0409056
0.072908 -0.177269 -0.235093 -0.0409056
0.072908 -0.177269 -0.235093 -0.0409056
0.0732139 -0.177011 -0.235531 -0.0399274
0.073418 -0.176886 -0.235736 -0.0395173
0.0730572 -0.177013 -0.235813 -0.0390044
0.0663039 -0.16853 -0.236212 -0.0384603
0.0659521 -0.168645 -0.236288 -0.0379335
0.0659521 -0.168645 -0.236181 -0.0380559
0.0641502 -0.165863 -0.236414 -0.0378604
0.0627387 -0.16467 -0.2364 -0.0372309
0.0627387 -0.16467 -0.2364 -0.0372309
0.0609625 -0.162017 -0.236562 -0.0370648
0.0595795 -0.160869 -0.236645 -0.0362997
0.0595795 -0.160869 -0.236645 -0.0362997
0.0575024 -0.158409 -0.236859 -0.0356842
0.056779 -0.157122 -0.236519 -0.0361437
0.0547088 -0.154764 -0.236416 -0.0357305
0.0547088 -0.154764 -0.236416 -0.0357305
0.0533791 -0.153687 -0.236413 -0.0350398
0.0533791 -0.153687 -0.236543 -0.0351584
0.0516217 -0.151332 -0.236184 -0.0351606
0.0495741 -0.149105 -0.236195 -0.0345691
0.0495716 -0.149109 -0.235986 -0.0348106
0.0477182 -0.14691 -0.235716 -0.0344192
0.0475249 -0.146935 -0.235761 -0.0344824
0.0472603 -0.146997 -0.235864 -0.0340861
0.0459901 -0.145952 -0.235696 -0.033873
0.0444562 -0.143759 -0.235382 -0.034027
0.0442077 -0.143813 -0.235436 -0.0335863
0.0424082 -0.141695 -0.235107 -0.0337458
0.0403436 -0.139746 -0.234822 -0.0334962
0.0403436 -0.139746 -0.234822 -0.0334962
0.0382635 -0.13793 -0.234549 -0.0333626
0.0382635 -0.13793 -0.234549 -0.0333626
0.037224 -0.137041 -0.234414 -0.0333363
0.0359651 -0.136203 -0.234328 -0.0329193
0.0359651 -0.136203 -0.234328 -0.0329193
0.0340309 -0.134589 -0.234003 -0.0333728
0.0325515 -0.133043 -0.233981 -0.0331069
0.0325515 -0.133043 -0.233981 -0.0331069
0.0298281 -0.131514 -0.233416 -0.0335933
0.0298281 -0.131514 -0.233416 -0.0335933
0.025731 -0.129363 -0.233121 -0.0335312
0.0255955 -0.128773 -0.23277 -0.0339128
0.0222968 -0.127267 -0.232613 -0.0349622
0.0222968 -0.127267 -0.232613 -0.0349622
0.0192256 -0.126507 -0.232168 -0.0355041
0.0192256 -0.126507 -0.232168 -0.0355041
0.0170636 -0.126474 -0.231802 -0.0367062
0.0170636 -0.126474 -0.231802 -0.0367062
0.016074 -0.126641 -0.231868 -0.0376727
0.0149252 -0.126433 -0.231591 -0.0378477
0.0139467 -0.126617 -0.231653 -0.0388243
0.0139467 -0.126617 -0.231653 -0.0388243
0.011759 -0.126391 -0.231207 -0.0396048
0.0107933 -0.126605 -0.230904 -0.0407782
0.00967454 -0.12638 -0.230904 -0.0407782
0.00871623 -0.126615 -0.230926 -0.0417208
0.00761098 -0.126383 -0.230926 -0.0417208
0.00661693 -0.126449 -0.230399 -0.0426998
0.00556838 -0.1264 -0.230193 -0.0430777
0.00455501 -0.126413 -0.229995 -0.0436376
0.0045793 -0.126471 -0.230012 -0.0438107
0.00356829 -0.126487 -0.229523 -0.0446601
0.000566784 -0.126553 -0.228815 -0.0462474
0.000566784 -0.126553 -0.228815 -0.0462474
0.000566784 -0.126553 -0.228815 -0.0462474
-0.0023906 -0.126588 -0.228445 -0.0473347
-0.00336169 -0.126624 -0.228205 -0.0478277
-0.00331887 -0.126929 -0.227961 -0.0483116
-0.00432743 -0.126662 -0.227961 -0.0483116
-0.00529424 -0.126756 -0.22741 -0.0491798
-0.00624313 -0.126746 -0.227465 -0.0492511
-0.00818195 -0.126568 -0.227291 -0.0498595
-0.00813758 -0.126839 -0.22696 -0.0501525
-0.010056 -0.126661 -0.226729 -0.0506563
-0.0100108 -0.126939 -0.226447 -0.0510152
-0.0110116 -0.126759 -0.226298 -0.0515489
-0.0110116 -0.126759 -0.226298 -0.0515489
-0.014746 -0.126695 -0.226102 -0.052644
-0.014746 -0.126695 -0.226102 -0.052644
-0.0175393 -0.125929 -0.226425 -0.0529152
-0.0175393 -0.125929 -0.226425 -0.0529152
-0.0175008 -0.126567 -0.225665 -0.053416
-0.0185017 -0.126364 -0.225741 -0.0533869
-0.0185017 -0.126364 -0.225741 -0.0533869
-0.0209763 -0.12678 -0.225907 -0.0534842
-0.0218777 -0.126512 -0.224749 -0.0547998
-0.0236806 -0.125991 -0.223343 -0.0557245
-0.0236806 -0.125991 -0.223343 -0.0557245
-0.024581 -0.125736 -0.223436 -0.0557249
-0.0246631 -0.125762 -0.223648 -0.0558338
-0.0293353 -0.128481 -0.222521 -0.0569081
-0.0293353 -0.128481 -0.222521 -0.0569081
-0.0316666 -0.128736 -0.221313 -0.0577741
-0.0316666 -0.128736 -0.221313 -0.0577741
-0.0332472 -0.128891 -0.219608 -0.0586531
-0.033377 -0.128893 -0.219676 -0.0584949
-0.0340364 -0.128979 -0.219376 -0.0587897
