43.4404 42.4725 -43.5324 61.4034
44.1875 41.9584 -42.7566 60.9851
45.0021 41.4918 -42.015 60.6417
45.8069 41.0493 -41.2837 60.2927
47.3832 36.5546 -39.1937 55.7331
48.116 36.097 -39.2533 55.5073
48.8356 34.1775 -39.2328 54.9518
49.5139 29.8071 -39.4334 54.0507
50.4895 29.2914 -38.7753 52.4416
51.2342 24.2291 -39.0024 51.069
52.1154 23.7587 -38.3347 49.3119
53.1357 20.7098 -37.9313 47.5109
54.0402 17.6751 -37.608 47.3143
54.9072 14.5811 -37.4808 44.123
56.0194 13.9764 -36.4636 43.6275
56.3306 8.50432 -37.4165 40.9595
54.5411 3.70856 -38.687 38.5523
55.6502 3.10254 -37.6717 38.0558
54.129 0.82904 -37.6781 36.4537
45.656 -6.40713 -39.7231 31.0322
46.7598 -7.01571 -38.7106 30.5344
38.2803 -11.1322 -39.9655 25.8571
39.6302 -11.8723 -38.7034 25.2088
40.982 -12.6069 -37.444 24.5564
42.1832 -15.5127 -36.7371 22.3883
39.0798 -16.7271 -36.0164 20.3025
34.7525 -17.3782 -35.6276 18.6109
35.9479 -20.1832 -35.2142 16.7666
34.5128 -21.9078 -34.7416 14.9984
32.9593 -21.544 -33.4838 14.348
31.5135 -25.1713 -33.9982 11.6202
27.3511 -27.2589 -34.2614 8.90904
28.8915 -28.1103 -32.7881 8.114
20.8235 -27.7008 -34.0687 3.1011
22.3569 -28.5532 -32.5994 2.30117
22.5698 -29.1031 -31.0809 0.930054
22.8366 -29.6843 -32.4249 0.297423
22.6278 -29.8937 -30.9996 -1.34301
22.6157 -30.3979 -30.5532 -2.56296
22.246 -30.6081 -30.3601 -3.36148
22.1286 -31.1196 -30.0611 -4.28512
23.7685 -32.0358 -28.4656 -5.18081
23.309 -32.2944 -29.3816 -5.34996
21.4291 -32.1289 -30.4951 -5.74292
21.3731 -32.6088 -28.8683 -6.9774
21.3649 -33.0665 -28.5575 -7.50275
23.0478 -34.0088 -26.9088 -8.4446
18.52 -32.2325 -31.1144 -6.76932
18.5245 -32.5867 -29.4556 -7.60163
20.203 -33.5347 -27.8102 -8.54556
21.865 -34.67 -26.1653 -9.48819
20.6757 -34.3157 -27.1914 -8.97383
22.4783 -35.3135 -27.11 -9.29504
20.171 -33.7199 -26.7914 -8.96856
17.681 -31.7909 -26.6709 -8.17336
19.482 -32.7946 -26.6142 -8.48069
19.4836 -32.3601 -26.3824 -8.85684
19.2384 -31.6627 -24.5958 -9.9358
19.7229 -28.9865 -29.5564 -4.76672
21.5226 -29.9933 -27.7544 -5.8474
20.0624 -29.6576 -25.9525 -6.92808
16.1639 -23.0303 -30.824 -1.83392
18.0529 -24.063 -28.883 -3.04295
16.6522 -21.1248 -29.7763 -1.48357
18.5412 -22.1592 -27.8358 -2.69411
18.6954 -21.0371 -27.2211 -2.55668
20.5844 -22.0725 -25.281 -3.76809
18.8046 -18.796 -26.3265 -1.97109
20.7056 -19.8364 -24.3867 -3.18314
18.8261 -16.6611 -25.6778 -1.1005
16.6873 -14.6625 -27.3958 0.444279
18.7067 -14.478 -25.323 0.136818
18.7869 -13.5211 -24.927 0.476033
20.736 -14.5559 -22.8675 -0.861724
18.8057 -11.504 -24.4389 1.57876
18.7422 -10.4633 -24.2799 3.50388
20.6922 -11.5005 -22.2196 2.16406
18.7094 -8.66381 -24.102 3.61567
20.66 -9.70254 -22.0424 2.274
18.7547 -5.91706 -23.9557 5.05397
20.7066 -6.95822 -21.8959 3.71096
18.7051 -5.28779 -23.7804 6.43474
18.9239 -4.58811 -23.3123 6.65909
16.9595 -2.85397 -23.2532 8.55125
18.9397 -3.86576 -21.0893 7.08758
19.1249 -2.39926 -22.9204 8.54447
19.035 -2.52171 -20.6508 8.33249
12.1877 4.61528 -30.3777 17.1404
14.1706 3.59849 -28.2132 15.6695
14.7654 3.85471 -27.3611 15.4185
16.7485 2.83718 -25.1965 13.9468
13.071 7.06336 -28.8921 17.9861
13.7311 6.67174 -27.9133 17.4576
14.5586 6.63127 -26.7494 16.772
15.4037 6.43538 -25.9017 16.5756
16.3103 6.18343 -24.7706 15.8446
17.062 6.01212 -24.0062 15.6257
17.9175 5.61783 -23.0717 15.0355
18.6041 5.29615 -20.8087 13.4418
19.4082 4.77367 -21.8009 14.5697
20.04 4.34948 -23.4225 16.3448
22.0177 3.40412 -21.151 14.7203
21.2978 3.07108 -20.619 14.3828
23.2548 2.19001 -18.291 12.6725
25.2119 1.31087 -15.8528 12.2147
23.2537 1.88076 -17.1579 13.1389
19.7206 1.38974 -25.4343 19.0181
21.6336 0.0986689 -23.106 17.3029
21.5197 -0.281501 -23.8725 17.7515
22.3553 -1.01015 -23.2922 17.5019
24.3096 -1.89659 -20.964 15.7847
25.0423 -3.50452 -21.823 16.7623
25.9388 -3.84129 -21.1585 15.7456
24.5492 -4.12818 -22.0378 16.1654
26.4493 -4.89984 -19.6478 14.3307
28.349 -5.67498 -17.256 12.4991
30.2487 -6.45013 -14.8002 11.3517
29.0053 -7.25428 -17.211 12.2064
29.4565 -7.89748 -19.7091 13.6088
31.3544 -8.67468 -17.2502 12.4682
30.2678 -9.52191 -17.1292 12.22
27.4991 -10.2105 -22.1991 16.219
29.3177 -10.8495 -19.7537 14.2694
31.1381 -11.4823 -17.3102 12.3164
32.8831 -12.7196 -17.0198 11.9059
31.9243 -12.7042 -17.0091 12.0878
32.1014 -13.2141 -20.0756 13.8016
33.9185 -13.8542 -17.6315 11.8486
32.4568 -14.4001 -17.576 12.5573
30.8878 -14.1403 -17.9633 13.0381
32.7028 -14.7825 -18.3635 12.4317
32.8333 -15.9048 -18.3202 13.2684
32.8079 -16.1486 -18.6478 13.6571
34.5226 -16.6234 -16.1548 11.5886
31.0524 -15.3557 -16.4544 11.8112
32.7663 -15.8316 -13.9653 9.74293
32.7082 -17.1687 -19.4964 14.131
31.1166 -16.6181 -19.7023 15.1137
32.7666 -17.5317 -19.657 14.2118
32.8719 -17.6829 -19.5555 14.0729
34.5413 -18.5363 -19.8612 13.3359
32.9258 -17.9419 -19.6002 14.018
31.1343 -17.0779 -19.7505 14.1472
32.6748 -17.7028 -19.6583 13.1294
32.6413 -17.6163 -17.0599 11.5583
30.7862 -17.0189 -21.9347 15.3848
32.3783 -17.2959 -19.4021 13.1865
32.3374 -17.1764 -19.2352 12.9123
32.3906 -16.7751 -16.7022 10.7138
30.5507 -16.3831 -21.3186 14.3267
32.1241 -16.6696 -18.7843 12.1288
28.5689 -15.5478 -23.6873 15.9665
30.036 -15.6402 -21.1182 13.6656
31.4846 -15.7022 -18.5436 11.3492
29.8559 -14.6103 -20.7134 11.8514
31.2599 -15.0584 -18.0283 10.5292
31.1033 -14.7717 -17.9754 9.42427
30.8106 -14.4784 -18.0733 10.3116
30.5144 -14.2096 -20.9637 12.4943
30.2514 -13.5024 -18.3845 10.1721
28.2316 -13.4476 -21.2243 12.376
29.678 -13.5132 -18.6513 10.0517
29.3713 -13.1339 -18.5858 9.61325
28.9406 -12.6873 -18.8777 9.7767
28.3989 -13.783 -27.0841 16.2612
29.689 -13.5932 -24.4713 13.8119
23.7282 -10.5928 -24.8015 13.0125
24.1608 -10.1466 -22.1903 10.5609
24.5469 -9.82047 -22.0736 10.0171
24.7464 -9.50059 -23.2528 10.7629
24.8456 -9.22383 -20.6431 8.30732
25.0016 -8.96218 -19.7793 7.06107
24.9346 -8.53355 -21.4188 8.0955
24.9028 -7.52801 -18.7693 5.51457
24.7678 -7.61215 -18.2579 4.72827
24.5055 -7.88874 -20.4507 6.3351
24.4363 -6.86388 -17.8018 3.75162
24.3034 -6.49318 -20.3553 5.91014
25.4327 -6.02286 -17.7067 3.32499
23.8864 -5.94153 -17.5277 2.75842
23.6332 -5.73324 -17.8205 2.95805
22.0069 -5.824 -20.8034 5.22793
23.008 -5.15198 -18.1275 2.55798
17.1718 -7.70938 -30.525 12.4952
18.1055 -6.92354 -27.8338 9.77148
18.9596 -6.10029 -25.5593 7.25938
19.8809 -5.69473 -23.175 4.70858
20.8143 -4.9088 -21.9155 2.69384
21.1657 -5.59105 -20.1214 1.68735
22.0997 -4.80135 -19.2818 -0.127336
22.5406 -4.63167 -16.373 -1.96684
21.5881 -5.76397 -19.4897 0.775365
22.4113 -4.781 -16.7713 -2.02687
21.0615 -5.78018 -18.5835 -0.322541
21.7994 -4.64394 -18.068 -2.08509
22.5372 -3.5077 -15.3293 -4.94708
23.1667 -3.34803 -14.9864 -6.63313
22.6018 -2.8345 -14.6963 -4.46057
21.5645 -2.26083 -15.1248 -3.94593
22.1397 -2.50739 -15.8237 -5.11437
21.9218 -2.27583 -15.8448 -3.58059
20.879 -1.84637 -16.3385 -0.99836
21.5156 -0.522604 -13.5664 -3.92852
20.9528 -1.48666 -17.4446 -2.16451
19.9973 -2.16975 -17.3946 -2.42939
20.5496 -0.64881 -17.753 -1.88684
20.3209 -0.30635 -18.0528 -1.60071
20.0317 -0.118589 -22.0311 0.836575
20.5617 1.40276 -19.2307 -2.17008
19.0157 -1.01697 -22.2011 2.42116
19.5454 0.504725 -19.3964 -0.585357
18.7585 -0.772188 -23.2433 3.85707
18.5508 -0.456844 -23.4209 3.80598
18.867 1.48327 -20.5508 0.652248
18.6964 2.08586 -20.3325 0.199766
18.5544 2.15439 -20.9786 1.18311
17.8354 0.708147 -21.1015 1.04945
18.1503 2.64919 -21.6841 1.73112
17.9844 2.96088 -21.8705 1.59694
18.1232 5.00266 -18.993 -1.56772
17.7982 3.13732 -22.48 2.14057
17.5364 0.953399 -22.971 2.83103
17.6388 3.11547 -20.0515 -0.373902
17.4396 3.64169 -23.2951 2.83366
17.3046 3.8689 -26.4913 6.24706
17.2558 4.12128 -23.54 2.93704
17.1266 4.58992 -20.5827 -0.384428
16.8232 2.6307 -26.4832 6.10016
17.2155 4.87875 -23.5178 2.79053
17.3102 5.02983 -23.3667 2.58798
17.1374 5.06237 -23.5701 2.98229
17.5091 5.11794 -23.3051 2.50217
17.622 2.71989 -23.3758 4.33599
17.4868 5.60895 -20.3127 0.867176
17.4978 6.00527 -23.0297 2.01762
18.9839 -3.6735 -32.1375 12.1269
18.8446 -0.782974 -28.9222 9.80503
20.1595 -2.45457 -28.7309 8.88615
20.5842 -4.31877 -27.2849 9.25157
21.3516 -1.86927 -26.1245 6.73816
21.8173 -1.25455 -24.542 5.02203
23.4692 -6.07377 -27.5198 9.06817
23.2807 -3.08326 -24.4108 5.571
22.908 0.338107 -21.2199 1.93364
23.1428 1.38091 -19.7428 0.348218
24.0389 1.33036 -22.5479 1.96512
23.3897 2.15699 -19.1104 0.142217
23.3298 2.96278 -18.5091 -0.736725
22.9508 6.38455 -15.3061 -4.36898
23.2995 3.76548 -18.2592 -0.995985
23.6201 0.908935 -21.5812 2.72564
23.2389 4.33197 -18.3696 -0.905772
23.6632 1.12052 -21.9958 3.35924
23.0522 5.11302 -18.6601 -0.452794
22.7603 6.04473 -25.1349 6.56701
22.1426 10.0361 -21.7901 2.75755
21.5248 14.0274 -18.4453 -1.0519
24.8773 -0.897981 -24.0175 4.18212
24.2572 3.0958 -20.664 0.375356
25.4732 0.344891 -23.9253 4.93008
24.8476 4.33835 -20.5623 1.12655
24.2221 8.33181 -17.1992 -2.67698
26.0566 2.05212 -19.8147 2.47442
25.2018 6.65851 -16.3016 -1.51905
25.4828 4.05915 -19.253 1.38082
24.6249 8.66579 -15.7331 -2.61035
23.9988 5.75399 -20.0731 -0.625365
24.1007 9.90196 -16.2056 -2.01079
25.7223 -1.08374 -27.1889 7.41446
24.8546 3.52386 -23.6513 3.42886
23.7031 4.98133 -23.043 0.803641
26.2147 0.694126 -24.7867 7.38527
26.5078 4.76652 -21.097 5.00871
25.117 6.73656 -20.383 2.23544
26.1412 3.37452 -22.837 5.24607
25.0362 8.64058 -19.1068 1.06456
24.4056 5.68318 -22.7758 2.12061
24.6193 10.3182 -18.7259 0.402867
24.3248 11.354 -18.3936 -0.338223
25.3629 11.0263 -18.5646 1.92626
23.9311 12.39 -18.6252 -0.505528
25.242 12.1971 -18.2392 1.89359
24.1182 17.4624 -14.4751 -2.27353
23.3274 14.0002 -18.9441 -0.836761
23.4308 19.2789 -14.6228 -2.59618
22.6755 15.5761 -19.2474 -1.07019
22.4595 15.8709 -19.778 -0.610777
22.1592 16.2824 -20.296 -0.401441
21.8246 17.1442 -20.2244 -1.0262
20.0811 17.8638 -21.2044 -3.16142
20.3727 23.0503 -16.877 -4.81895
22.5707 11.3597 -22.4009 -2.89178
21.2033 17.3372 -18.4051 -7.26378
20.4747 13.2362 -26.7012 1.25111
18.8839 19.976 -22.4667 -3.35362
22.5443 18.8524 -26.4223 3.31041
20.5668 19.8091 -22.1707 -1.28825
20.3546 20.6632 -21.8416 -2.15187
20.3758 20.5074 -22.3045 -1.77576
20.2036 21.1719 -22.0754 -2.55987
20.2416 20.8634 -22.6243 -2.14194
17.9822 16.3775 -27.1535 -2.81313
23.6682 2.62705 -28.7012 3.10627
24.1956 8.88893 -23.9285 0.695367
24.2023 10.2371 -26.73 0.854674
21.9963 11.7859 -26.3905 -2.12255
24.3853 11.9325 -24.7816 -1.33215
26.6053 5.13763 -24.174 0.0458328
24.7373 12.7055 -23.2698 -3.1549
26.7098 6.25694 -22.0558 -1.48937
24.8335 13.8263 -17.4347 -6.29157
38.5439 -18.0659 -30.3178 5.9474
36.6273 -10.4967 -25.6577 1.1657
39.08 -9.4467 -25.7866 4.33824
36.9147 -1.00036 -20.7841 -0.695714
34.7494 7.44598 -15.7816 -5.72967
40.8755 -14.0183 -17.8846 -3.08117
38.7217 -5.51512 -13.7374 -7.74985
36.5547 2.94462 -8.71657 -12.773
35.9465 6.90134 -3.44276 -16.6104
36.8942 8.2312 -6.40015 -15.4688
37.0558 15.6324 -1.36615 -20.4843
35.8039 12.0526 -0.68485 -17.5274
34.7764 14.058 -8.07906 -14.0596
32.3603 23.4768 -2.65243 -19.3482
38.506 -4.79539 -20.3688 0.77767
36.059 4.67607 -18.1533 -3.18409
35.8612 7.28104 -12.4492 -6.31048
35.1924 11.0363 -10.6329 -7.41434
36.3029 6.41637 -15.1689 -2.39614
33.8372 15.8482 -9.66183 -7.64609
36.1664 3.89733 -21.0573 2.88712
33.6825 13.3327 -15.5244 -2.35106
31.0849 23.2914 -9.77125 -7.74254
28.3334 33.7996 -8.86622 -11.2918
29.2654 29.3069 -8.57846 -8.76706
28.3649 31.1362 -9.60861 -7.745
27.3715 40.7965 -11.1312 -10.3322
26.0882 35.9305 -11.145 -7.45589
25.2919 36.9793 -12.6685 -6.25446
24.4583 46.5573 -6.64059 -11.7625
23.4225 40.2724 -14.7424 -5.70568
22.8263 40.6741 -15.9042 -1.35112
22.0693 50.6475 -9.70903 -6.98566
18.9733 45.3832 -17.8288 -4.66583
20.5416 45.3146 -18.6547 -3.8841
17.5147 56.9426 -12.0534 -9.70378
19.204 48.7618 -18.2867 -2.46695
16.2189 50.4073 -11.643 -8.26136
18.4447 50.7151 -18.7938 -6.03858
15.4764 51.8865 -12.1396 -11.8274
17.7966 51.7293 -19.8788 -6.28785
14.6361 63.3989 -12.8273 -8.80069
17.2313 52.4122 -20.671 -6.75891
19.9912 51.3328 -27.4199 -1.81281
16.8031 53.5014 -20.1043 -7.93559
16.2085 55.1589 -18.7419 -9.10672
15.9968 66.5564 -19.4652 -12.2372
15.8018 55.9347 -17.9341 -10.1608
12.729 45.8851 -24.8539 -4.89369
9.3368 58.8191 -17.4738 -10.9849
18.8719 41.6083 -24.3916 -5.16421
15.4346 54.5467 -16.9843 -11.2413
22.2182 28.423 -20.5256 -8.39839
18.4988 42.7368 -19.4018 -9.68415
14.7588 57.0499 -11.2442 -16.1155
18.3023 42.873 -9.33117 -17.2338
14.5769 57.2026 -11.1968 -15.7956
14.0155 58.0369 -11.4226 -16.4674
17.1966 55.2165 -13.4503 -15.3853
13.9471 56.0386 -13.5062 -16.0367
13.4573 56.3776 -13.0722 -16.4756
9.60325 70.7278 -4.80794 -22.8348
17.0207 52.8478 -21.2437 -10.4697
12.699 68.7271 -19.7227 -14.6314
8.46437 84.5713 -10.313 -18.113
17.0456 40.2958 -14.0066 -13.9171
12.8302 56.2108 -4.82007 -20.639
12.4932 56.2535 -3.79897 -21.0573
8.22404 72.1675 -1.20641 -25.5602
12.2312 56.7474 0.0331507 -22.7907
8.89665 56.7847 -2.4353 -21.2276
11.8176 55.4371 -3.48208 -24.5365
16.2309 36.1568 -22.5096 -10.9456
11.5044 53.7995 -12.2071 -18.0075
6.6474 71.4528 -8.44013 -22.9363
1.87769 89.0812 1.86421 -29.9912
10.5319 58.3784 6.15465 -25.144
14.9253 39.7379 -6.70076 -16.1703
10.1333 57.4684 3.71257 -23.1659
9.64347 57.5861 3.33615 -22.8355
14.1913 38.6188 -10.4648 -13.9856
9.33118 56.397 0.0368701 -20.9372
12.7663 54.2151 0.228684 -20.8138
8.89131 56.9114 0.699507 -21.0972
8.36845 57.9104 0.876848 -20.9789
2.97834 77.5758 12.6224 -28.3053
7.86239 58.9019 -1.30737 -19.9174
9.62969 39.2169 -17.8719 -14.1828
4.20745 58.9897 -6.11688 -21.4956
7.49913 58.2332 -4.89325 -18.2971
13.8305 35.6527 -5.97578 -14.0578
8.2973 55.4819 5.92589 -21.2799
33.1879 -36.6462 -33.2385 1.02471
27.0165 -14.6311 -19.8005 -4.49842
28.4511 -6.6498 -9.82469 -9.04706
35.9208 -25.5471 -9.59522 -5.97711
29.6022 -3.41437 3.88777 -13.525
28.3176 2.87784 10.5944 -16.687
28.7691 4.04902 -0.868215 -13.3205
28.4593 6.66321 12.8893 -17.1239
36.7562 -19.8667 -5.27656 -6.9636
30.2816 2.40287 8.51758 -11.9213
36.1361 -20.9773 -0.112742 -10.5023
28.9466 3.51843 15.224 -14.5685
32.0936 8.86982 21.5228 -17.506
27.205 14.9247 24.2927 -22.1251
25.5536 22.7761 30.4582 -20.7181
30.186 24.3433 33.6527 -17.2982
24.8697 33.6505 37.9068 -22.4174
29.7146 18.7983 26.3185 -13.9959
30.6879 24.301 28.5815 -10.5446
25.663 31.4357 30.6767 -15.0635
18.0463 56.4353 46.2696 -22.7007
15.185 66.0109 51.5162 -24.1103
10.0327 71.3738 53.6223 -28.4579
29.7212 15.3458 8.51034 -0.547327
21.0588 43.2655 26.1756 -8.55752
26.9662 26.0036 31.903 -4.74759
18.2058 54.0027 33.6597 -9.13056
15.6172 62.0645 37.7898 -10.7472
14.2828 65.4205 38.2801 -9.61217
5.34279 93.4719 56.1093 -17.4821
28.4491 12.8751 5.89866 5.97306
18.4761 43.5259 25.5685 -2.14821
22.2208 30.8354 30.23 -1.65908
31.8351 13.3867 27.3339 -1.22326
21.4906 45.0607 47.6401 -9.45103
19.37 55.5429 56.7564 -9.73548
25.5871 39.3525 45.4584 -3.55249
15.0679 71.1821 65.9112 -11.6939
12.1109 79.3254 70.226 -12.4337
10.6303 83.4201 69.7296 -11.0914
7.14301 92.144 71.4419 -11.8469
4.52335 97.3558 70.6289 -9.93966
-7.57157 133.022 93.7962 -18.4282
3.20455 85.256 71.6497 -9.53319
-8.93998 121.202 94.9001 -17.9799
-4.69215 125.135 48.2277 0.196201
-10.9224 133.412 71.5736 -8.28151
-13.6622 138.536 72.0256 -7.75181
-21.5457 171.964 67.8241 -5.55878
45.3458 -29.1781 -14.9668 20.6336
32.2907 7.71592 8.70386 12.3021
6.60426 42.9421 27.4689 6.08012
-8.38477 84.4305 54.1984 -2.57564
-24.4562 125.815 80.9561 -10.974
-18.5977 111.918 107.709 -19.5418
-14.7587 109.029 107.133 -20.0686
10.0178 63.499 93.4991 -13.6422
-5.22293 105.577 120.347 -22.246
18.5435 46.2994 78.6332 -10.0584
2.72965 88.7264 105.83 -14.5525
-12.9385 131.101 132.835 -22.9779
-29.6723 176.199 161.582 -31.6544
-8.18698 115.77 113.649 -18.3668
-26.0926 163.867 144.362 -27.3341
-20.0199 130.727 142.754 -25.4623
-38.0718 179.187 173.193 -34.3073
-38.4107 186.75 130.774 -21.6378
-18.0645 128.256 81.051 -11.2512
-36.5979 177.221 111.535 -20.2424
-41.0607 183.548 107.258 -14.3563
-51.9868 227.352 137.992 -23.1709
-68.5148 275.464 95.008 -11.7039
-24.5438 122.011 49.9963 1.64995
-39.0646 173.446 84.4743 -7.86882
-44.6566 185.217 85.2871 -9.37071
-67.8505 241.706 80.9814 -7.74912
-46.3585 187.074 82.4759 -9.45571
-51.6044 182.819 77.9758 -8.025
30.6817 -18.3391 -17.6548 13.0906
10.3797 39.2112 2.62839 6.01684
-15.3489 94.2589 31.4951 -2.90346
-11.1074 65.6106 25.4454 -2.95142
-35.1773 131.6 64.2916 -13.2236
-46.8323 153.766 80.0225 -17.5172
-39.9927 144.186 119.795 -24.4707
-32.2946 92.6055 23.758 -8.80652
-61.9474 164.327 62.6139 -19.1486
-81.2875 202.182 89.9926 -26.3275
-79.2913 196.466 129.036 -35.5031
-33.6198 52.5389 71.8408 -27.5983
-66.78 136.591 110.598 -37.9948
-64.3445 177.587 149.129 -43.0243
-69.4257 182.359 126.365 -41.6725
-85.0074 220.274 163.495 -51.0405
-19.273 80.8065 164.501 -45.9495
8.59994 35.7291 120.62 -32.7389
-7.80438 74.4133 156.943 -42.1843
13.2924 4.98646 155.503 -41.5005
19.4559 -26.5097 113.543 -28.5941
3.01796 13.5244 149.673 -38.1486
-9.489 34.4506 151.154 -37.9238
9.01504 -21.4089 112.066 -25.2769
-3.33932 8.534 149.335 -34.4711
-7.27167 11.9868 152.564 -34.0638
5.41633 -19.8555 115.522 -24.5354
2.59124 -18.7133 152.479 -33.9147
4.83577 -25.6319 75.6314 -14.6979
-9.54796 6.24821 113.266 -23.9354
13.181 -38.4175 97.6952 -17.7229
-1.30792 -6.33339 136.312 -26.6464
-15.8975 25.7141 173.246 -35.9988
-30.2701 57.0891 197.567 -42.6932
-59.1948 117.169 228.834 -48.8463
-44.3088 87.4545 217.944 -40.8327
-32.0829 62.2182 199.517 -36.5295
-18.3421 32.9581 172.353 -28.053
-14.1713 24.5756 148.315 -21.2108
-26.2768 48.537 137.872 -17.8657
-27.6374 50.1024 124.951 -11.9835
-37.8336 71.4575 162.148 -20.9831
-16.9691 30.7278 71.2357 12.6793
-27.3881 51.665 108.196 3.21757
-25.4678 52.9648 93.6559 13.9134
-31.8429 65.547 130.921 4.9746
-17.0523 31.4778 139.308 6.39284
0.819079 -3.68442 226.784 -50.2325
-5.13775 9.02008 263.8 -59.196
-10.8964 19.9 304.299 -71.8947
-11.1587 19.5025 325.817 -76.0534
-17.6867 32.1958 362.606 -84.7244
-15.5806 24.4804 349.419 -84.0043
-8.72359 5.80858 353.139 -83.9479
-11.6872 11.4422 388.913 -91.7358
-15.1343 16.954 388.171 -92.2081
-20.0193 19.8613 303.286 -76.7286
-23.0874 25.3348 339.782 -83.3473
-12.4312 1.53645 376.056 -91.3845
-17.2913 2.27893 254.062 -67.2797
-21.2308 9.74011 254.947 -69.8442
-18.4932 4.06528 174.146 -51.9599
-21.6253 9.66324 209.437 -61.0307
-24.8102 15.1708 245.021 -68.9463
-23.9342 13.1647 237.364 -68.5672
-20.4208 7.31946 228.75 -66.5808
-56.6215 69.1732 84.4295 -29.2303
-59.9831 75.6689 87.7695 -30.4633
-57.8031 74.2974 93.2452 -30.935
-58.0523 74.6888 88.0212 -30.8383
-50.5027 68.7166 88.8548 -30.9822
-44.3226 63.4308 86.7555 -29.5835
-44.4585 63.6051 120.481 -39.4051
-41.2251 60.7014 82.9798 -28.5484
-34.6083 53.8167 80.2383 -26.2156
-32.4914 50.4515 112.547 -35.4584
-27.8048 44.9143 78.3007 -28.0622
-21.9873 38.576 43.8223 -17.8937
-19.7726 35.2387 75.3218 -27.9332
-15.7913 30.5266 76.4778 -30.3112
-11.8714 25.7945 40.2734 -17.9178
-9.6119 22.4854 71.0293 -28.4187
-7.59013 20.2488 71.5867 -30.3003
6.38247 12.8877 -66.8787 -16.9778
9.76604 8.34212 -39.8777 -27.7443
13.4704 3.38353 -13.014 -38.1989
23.9446 -7.14755 25.1538 -93.58
27.7511 -12.0226 50.7058 -104.166
30.5587 -16.1542 48.846 -104.736
30.9278 -19.1049 78.4103 -115.482
17.9175 -8.55987 67.5703 -105.95
21.7613 -13.4017 92.6543 -116.665
18.2888 -19.4733 47.989 -100.987
22.2258 -24.2314 72.6489 -111.689
23.9777 -25.7035 81.043 -115.401
17.9901 -23.1269 57.0242 -100.13
19.2036 -27.9603 79.9359 -109.64
16.9876 -26.2641 75.6593 -107.42
12.0588 -21.7654 44.0431 -88.8399
15.3065 -27.629 66.2031 -98.597
16.1878 -29.8439 65.6173 -96.8413
7.2391 -19.7454 39.2836 -80.1955
11.1051 -25.8792 60.5678 -90.2236
12.9734 -28.6503 61.3218 -89.068
9.73117 -25.5815 57.0992 -83.618
5.49827 -21.3596 31.9808 -64.5218
13.4272 -30.6573 51.062 -72.9058
21.3562 -39.9549 69.9326 -81.2781
16.8413 -32.3487 57.2337 -71.7438
22.4652 -40.4719 62.9589 -73.682
0.222477 -13.7762 25.5576 -44.0701
8.23076 -22.8861 41.7201 -53.0833
19.4733 -34.6104 32.7713 -45.6512
27.5169 -43.6709 48.0842 -54.7868
22.8575 -37.2082 47.934 -52.4984
15.3839 -28.9001 46.2818 -45.5627
14.79 -28.1738 5.46334 -12.5319
31.3988 -41.0871 11.7913 -22.0972
33.9552 -42.4728 6.12175 -18.0981
23.6386 -30.6487 6.96253 -18.1889
16.5081 -22.599 1.75792 -8.63439
24.3765 -29.949 9.75704 -15.9763
32.2644 -37.176 9.90776 -19.1503
26.296 -30.5889 4.54693 -7.91176
36.8625 -41.5773 10.9972 -14.2536
27.6268 -31.5907 9.58631 -13.9327
27.6915 -31.5321 4.38873 4.26101
39.0677 -43.1668 8.55208 -0.83755
32.2474 -36.4692 8.7048 -0.538209
28.262 -32.761 7.95157 3.72857
21.9008 -27.209 4.15924 15.3051
29.7027 -34.4084 4.57494 10.1617
36.0757 -40.455 0.814566 11.9496
27.8021 -32.6954 -1.7957 14.9826
39.8329 -44.3541 -3.58674 21.5645
30.3396 -37.0266 -5.74573 28.9427
43.0468 -49.4366 -10.4974 26.3858
55.3731 -61.5791 -14.8718 29.519
35.0341 -31.0397 -85.5806 20.4479
46.3104 -41.2417 -108.096 18.7603
61.4104 -53.167 -133.495 11.4819
67.15 -62.7168 -153.138 9.38845
37.5164 -33.0708 -174.899 7.85342
29.3216 -26.529 -189.049 7.68028
19.2739 -18.8694 -59.9543 3.48385
33.2108 -31.1598 -136.227 7.5757
47.7683 -43.8803 -227.587 9.86836
35.2709 -33.1258 -413.041 14.7388
49.2365 -45.2821 -556.775 22.9062
45.2432 -42.3754 -819.543 36.8744
21.8639 -23.7136 -1980.35 107.519
35.8597 -35.6917 -6253.54 374.683
42.7082 -41.8995 -35919.6 2170.62
56.4894 -53.2562 3384.69 -221.273
70.6921 -65.3279 4059.13 -262.289
35.7504 -38.0914 1007.13 -70.9036
50.5977 -50.6668 1191 -79.7861
35.1562 -39.2567 521.825 -39.9847
31.3681 -37.0963 443.11 -23.452
39.2892 -42.6981 504.73 -32.2223
35.2666 -38.3643 425.575 -23.9734
22.9117 -31.8373 499.564 -25.9685
39.3599 -44.5227 434.454 -18.6691
52.8634 -54.9694 291.847 -5.93498
62.4656 -62.0919 225.611 6.39083
69.6118 -72.9231 256.274 1.42466
30.0719 -37.4947 182.694 17.7914
5.30379 -18.1096 154.332 15.476
20.7773 -30.5362 137.79 30.1011
34.2772 -40.5461 128.888 43.7207
31.8311 -38.3828 115.668 38.8884
24.893 -33.0102 106.725 42.4614
18.2014 -26.5108 74.1978 54.004
33.6557 -38.566 95.9953 48.1443
43.4669 -45.1196 94.1716 49.712
29.4003 -37.0329 64.5182 61.4898
23.7126 -30.3543 78.9267 58.413
33.2383 -36.702 72.7844 62.8243
28.4614 -34.5481 67.9162 65.6826
26.6105 -31.2711 63.581 68.3448
16.8593 -22.6214 42.8801 65.017
32.8315 -34.5461 59.7809 72.1091
38.8669 -38.2768 64.3357 84.3981
56.9584 -49.9822 60.3487 74.5696
42.3646 -39.6298 62.6635 72.402
58.7911 -51.7536 74.5332 83.1199
32.5098 -32.7991 53.5985 80.2303
31.2872 -31.8856 59.659 78.4977
15.7514 -16.394 9.02407 58.1492
32.0533 -27.9114 19.5653 68.9496
42.397 -33.0486 1.31441 48.757
58.4614 -44.3965 5.98032 46.8772
74.7842 -55.7533 16.2973 57.689
71.2034 -51.9046 19.8221 55.9845
44.9521 -35.7992 24.2314 51.8903
37.7251 -31.4001 22.6721 54.5111
11.1151 -14.0777 12.2391 42.8718
27.7481 -25.2792 18.5497 57.4586
33.5433 -24.5274 -5.05722 21.6582
50.1106 -35.4854 1.39696 36.2412
26.5869 -18.244 -5.07914 22.5363
43.1469 -29.0605 3.73006 35.7124
24.9979 -18.3095 -9.47177 7.30539
41.542 -28.9931 -2.91246 21.9135
44.745 -32.6986 0.332954 20.9905
19.1426 -15.1424 -0.328024 22.2028
35.9062 -25.8872 -3.64378 26.27
41.7709 -31.3009 -3.88551 29.2079
38.8421 -29.7071 -4.40911 30.1015
24.9954 -20.7975 -11.3243 17.797
41.7887 -31.2956 -5.98433 35.1576
57.141 -41.6882 -2.37107 53.6198
73.8378 -52.1448 1.33377 72.0998
49.2537 -33.0701 -18.9283 -7.75534
66.1974 -43.1786 -14.8401 10.7264
64.5041 -41.5826 -16.1225 13.3841
81.4488 -51.739 -14.783 35.8686
21.2583 -18.4866 -23.771 5.41399
37.9822 -28.5515 -22.1084 27.9259
57.4017 -38.4469 -25.0926 34.9102
60.7906 -40.2854 -26.4278 39.1398
41.5428 -30.527 -25.2968 37.8393
53.3833 -40.6531 -24.8403 40.1515
34.7692 -26.7056 -25.2044 45.2769
34.4051 -26.2443 -23.8681 45.3629
31.0491 -24.3065 -10.309 60.0402
47.7631 -34.0604 -10.8526 86.8037
40.411 -28.3883 -27.2359 37.4909
57.0867 -38.0155 -27.2121 64.2661
43.5466 -29.5508 -28.3194 70.4353
36.5625 -25.9865 -26.7626 46.8974
29.0703 -22.2442 -26.4371 73.6887
38.0843 -26.2386 -26.4256 79.014
35.6977 -24.8484 -24.4851 55.7422
42.3354 -27.7384 -23.88 82.5552
48.2107 -30.3284 -24.2014 87.1769
38.2391 -25.6561 -23.3443 65.9283
28.6579 -21.2386 -24.8011 97.2615
36.6497 -24.7571 -25.5901 102.7
34.5096 -23.6644 -27.0138 134.025
19.5542 -15.2031 -22.2557 78.7326
35.9765 -24.1159 -23.2791 110.099
40.6307 -26.0595 -22.8035 115.409
57.0342 -34.9106 -23.7395 146.784
39.0077 -19.3637 -32.7104 -5.67595
55.2909 -27.9264 -34.0251 28.4856
22.2083 -12.1418 -49.3586 -107.594
38.4344 -20.4853 -50.888 -71.1541
42.6525 -22.2456 -64.3055 -74.9744
58.9023 -30.5227 -59.9022 -44.1974
60.0048 -31.6171 -63.3556 -31.6449
28.4365 -17.8664 -66.4217 -44.9666
44.6066 -26.0297 -67.35 -8.42035
48.7152 -27.7369 -68.9583 3.16981
40.6332 -24.4059 -68.945 9.34413
56.738 -32.4996 -63.2864 40.5913
21.3265 -14.2448 -70.38 7.42379
37.4013 -22.2389 -72.6473 49.4347
22.0816 -13.7977 -71.0462 34.7203
38.114 -21.7106 -73.0858 76.7868
42.1938 -22.8751 -72.8323 89.4743
36.1425 -20.1457 -71.1328 95.5371
29.768 -17.2054 -69.0285 104.325
37.7604 -19.8024 -67.5515 117.686
35.4398 -18.5505 -72.033 103.613
30.8601 -16.4796 -62.9713 134.739
38.3331 -19.0154 -62.3428 147.894
35.203 -17.5886 -56.1612 121.711
51 -25.2117 -59.2074 170.077
42.5797 -22.1762 -51.6833 136.331
36.0031 -18.4207 -49.4031 149.167
35.9768 -17.4385 -40.2756 182.491
53.4216 -24.4532 -43.3666 230.982
49.2796 -26.5774 -29.5583 195.807
38.1652 -19.6389 -44.7817 214.12
35.0807 -18.9001 -41.9 226.477
50.6058 -26.2776 -46.23 282.034
33.8177 -18.9294 -37.8206 249.369
20.9701 -12.9436 -28.791 210.902
36.0113 -20.3288 -32.9654 266.704
51.7313 -26.6117 -11.2492 253.761
67.1465 -33.9019 -28.8545 275.155
37.4148 -22.3465 -26.2897 285.099
8.28875 -8.95036 -22.1287 284.164
23.5248 -16.1512 -8.14303 315.482
29.052 -20.2473 -16.2828 296.511
25.8763 -20.9215 -13.7612 299.622
24.2903 -19.0591 -1.10496 338.067
31.3339 -21.9505 -11.4322 319.659
28.4292 -21.3223 -21.0299 284.376
23.6006 -19.8665 -26.0079 349.26
30.2769 -22.6572 -6.25803 333.087
27.6346 -22.0716 -14.367 296.255
42.5054 -29.218 -19.3124 361.529
30.0143 -23.5194 -1.75895 338.004
17.4963 -17.7911 18.7484 306.005
32.1568 -24.8287 -0.47682 347.058
46.7454 -31.9895 -19.2918 383.871
51.6958 -34.1784 -22.3175 386.823
66.2014 -41.4374 -27.8385 462.741
33.7666 -21.51 -54.9041 -59.4906
48.0782 -28.6763 -59.2316 18.7804
34.4296 -22.4455 -30.8351 -11.5324
48.6657 -29.5937 -46.6777 40.5877
62.8347 -36.857 -52.1382 119.72
77.0465 -44.023 -57.8102 200.049
63.8425 -37.6499 -81.6274 150.433
39.5253 -27.6661 -97.4426 83.4279
23.264 -20.223 -91.3541 5.00061
26.5657 -21.033 -113.828 53.7142
35.9431 -11.4838 -76.5068 24.9351
49.7997 -18.5468 -83.575 120.934
28.716 -7.53165 -84.2766 125.234
39.4676 -15.5236 -91.5804 222.163
53.2584 -22.5927 -98.8842 319.092
33.9758 -11.0947 -116.388 85.1862
44.2815 -19.5967 -125.853 145.711
40.9258 -17.8141 -136.32 35.314
17.7137 -4.5687 -131.706 -175.631
30.7459 -12.217 -141.527 -113.991
38.9763 -14.8777 -136.12 -80.6781
52.2301 -22.5802 -127.931 -47.0149
26.6019 -7.31662 -112.342 -93.6515
40.8739 -14.5561 -124.594 -30.6787
47.0946 -17.1661 -124.585 -4.26361
28.5131 -8.58368 -111.356 -84.4751
42.8139 -15.8224 -128.641 -31.5578
48.1744 -17.7386 -123.212 -25.0182
62.3065 -25.1736 -153.928 28.3887
76.4837 -32.4829 -182.52 81.5931
25.6253 -12.0585 -188.814 -121.132
39.731 -19.3579 -251.191 -66.891
53.8056 -26.7997 -330.259 -12.2023
28.5217 -8.97145 52.4035 151.04
42.4284 -16.4284 122.31 204.358
56.3611 -22.6972 66.1988 200.861
48.1568 -20.4773 37.1145 150.14
37.323 -16.5976 17.458 100.081
38.8347 -18.1771 14.2152 105.643
35.6808 -17.5095 9.62931 95.8209
32.0616 -16.4601 5.2289 85.3363
37.9845 -19.6592 7.4349 106.93
18.2002 -10.4287 0.583735 46.0454
31.956 -17.8431 2.28784 89.3678
36.9035 -20.4878 4.42496 107.939
16.9486 -10.8561 -5.29438 73.3375
30.6551 -18.2462 -3.14525 80.4579
35.7909 -20.7453 -2.41203 89.2746
18.7604 -9.73055 -5.39999 71.734
29.7487 -17.9485 -8.76892 53.434
34.8759 -20.3408 -7.64745 67.499
32.9042 -19.5473 -8.32407 65.6086
29.2624 -17.6749 -14.7916 83.8127
42.0399 -25.4392 -9.06429 74.4674
20.9025 -12.6697 16.2842 35.5644
34.1207 -20.2299 10.5156 69.0239
46.752 -30.0067 4.33852 107.168
59.942 -37.5043 -2.62437 130.81
73.0475 -45.1437 -9.29993 154.499
58.6271 -39.4386 -20.411 103.076
20.7774 -18.4394 -31.4505 45.7703
33.8656 -25.9889 -31.454 49.4679
46.9538 -33.5384 -38.616 73.1823
49.6685 -34.0865 -41.6356 80.4114
39.2666 -28.1506 -48.6964 104.396
28.8313 -21.7064 -50.8414 103.642
30.4299 -20.8594 -46.1022 68.6156
28.7622 -18.2134 -46.5197 43.5578
41.553 -25.6892 -46.2431 38.9236
33.2812 -17.3857 -45.4637 39.5338
32.6217 -15.7241 -44.2398 29.9972
45.4827 -23.1667 -52.3052 44.8041
34.7902 -14.9223 -40.8241 31.0614
22.8591 -6.15083 -20.3955 21.4872
35.5907 -13.5958 -28.8657 36.1363
48.3222 -21.0408 -37.336 50.7854
56.5703 -25.8871 -38.2414 54.612
63.9488 -34.8754 -46.893 61.2104
39.6575 -17.9805 -36.5739 11.7254
31.1735 -13.838 -34.7058 -0.827425
18.4658 -6.43961 -21.983 -2.64097
30.9681 -13.7752 -30.9235 3.71248
43.4138 -21.2329 -39.8348 10.184
30.9852 -17.715 -18.7477 2.53319
29.9331 -14.4237 -27.8663 8.73469
32.8546 -16.415 -27.4836 10.0489
45.1963 -23.6982 -36.5344 12.6622
33.837 -17.7893 -25.2962 -2.1268
21.4168 -11.5616 -18.7091 -32.8698
33.5802 -18.8282 -25.8876 -9.68592
32.8766 -18.6512 -18.7444 -16.7363
45.0087 -25.8994 -27.7871 -17.9788
44.6863 -26.2988 -28.1749 -16.9588
15.4492 -9.93076 -9.49076 -11.5712
27.4798 -17.2048 -18.5947 -12.9833
39.5105 -24.4788 -27.6987 -14.3954
51.0033 -31.9775 -36.5479 -18.3184
39.4974 -25.8695 -30.5816 -21.2874
51.2984 -33.0343 -33.3448 -29.6899
63.0995 -40.1992 -41.8826 -37.3726
46.0295 -32.3222 -38.7969 -51.4215
38.6381 -23.3993 -38.1875 -40.564
28.8176 -21.4901 -36.914 -32.0665
23.1856 -17.1564 -34.712 -24.5989
20.0153 -14.0549 -31.8274 -21.8569
14.4398 -7.9359 -18.149 -43.6766
25.8406 -15.0291 -26.2395 -28.9646
30.0861 -16.6843 -23.6444 -36.5297
24.5567 -16.2467 -21.1755 -38.3326
24.2791 -13.173 -18.6652 -65.5778
27.674 -15.0027 -17.1498 -50.7746
23.2156 -15.4238 -16.5163 -43.6673
23.8252 -13.0866 -15.9346 -35.67
27.8731 -15.4679 -14.5275 -40.4917
15.5965 -16.8974 15.9597 -19.3958
26.5817 -24.1003 8.97621 -32.6456
34.9742 -32.7717 -0.282813 -51.7131
42.9255 -40.6692 -6.15505 -69.1964
38.5118 -33.5306 -11.8068 -89.1602
44.0837 -36.6899 -24.6334 -86.579
35.2891 -32.9403 -35.0906 -64.3717
46.0265 -39.9896 -40.9631 -81.8211
34.2084 -27.3207 -43.3457 -60.351
29.3396 -22.778 -46.0796 -54.0802
38.1543 -30.4164 -44.6325 -79.5524
28.7472 -18.3317 -45.7968 -55.282
28.0533 -16.3166 -45.443 -53.1285
26.2887 -13.7522 -40.42 -84.6652
36.4298 -20.7296 -49.285 -59.3913
8.37577 2.47832 -24.0809 -31.3911
18.5431 -4.32735 -20.0176 -45.8637
31.0691 -12.0099 -15.6251 -67.1484
21.0384 -7.65777 -16.4326 -65.2596
31.3425 -14.4796 -23.4571 -60.9996
33.1496 -16.5243 -16.7743 -70.2455
26.9867 -16.7143 -19.5888 -58.7645
37.21 -23.549 -23.8514 -79.6202
32.8738 -18.9835 -16.4815 -69.8401
39.3108 -23.4973 -12.4468 -88.145
34.1111 -20.9445 -14.5113 -76.5761
6.66068 -3.88947 -7.86976 -20.7312
16.5661 -10.5257 -10.769 -43.7495
26.4715 -17.1619 -13.6682 -66.7679
33.0135 -21.395 9.73473 -99.7094
42.8582 -28.0742 6.38473 -116.175
31.0818 -22.8641 3.50326 -103.246
26.053 -20.7578 -9.08358 -67.4044
35.5675 -27.2071 -10.6775 -92.3124
23.4382 -18.6118 -11.5053 -58.8637
22.2812 -17.3614 -14.6103 -31.4964
20.3647 -15.641 -8.08431 -62.2021
29.821 -22.1064 -3.58932 -72.9693
27.5047 -19.1378 -0.597767 -81.606
15.5941 -7.83146 -3.90079 -70.3353
25.0118 -14.2796 -12.8073 -53.7313
23.3796 -16.5452 -4.19934 -64.5585
10.6835 -7.88568 2.80074 -66.1983
19.7498 -14.0928 -4.19538 -57.3344
22.6721 -15.6487 0.817973 -68.306
10.4443 -7.40226 9.77313 -71.8088
19.4598 -13.6069 10.0272 -97.3363
22.1827 -15.2766 8.11971 -80.9085
9.9884 -7.33485 4.39563 -69.5952
18.9642 -13.5459 4.77494 -94.8838
13.9956 -9.26667 9.18171 -30.2638
22.9324 -15.4869 9.87145 -55.225
31.8691 -21.7071 10.5612 -80.1862
34.3625 -25.6681 15.5935 -94.5598
42.927 -31.6344 17.1682 -120.47
28.7713 -25.8464 14.8496 -77.6897
37.3116 -31.8217 16.6613 -103.356
14.1876 -12.9567 2.67442 -63.7301
22.6815 -18.9555 4.43661 -89.2462
24.1189 -17.5138 20.7553 -66.3902
32.5954 -23.4841 22.8877 -91.5911
28.4648 -25.4563 17.3046 -72.2875
29.7016 -23.0316 19.5151 -97.3469
26.483 -21.4355 14.395 -90.9737
34.6899 -27.1343 17.6918 -116.491
3.65796 -1.43303 26.4101 -49.1306
14.0464 -8.2694 27.1221 -45.1832
20.1479 -12.9454 30.41 -70.1637
28.1405 -18.6444 40.5689 -98.1614
33.5245 -23.3871 40.9535 -110.578
22.7874 -23.5455 23.1276 -87.3173
21.3181 -18.2177 23.9151 -111.023
20.3627 -17.739 8.53146 -73.1011
15.2127 -16.6945 3.00211 -64.8949
15.8177 -13.9108 -0.154961 -58.314
18.5456 -14.741 5.25925 -67.1149
15.4674 -14.5578 5.2481 -65.5341
16.5475 -12.2967 14.4646 -91.6242
18.9535 -13.3354 8.61943 -67.5041
18.182 -12.6814 7.5382 -64.0339
25.6669 -18.0995 11.8325 -88.281
22.6797 -17.3456 2.4567 -62.3288
23.7561 -19.1072 9.19579 -61.4484
16.3123 -11.2046 5.88847 -46.7009
21.8267 -16.7519 17.5582 -72.0401
24.1388 -16.2263 25.3931 -85.4912
31.1409 -21.308 30.5776 -108.995
20.5124 -14.7679 15.5927 -68.4928
16.9155 -12.7403 9.79853 -57.6352
13.8145 -10.8834 -0.998384 -31.5053
15.9517 -11.8137 12.3577 -56.4341
18.96 -13.5125 19.2172 -65.3139
17.6424 -12.8547 4.02213 -28.7257
14.8707 -11.2399 12.755 -51.8561
15.9893 -11.9074 16.4751 -55.3735
14.5853 -11.0836 15.3553 -51.4545
5.82233 -3.60417 21.1401 -16.5681
12.2635 -8.32903 26.9623 -38.3763
11.8391 -9.01006 29.702 -32.1768
16.3477 -14.357 35.6567 -53.8881
20.6754 -16.3063 33.5081 -58.8339
24.6061 -19.4717 37.4967 -72.177
31.0129 -24.2162 43.4298 -93.7212
18.6953 -17.026 26.1781 -71.0651
24.5872 -21.3853 32.2698 -91.5243
18.0413 -17.3654 18.4028 -75.7832
10.7513 -5.39796 23.3805 -28.9001
16.6104 -9.76941 29.5508 -49.059
17.9801 -13.9995 28.946 -46.9635
21.3501 -15.0662 35.2177 -67.0514
20.7172 -15.6011 29.8167 -66.6079
12.8008 -14.9777 5.22596 -28.7106
12.9347 -11.7475 9.87368 -48.5749
13.8837 -11.9143 11.9429 -51.8701
12.766 -10.8167 10.8123 -49.4709
13.5867 -8.76849 5.99521 -45.3908
12.9464 -9.986 13.9408 -49.7752
5.82917 -4.39396 5.24943 -24.9758
9.97273 -8.68414 4.04466 -28.8021
12.7456 -9.2601 15.6944 -47.2135
17.3474 -12.1388 25.8772 -59.4075
15.9614 -11.5998 21.9603 -55.1483
21.1834 -15.6184 14.7819 -46.4943
12.8824 -9.98545 15.1417 -46.3127
11.1224 -8.76024 12.6955 -41.2714
15.7771 -12.2963 18.7376 -57.8379
10.644 -8.02582 24.4327 -74.5414
15.2848 -11.5731 30.3975 -91.1412
13.3258 -11.4686 33.8834 -92.7997
17.9606 -15.0203 39.858 -109.36
14.7142 -10.8368 30.0707 -74.317
19.3335 -14.395 36.0471 -90.7717
23.9527 -17.9532 42.0234 -107.227
25.0352 -22.4684 53.2013 -90.0154
23.1926 -25.3741 36.3828 -81.8427
22.7882 -29.7993 19.6425 -64.5591
6.9255 -7.97031 8.39265 -50.6236
5.78472 -6.60826 0.265406 -37.6226
9.5542 -9.68437 -1.55086 -29.7392
7.6516 -6.07139 12.1608 -43.2232
3.52003 -2.11758 5.24353 -13.6187
7.48837 -5.20013 10.9363 -27.7796
8.89652 -6.01721 16.2295 -30.4932
8.3138 -5.81227 16.1595 -28.2233
8.80469 -6.16746 18.3836 -28.2211
7.41529 -5.45397 15.8641 -23.7788
3.11067 -2.35575 10.0491 -7.88602
6.39502 -4.92538 15.1269 -19.7615
7.68841 -5.76156 18.8592 -22.6048
7.10211 -5.53876 17.3582 -20.8854
10.3767 -8.11763 22.4213 -32.7243
7.09372 -5.65146 20.3796 -24.7079
6.70038 -5.57129 17.2447 -22.5203
3.85812 -3.34397 10.3597 -10.024
6.41052 -5.362 14.5886 -19.3712
2.4226 -1.45511 17.3036 -15.8702
3.19167 -2.10075 19.1799 -15.3862
5.73478 -4.12601 23.4007 -24.6812
8.27789 -6.15127 27.6215 -33.9762
9.9722 -8.43095 31.7785 -43.3242
9.50416 -7.50785 20.7561 -31.6424
7.25337 -6.24769 12.4266 -24.8299
0.881152 -0.706809 5.30508 -5.07249
3.36562 -2.70762 9.43809 -14.1478
5.13395 -4.13095 12.5688 -20.7233
6.89401 -5.56526 15.6596 -27.3251
7.27623 -5.23891 18.7878 -23.9254
5.16212 -4.01286 12.1297 -17.5019
6.9233 -5.4433 15.2413 -24.062
2.53583 -2.23146 5.1911 -8.97147
2.18552 -1.87117 0.832576 -0.22769
3.94175 -3.30596 3.93683 -6.75837
3.085 -2.16407 8.66936 -8.1755
2.12706 -0.46878 5.38967 -1.1066
3.07982 -1.25078 7.21681 -4.73065
2.04963 -1.30424 7.51871 -3.52364
-0.561501 0.690836 2.26485 5.50984
0.374616 -0.0829206 4.06333 1.94321
-0.432717 0.626227 3.56322 5.84399
0.500219 -0.151092 6.37725 2.52991
1.43315 -0.928412 8.16637 -1.03483
2.13126 -1.14541 9.35025 -1.45948
3.06354 -1.92308 11.1378 -5.01871
0.921924 0.117493 5.36704 3.53147
1.06471 -0.00256109 3.84333 2.43684
-0.0990744 0.310327 2.96618 4.38679
-0.93715 0.999654 1.39089 7.19405
-1.4217 1.46064 1.64933 6.87869
-1.52781 1.65982 0.594027 9.78622
-1.46314 1.60899 1.35581 9.61569
-0.45495 0.800413 3.98424 6.38135
-0.271909 0.635853 2.14213 5.00395
-0.154317 0.512317 2.14134 4.07358
-0.11973 0.411516 2.57506 3.54874
-0.803255 0.984007 0.277705 5.69156
-1.69231 1.73893 -2.23771 8.68544
-2.59851 2.51245 -3.66606 11.9583
-3.5121 3.28649 -4.83156 15.1758
-4.36264 4.0424 -6.38602 18.46
-2.35587 2.72166 -1.8209 13.3252
-3.20426 3.48012 -3.26454 16.6083
-3.13129 3.46201 -2.86856 16.7037
-3.98239 4.22333 -2.984 16.8744
-2.82787 3.1543 -3.09893 16.863
-1.23398 1.15657 -0.900465 13.0254
-7.02133 -12.8747 -11.1094 -6.95976
-6.85962 -12.9545 -10.934 -7.56738
-6.85962 -12.9545 -10.934 -7.56738
-6.36753 -12.3083 -11.2878 -8.55731
-6.36753 -12.3083 -11.2878 -8.55731
-6.10537 -8.31437 -8.53515 -7.04555
-6.10537 -8.31437 -8.53515 -7.04555
-6.10537 -8.31437 -8.53515 -7.04555
-6.05501 -7.23992 -7.58696 -6.49435
-6.05501 -7.23992 -7.58696 -6.49435
-5.69897 -5.53972 -5.95367 -5.50669
-5.45239 -4.86084 -5.27937 -5.05395
-5.00884 -4.12569 -1.72123 -4.301
-5.00884 -4.12569 -2.0511 -3.67301
-3.89091 -1.40988 0.483541 -3.11744
-3.89091 -1.40988 0.483541 -3.11744
-3.67846 -0.904416 1.46396 -2.83052
-5.37201 0.0462921 4.10403 -3.40212
-5.99528 -0.0847038 4.77408 -5.56425
-4.59831 1.95686 -112.537 -6.47852
-3.55345 2.60516 -165.198 -15.3403
-3.55345 2.60516 -165.198 -15.3403
-2.98135 3.58653 -145.431 -18.9414
-1.80459 4.46056 -130.134 -20.2288
-1.80459 4.46056 -130.134 -20.2288
-0.829192 5.55646 -107.506 -19.4751
1.2188 6.19489 -96.7377 -21.6039
2.60837 6.71838 -89.3717 -20.8852
2.60837 6.71838 -89.3717 -20.8852
3.18372 6.85811 -78.7298 -19.0999
5.08339 6.78612 -83.4516 52.1272
5.08339 6.78612 -83.4516 52.1272
5.71215 6.67346 -88.6348 73.4945
30.2183 -27.3228 -60.8416 61.9237
30.2183 -27.3228 -60.8416 61.9237
40.5288 -48.0078 -51.2413 58.748
45.5986 -56.9468 -27.516 52.5355
45.5986 -56.9468 -27.516 52.5355
50.2379 -70.5627 -25.5098 45.8198
50.2327 -76.3313 -10.0887 42.903
51.0374 -85.4189 -1.40907 40.1027
50.4031 -85.4617 6.16403 37.5468
50.1095 -89.283 13.4528 35.2755
49.0704 -93.132 20.3762 33.1193
49.1559 -95.9581 26.4828 31.2643
48.4817 -98.8564 32.4618 29.4159
45.3663 -108.795 41.9326 25.8564
45.3663 -108.795 41.9326 25.8564
43.4229 -112.849 42.9326 25.2882
43.4229 -112.849 42.9343 25.2879
43.1467 -115.065 43.7033 24.3908
41.8833 -119.658 44.4105 23.5203
41.8833 -119.658 44.4105 23.5203
41.9373 -121.756 45.064 23.1383
41.6326 -124.026 45.7834 22.1314
38.6227 -134.089 48.3371 18.5934
38.6227 -134.089 48.3371 18.5934
38.6227 -134.089 48.3371 18.5934
36.1592 -137.884 48.9627 17.3907
34.8237 -140.917 49.6252 15.828
34.8237 -140.917 49.6252 15.828
34.8237 -140.917 49.6252 15.828
34.3994 -146.633 49.9478 14.9589
34.1813 -149.241 50.1135 14.3973
31.3144 -151.642 50.2912 13.5582
32.7479 -152.121 50.2912 13.5582
33.2598 -156.542 50.5503 12.4964
-70.6637 217.918 51.631 7.12176
-70.6637 217.918 51.631 7.12176
-66.2365 209.401 49.3505 6.11075
-66.0291 201.931 49.2835 6.13003
-65.169 196.944 46.8521 5.36559
-64.4831 192.653 42.2487 5.15027
-64.4821 184.65 40.3378 3.83523
-63.3767 184.941 40.3378 3.83523
-62.9054 181.386 36.6168 3.53912
-61.3093 178.579 35.0564 2.29642
-63.1444 174.578 35.0564 2.29642
-61.7726 171.765 32.1197 1.89517
-61.4903 168.903 30.8096 1.40447
-60.1525 166.518 28.5144 0.766997
-60.2149 166.659 28.5753 0.21876
-61.6606 160.518 27.5767 -0.383318
-60.5726 158.374 26.6194 -0.894785
-57.8246 159.607 24.9118 -0.950868
-57.8246 159.607 24.9634 -1.52968
-58.4555 152.277 24.298 -2.84661
-58.4555 152.277 24.298 -2.84661
-58.8579 135.055 20.1365 -8.28519
-59.4335 132.91 20.1475 -8.89338
-59.4098 131.361 20.0308 -9.57198
-58.8829 130.44 19.6588 -10.0442
-58.8829 130.44 19.6588 -10.0442
-59.4987 127.19 19.374 -11.143
-59.542 125.899 19.1804 -11.6256
-58.9893 124.891 18.9852 -12.2532
-58.9893 124.891 18.9852 -12.2532
-61.1637 120.566 18.6929 -13.685
-61.1637 120.566 18.6929 -13.685
-61.1637 120.566 18.6929 -13.685
-59.0146 117.527 18.4392 -15.2817
