0.164667 -0.131839 -0.194549 -0.168687
0.164664 -0.131843 -0.194547 -0.168692
0.164663 -0.131844 -0.194546 -0.168692
0.164663 -0.131844 -0.194546 -0.168693
0.164658 -0.131891 -0.194542 -0.168731
0.16466 -0.13189 -0.194548 -0.168748
0.164656 -0.131915 -0.194551 -0.168774
0.164643 -0.131986 -0.194551 -0.168815
0.164645 -0.131984 -0.194562 -0.168843
0.164626 -0.132078 -0.194565 -0.1689
0.164628 -0.132077 -0.19458 -0.168937
0.164629 -0.13212 -0.194577 -0.169007
0.164604 -0.132192 -0.194587 -0.169007
0.164603 -0.132242 -0.194603 -0.169135
0.164603 -0.132242 -0.194603 -0.169135
0.164554 -0.132399 -0.194656 -0.169262
0.1645 -0.132556 -0.194701 -0.16942
0.1645 -0.132556 -0.194701 -0.16942
0.164459 -0.13264 -0.194726 -0.169503
0.164253 -0.132997 -0.194818 -0.169861
0.164253 -0.132997 -0.194818 -0.169861
0.163959 -0.133289 -0.194944 -0.170149
0.163959 -0.133289 -0.194944 -0.170149
0.163974 -0.133269 -0.194927 -0.170165
0.163929 -0.133386 -0.194981 -0.170244
0.163778 -0.133488 -0.195017 -0.170346
0.163624 -0.133571 -0.195038 -0.170463
0.163579 -0.133687 -0.195095 -0.170543
0.163486 -0.133767 -0.195119 -0.17066
0.163409 -0.133769 -0.195119 -0.17066
0.163253 -0.133985 -0.195221 -0.170838
0.16302 -0.134178 -0.195311 -0.17103
0.16302 -0.134178 -0.195311 -0.17103
0.162553 -0.134525 -0.195502 -0.171398
0.162556 -0.134505 -0.195495 -0.171404
0.162446 -0.134603 -0.195522 -0.171482
0.162344 -0.134658 -0.195625 -0.171572
0.162241 -0.134747 -0.195652 -0.171646
0.162144 -0.134796 -0.195697 -0.171732
0.162046 -0.134877 -0.195755 -0.1718
0.161951 -0.13492 -0.195802 -0.17188
0.161951 -0.13492 -0.195802 -0.17188
0.161849 -0.134956 -0.195893 -0.171948
0.16167 -0.135082 -0.196006 -0.172074
0.16158 -0.135146 -0.196024 -0.172124
0.161489 -0.135191 -0.19608 -0.172177
0.161487 -0.135176 -0.196077 -0.172185
0.161213 -0.135292 -0.196297 -0.172319
0.161128 -0.135337 -0.196309 -0.172349
0.161123 -0.135326 -0.196309 -0.172355
0.161112 -0.135353 -0.196309 -0.172355
0.160955 -0.135395 -0.196426 -0.172411
0.160949 -0.135387 -0.196478 -0.172417
0.160782 -0.135438 -0.196545 -0.172456
0.160609 -0.135468 -0.19661 -0.172484
0.160609 -0.135468 -0.196666 -0.172483
0.160521 -0.135466 -0.196725 -0.172488
0.160433 -0.135461 -0.196729 -0.172492
0.160361 -0.135476 -0.196976 -0.172486
0.160361 -0.135476 -0.196976 -0.172486
0.160207 -0.135477 -0.196976 -0.172486
0.159932 -0.135424 -0.197228 -0.172423
0.159932 -0.135424 -0.197228 -0.172423
0.159802 -0.135383 -0.197353 -0.172376
0.159802 -0.135383 -0.197353 -0.172376
0.159727 -0.135371 -0.197424 -0.172349
0.159727 -0.135371 -0.197424 -0.172349
0.159612 -0.135302 -0.197536 -0.172287
0.159603 -0.135321 -0.197545 -0.172287
0.159487 -0.135238 -0.197657 -0.172218
0.15934 -0.135217 -0.197791 -0.172179
0.159364 -0.135166 -0.197776 -0.172142
0.159296 -0.135142 -0.197842 -0.172104
0.159296 -0.135142 -0.197842 -0.172104
0.159183 -0.135048 -0.197952 -0.17202
0.159118 -0.135018 -0.197996 -0.171933
0.159118 -0.135018 -0.197996 -0.171933
0.159005 -0.134919 -0.198125 -0.171886
0.159005 -0.134919 -0.198125 -0.171886
0.15891 -0.13478 -0.198242 -0.171797
0.158908 -0.134789 -0.198243 -0.171801
0.158773 -0.134735 -0.198353 -0.171697
0.158716 -0.134689 -0.198408 -0.17165
0.158581 -0.13465 -0.198442 -0.171553
0.158581 -0.13465 -0.198442 -0.171553
0.158548 -0.134546 -0.198574 -0.171504
0.158471 -0.134553 -0.198549 -0.171455
0.158222 -0.134264 -0.198898 -0.171218
0.158222 -0.134264 -0.198898 -0.171218
0.158173 -0.134224 -0.198946 -0.171179
0.158173 -0.134224 -0.198946 -0.171179
0.15799 -0.134015 -0.199145 -0.171005
0.157922 -0.134014 -0.199196 -0.170961
0.157879 -0.133978 -0.199239 -0.170931
0.157829 -0.133942 -0.199288 -0.170888
0.157788 -0.133908 -0.199328 -0.170859
0.15774 -0.133876 -0.199377 -0.170819
0.157702 -0.133841 -0.199414 -0.170794
0.157654 -0.133813 -0.199413 -0.170796
0.157611 -0.133784 -0.199505 -0.170726
0.157578 -0.133748 -0.19959 -0.170668
0.157578 -0.133748 -0.19959 -0.170668
0.157501 -0.133678 -0.199619 -0.170657
0.157501 -0.133678 -0.199619 -0.170657
0.157512 -0.133666 -0.199574 -0.170599
0.15736 -0.13364 -0.199681 -0.170573
0.157216 -0.133528 -0.1999 -0.17051
0.157215 -0.13353 -0.1999 -0.17051
0.157122 -0.133513 -0.2 -0.170457
0.157098 -0.133476 -0.20002 -0.170461
0.157098 -0.133476 -0.20002 -0.170461
0.157067 -0.133457 -0.200085 -0.170402
0.157017 -0.133457 -0.200157 -0.1704
0.156907 -0.13341 -0.200215 -0.170397
0.156922 -0.133386 -0.200195 -0.170417
0.156922 -0.133386 -0.200195 -0.170417
0.156922 -0.133386 -0.200171 -0.170361
0.156779 -0.133405 -0.200349 -0.170349
0.156759 -0.133367 -0.20044 -0.170359
0.156759 -0.133367 -0.200427 -0.170328
0.156663 -0.133377 -0.200467 -0.17032
0.156541 -0.133348 -0.200592 -0.170293
0.156541 -0.133348 -0.200592 -0.170293
0.156562 -0.133316 -0.200565 -0.170321
0.156552 -0.13334 -0.200634 -0.170285
0.156458 -0.13333 -0.200677 -0.170275
0.15644 -0.133283 -0.20078 -0.170291
0.15644 -0.133283 -0.20078 -0.170291
0.15633 -0.133299 -0.200808 -0.170244
0.156255 -0.133248 -0.200821 -0.170265
0.156255 -0.133248 -0.200916 -0.170262
0.156198 -0.133265 -0.200945 -0.170211
0.156153 -0.133252 -0.200991 -0.170198
0.156153 -0.133252 -0.200991 -0.170198
0.156039 -0.133154 -0.200969 -0.170255
0.156039 -0.133154 -0.200969 -0.170254
0.155967 -0.133198 -0.201182 -0.170146
0.155885 -0.133141 -0.201177 -0.170121
0.155872 -0.133169 -0.201279 -0.170118
0.155851 -0.133113 -0.201294 -0.170137
0.155839 -0.13314 -0.201398 -0.170133
0.155728 -0.133123 -0.201427 -0.170073
0.155641 -0.133067 -0.201444 -0.170089
0.15563 -0.133091 -0.201546 -0.170085
0.155581 -0.133075 -0.201495 -0.170073
0.155482 -0.133042 -0.201679 -0.169992
0.155506 -0.133004 -0.201648 -0.170023
0.155432 -0.133026 -0.20173 -0.169975
0.155391 -0.132987 -0.2017 -0.170005
0.155281 -0.132975 -0.201883 -0.169923
0.155281 -0.132974 -0.201883 -0.169923
0.155129 -0.132922 -0.202039 -0.16987
0.155129 -0.132922 -0.202039 -0.16987
0.155129 -0.132922 -0.202039 -0.16987
0.155036 -0.132868 -0.202161 -0.169879
0.155027 -0.132888 -0.202142 -0.169834
0.154977 -0.132871 -0.202213 -0.169859
0.154926 -0.132854 -0.202245 -0.169797
0.1549 -0.1328 -0.202349 -0.169761
0.154833 -0.132798 -0.202348 -0.169762
0.154723 -0.132786 -0.202452 -0.169727
0.154723 -0.132786 -0.202452 -0.169727
0.154673 -0.132769 -0.202503 -0.169711
0.154622 -0.132752 -0.202554 -0.169693
0.154655 -0.132648 -0.202756 -0.169608
0.154655 -0.132648 -0.202756 -0.169608
0.154306 -0.132621 -0.202871 -0.169619
0.154242 -0.132639 -0.202871 -0.169619
0.1542 -0.132629 -0.202984 -0.169569
0.154177 -0.132592 -0.20307 -0.169546
0.154116 -0.132611 -0.20307 -0.169546
0.154075 -0.132602 -0.203111 -0.169537
0.154055 -0.132565 -0.203193 -0.169518
0.154004 -0.132563 -0.203193 -0.169518
0.153954 -0.132577 -0.203233 -0.16951
0.153927 -0.132564 -0.203313 -0.169492
0.153876 -0.132562 -0.203313 -0.169492
0.153864 -0.132521 -0.203391 -0.169475
0.153864 -0.132521 -0.203391 -0.169475
0.153763 -0.132541 -0.20343 -0.169468
0.153726 -0.132534 -0.203468 -0.169459
0.153653 -0.13252 -0.203544 -0.169444
0.153653 -0.13252 -0.203544 -0.169444
0.153336 -0.132493 -0.203874 -0.169416
0.153336 -0.132493 -0.203874 -0.169416
0.153331 -0.132466 -0.203905 -0.169445
0.153333 -0.132445 -0.203896 -0.169478
0.153333 -0.132445 -0.203953 -0.169475
0.153269 -0.132511 -0.203946 -0.169427
0.153291 -0.132483 -0.203975 -0.169457
0.153277 -0.132487 -0.203931 -0.169466
0.153215 -0.13253 -0.204005 -0.16944
0.153215 -0.13253 -0.204005 -0.16944
0.15318 -0.13254 -0.203992 -0.169492
0.15318 -0.13254 -0.204062 -0.169488
0.15318 -0.13254 -0.204062 -0.169488
0.153193 -0.132543 -0.204094 -0.169533
0.15316 -0.132545 -0.204068 -0.169452
0.153164 -0.132498 -0.204029 -0.16951
0.153141 -0.132549 -0.204117 -0.169505
0.153132 -0.132549 -0.204103 -0.169452
0.153141 -0.13249 -0.204026 -0.169455
0.153141 -0.13249 -0.204026 -0.169455
0.153108 -0.132547 -0.204135 -0.16945
0.153095 -0.132544 -0.204081 -0.169524
0.153096 -0.132546 -0.204154 -0.169448
0.153091 -0.132545 -0.204162 -0.169446
0.15314 -0.132473 -0.204211 -0.169517
0.15314 -0.132473 -0.204211 -0.169517
0.153078 -0.13254 -0.204189 -0.16944
0.153078 -0.13254 -0.204189 -0.16944
0.153137 -0.13246 -0.20412 -0.169524
0.153078 -0.132537 -0.2042 -0.169435
0.153078 -0.132537 -0.2042 -0.169435
0.153081 -0.132535 -0.204201 -0.169436
0.153084 -0.132537 -0.204202 -0.169433
0.153094 -0.132538 -0.204119 -0.169528
0.153094 -0.132538 -0.204201 -0.169432
0.153101 -0.132539 -0.204199 -0.169432
0.153149 -0.132452 -0.204114 -0.16953
0.153118 -0.132542 -0.204191 -0.169435
0.153154 -0.132547 -0.204096 -0.169539
0.153139 -0.132548 -0.204096 -0.169538
0.153152 -0.132551 -0.204171 -0.169443
0.153238 -0.13246 -0.204151 -0.169452
0.153182 -0.13256 -0.204151 -0.169452
0.153208 -0.132565 -0.204058 -0.169557
0.153252 -0.132579 -0.204111 -0.16947
0.153237 -0.132578 -0.204111 -0.16947
0.153333 -0.132487 -0.203999 -0.169587
0.153284 -0.132595 -0.204078 -0.169484
0.153305 -0.132603 -0.204059 -0.169494
0.153357 -0.132623 -0.203898 -0.16952
0.153357 -0.132623 -0.203898 -0.16952
0.153385 -0.132634 -0.203996 -0.169524
0.153624 -0.132597 -0.203765 -0.169704
0.153624 -0.132598 -0.203727 -0.169618
0.153625 -0.132728 -0.203797 -0.169629
0.153687 -0.132764 -0.20363 -0.169666
0.153708 -0.132764 -0.203725 -0.169661
0.153752 -0.132782 -0.203687 -0.16968
0.153889 -0.132838 -0.203568 -0.169734
0.153889 -0.132838 -0.203568 -0.169734
0.153889 -0.132838 -0.203568 -0.169734
0.153937 -0.132856 -0.203526 -0.169754
0.154089 -0.132774 -0.203479 -0.169874
0.154034 -0.132896 -0.203441 -0.169787
0.154164 -0.132808 -0.203295 -0.169921
0.154164 -0.132808 -0.203295 -0.169921
0.154186 -0.132954 -0.203309 -0.169846
0.15429 -0.132993 -0.203218 -0.169885
0.15429 -0.132993 -0.203218 -0.169885
0.154397 -0.133034 -0.203125 -0.169924
0.154397 -0.133034 -0.203125 -0.169924
0.154634 -0.132807 -0.202979 -0.169989
0.154634 -0.132807 -0.202979 -0.169989
0.154634 -0.132807 -0.202979 -0.169989
0.154801 -0.133181 -0.202812 -0.170183
0.154801 -0.133181 -0.202812 -0.170183
0.155015 -0.133109 -0.202645 -0.170253
0.155015 -0.133109 -0.202645 -0.170253
0.155015 -0.133109 -0.202645 -0.170253
0.155121 -0.133308 -0.202489 -0.170204
0.155121 -0.133308 -0.202489 -0.170204
0.155253 -0.13336 -0.202372 -0.170257
0.155253 -0.13336 -0.202372 -0.170257
0.155346 -0.133415 -0.2023 -0.170419
0.155388 -0.133415 -0.202253 -0.170309
0.155667 -0.133527 -0.202054 -0.170537
0.155667 -0.133527 -0.202054 -0.170537
0.155696 -0.133555 -0.202036 -0.170678
0.155889 -0.133618 -0.201813 -0.170522
0.156043 -0.133475 -0.201631 -0.170561
0.155964 -0.13365 -0.201746 -0.170556
0.156119 -0.133719 -0.201609 -0.170622
0.156119 -0.133719 -0.201609 -0.170622
0.156223 -0.133791 -0.201518 -0.170806
0.156276 -0.133791 -0.20147 -0.170692
0.156357 -0.133827 -0.201399 -0.17073
0.156607 -0.13371 -0.201132 -0.170813
0.15652 -0.133905 -0.201255 -0.170808
0.156779 -0.133783 -0.200979 -0.170894
0.156779 -0.133783 -0.200979 -0.170894
0.156895 -0.133863 -0.200875 -0.171104
0.156953 -0.133863 -0.200824 -0.170982
0.156945 -0.13412 -0.20088 -0.171023
0.157162 -0.133994 -0.200637 -0.171248
0.157123 -0.134218 -0.200723 -0.171117
0.157214 -0.134266 -0.200643 -0.171168
0.157242 -0.134319 -0.200614 -0.171346
0.157306 -0.134319 -0.200562 -0.171219
0.157591 -0.134485 -0.200272 -0.17165
0.157591 -0.134485 -0.200272 -0.17165
0.157719 -0.1346 -0.200189 -0.171632
0.157719 -0.1346 -0.200189 -0.171632
0.15811 -0.134465 -0.199955 -0.171626
0.157994 -0.134726 -0.199955 -0.171626
0.158099 -0.134789 -0.199863 -0.171692
0.158205 -0.134857 -0.199769 -0.171757
0.158313 -0.134924 -0.199673 -0.171827
0.158575 -0.134789 -0.199382 -0.172103
0.158326 -0.13535 -0.199678 -0.172092
0.158906 -0.135365 -0.198974 -0.172406
0.158999 -0.135365 -0.198923 -0.172279
0.159119 -0.135441 -0.198957 -0.172354
0.159143 -0.135524 -0.198899 -0.17256
0.159365 -0.135602 -0.198738 -0.172515
0.159616 -0.135771 -0.19838 -0.172685
0.159616 -0.135771 -0.198514 -0.17268
0.159872 -0.135939 -0.198148 -0.172851
0.159872 -0.135939 -0.198148 -0.172851
0.160943 -0.136247 -0.197358 -0.173584
0.160943 -0.136247 -0.197358 -0.173584
0.161481 -0.135945 -0.196937 -0.173732
0.161481 -0.135945 -0.196937 -0.173732
0.161481 -0.135945 -0.196937 -0.173732
0.16165 -0.137023 -0.196644 -0.173967
0.161781 -0.136842 -0.196553 -0.174141
0.161781 -0.136842 -0.196553 -0.174141
0.161786 -0.137097 -0.196517 -0.174045
0.16206 -0.136987 -0.196309 -0.174294
0.162186 -0.136986 -0.196309 -0.174294
0.162203 -0.137336 -0.196139 -0.174252
0.162492 -0.137204 -0.195938 -0.174521
0.162492 -0.137204 -0.195938 -0.174521
0.163169 -0.137829 -0.195274 -0.174762
0.163325 -0.137615 -0.195197 -0.174968
0.163309 -0.137901 -0.195148 -0.174836
0.163449 -0.137969 -0.195024 -0.174901
0.163731 -0.138115 -0.194773 -0.175035
0.163731 -0.138115 -0.194773 -0.175035
0.164156 -0.138331 -0.194394 -0.175246
0.164156 -0.138331 -0.194394 -0.175246
0.164156 -0.138331 -0.194394 -0.175246
0.164327 -0.138098 -0.194319 -0.175469
0.164443 -0.138478 -0.194139 -0.175394
0.164771 -0.138308 -0.193777 -0.175706
0.164878 -0.138301 -0.19394 -0.175705
0.164878 -0.138716 -0.193753 -0.175625
0.165222 -0.138535 -0.193374 -0.175961
0.16533 -0.138528 -0.193374 -0.175961
0.165324 -0.138976 -0.19336 -0.175881
0.165684 -0.138788 -0.1929 -0.17607
0.165797 -0.13878 -0.1929 -0.17607
0.165671 -0.139271 -0.192953 -0.176167
0.165944 -0.139368 -0.192813 -0.176269
0.165944 -0.139368 -0.192813 -0.176269
0.166489 -0.139282 -0.192187 -0.176602
0.166303 -0.13971 -0.192187 -0.176602
0.16683 -0.139506 -0.191943 -0.177012
0.166637 -0.139952 -0.191943 -0.177012
0.166945 -0.140065 -0.19193 -0.176964
0.167181 -0.139746 -0.191572 -0.177092
0.1673 -0.140329 -0.191615 -0.177226
0.167878 -0.140124 -0.191287 -0.177504
0.167666 -0.140612 -0.191287 -0.177504
0.168104 -0.140411 -0.190795 -0.177967
0.168262 -0.140398 -0.190998 -0.177967
0.168235 -0.141056 -0.190759 -0.177949
0.168299 -0.141402 -0.190387 -0.178264
0.168299 -0.141402 -0.190387 -0.178264
0.169033 -0.141707 -0.189995 -0.178591
0.169033 -0.141707 -0.189995 -0.178591
0.169658 -0.142219 -0.189232 -0.179282
0.169658 -0.14222 -0.189373 -0.179114
0.169658 -0.14222 -0.189373 -0.179114
0.170087 -0.142583 -0.188798 -0.179648
0.170088 -0.142585 -0.188947 -0.179468
0.170307 -0.142767 -0.188732 -0.179652
0.17102 -0.14253 -0.188138 -0.180205
0.170751 -0.14315 -0.188297 -0.180029
0.171285 -0.14292 -0.187682 -0.1806
0.171285 -0.14292 -0.187682 -0.1806
0.171958 -0.143282 -0.187375 -0.180817
0.172276 -0.142851 -0.187189 -0.181208
0.172276 -0.142851 -0.187132 -0.181021
0.17239 -0.144552 -0.186625 -0.181434
0.17239 -0.144552 -0.186625 -0.181434
0.172961 -0.144318 -0.185953 -0.182038
0.172961 -0.144318 -0.186161 -0.182041
0.173466 -0.144727 -0.185411 -0.182471
0.173155 -0.145433 -0.185576 -0.182275
0.173633 -0.14562 -0.18537 -0.182689
0.174499 -0.145579 -0.184561 -0.183352
0.174499 -0.145579 -0.184561 -0.183352
0.174852 -0.145096 -0.184336 -0.183776
0.174852 -0.145096 -0.184336 -0.183776
0.174936 -0.146718 -0.183932 -0.1836
0.175474 -0.147176 -0.183362 -0.184044
0.175474 -0.147176 -0.183362 -0.184044
0.176124 -0.146887 -0.182598 -0.18471
0.176299 -0.147862 -0.182501 -0.184728
0.176299 -0.147862 -0.182501 -0.184728
0.177217 -0.147526 -0.181722 -0.185403
0.176862 -0.148325 -0.181919 -0.185192
0.177544 -0.148016 -0.181127 -0.185879
0.177544 -0.148016 -0.181128 -0.185878
0.177728 -0.149034 -0.181047 -0.185898
0.178052 -0.149564 -0.180527 -0.18661
0.178052 -0.149564 -0.180528 -0.186609
0.17862 -0.149764 -0.18017 -0.186624
0.179231 -0.150267 -0.179288 -0.187109
0.179231 -0.150267 -0.179288 -0.187109
0.180833 -0.151825 -0.177461 -0.18885
0.180833 -0.151825 -0.177411 -0.188649
0.181459 -0.152003 -0.177286 -0.188913
0.182113 -0.152499 -0.176591 -0.189406
0.182113 -0.152499 -0.176591 -0.189406
0.18244 -0.152731 -0.176246 -0.189651
0.183165 -0.152419 -0.175633 -0.190326
0.183099 -0.153216 -0.175584 -0.190122
0.18447 -0.153347 -0.174143 -0.191226
0.184478 -0.153355 -0.174099 -0.191032
0.184992 -0.154501 -0.173728 -0.191676
0.184992 -0.154501 -0.173683 -0.191477
0.18598 -0.154117 -0.172905 -0.19208
0.185606 -0.154924 -0.173125 -0.192098
0.185926 -0.155137 -0.172783 -0.192106
0.186969 -0.154752 -0.17196 -0.192497
0.186596 -0.155552 -0.172188 -0.192512
0.187268 -0.155968 -0.171593 -0.192909
0.188325 -0.155544 -0.170745 -0.193297
0.18794 -0.156367 -0.170998 -0.193313
0.18794 -0.156367 -0.170998 -0.193313
0.188277 -0.15656 -0.1707 -0.193513
0.188285 -0.156843 -0.17045 -0.193946
0.189972 -0.15759 -0.169202 -0.194545
0.189972 -0.15759 -0.169202 -0.194545
0.190657 -0.158019 -0.168307 -0.194935
0.190657 -0.158019 -0.168596 -0.194959
0.191001 -0.158228 -0.168292 -0.195173
0.191798 -0.157838 -0.167428 -0.19582
0.191798 -0.157838 -0.167428 -0.19582
0.193811 -0.159131 -0.165597 -0.197129
0.193811 -0.159131 -0.165597 -0.197129
0.193975 -0.160159 -0.165496 -0.19716
0.194634 -0.160616 -0.164899 -0.197801
0.194634 -0.160616 -0.164899 -0.197801
0.194986 -0.160834 -0.164544 -0.19782
0.195701 -0.161292 -0.163912 -0.198264
0.195701 -0.161292 -0.163912 -0.198264
0.196512 -0.1609 -0.163036 -0.198906
0.196416 -0.161762 -0.16328 -0.198713
0.196772 -0.161991 -0.162964 -0.198945
0.197618 -0.161571 -0.162047 -0.199621
0.197618 -0.161571 -0.162047 -0.199621
0.197827 -0.16308 -0.161385 -0.200124
0.197827 -0.16308 -0.161385 -0.200124
0.199475 -0.162412 -0.16105 -0.200426
0.198934 -0.163493 -0.16105 -0.200426
0.199847 -0.16301 -0.160051 -0.201177
0.20025 -0.162903 -0.160396 -0.200959
0.202339 -0.166057 -0.157982 -0.203028
0.202339 -0.166057 -0.157982 -0.203028
0.20362 -0.166068 -0.156276 -0.204329
0.20362 -0.166068 -0.156276 -0.204329
0.204141 -0.165461 -0.1557 -0.204725
0.203577 -0.167271 -0.1557 -0.204725
0.203838 -0.167563 -0.155778 -0.204807
0.204537 -0.168179 -0.155067 -0.205377
0.204537 -0.168179 -0.155067 -0.205377
0.205749 -0.16908 -0.153981 -0.206301
0.206276 -0.168358 -0.153308 -0.20657
0.206276 -0.168358 -0.153308 -0.20657
0.206276 -0.168358 -0.153308 -0.20657
0.206951 -0.170015 -0.152917 -0.207202
0.206951 -0.170015 -0.152916 -0.207204
0.207213 -0.170837 -0.151829 -0.207994
0.207213 -0.170837 -0.151829 -0.207994
0.208153 -0.170991 -0.151847 -0.208146
0.208968 -0.171723 -0.151157 -0.209053
0.208968 -0.171723 -0.151157 -0.209053
0.210072 -0.17113 -0.149907 -0.209709
0.210697 -0.17093 -0.149907 -0.209709
0.212 -0.169765 -0.150007 -0.209882
0.210447 -0.173968 -0.149238 -0.210634
0.21108 -0.17371 -0.149238 -0.210634
0.211517 -0.174116 -0.148846 -0.211029
0.212276 -0.173077 -0.148447 -0.211425
0.212415 -0.174997 -0.148042 -0.211835
0.212102 -0.175729 -0.147631 -0.212248
0.214503 -0.177994 -0.144941 -0.214404
0.215255 -0.177751 -0.14546 -0.214458
0.215674 -0.178087 -0.144986 -0.214907
0.215798 -0.17914 -0.144048 -0.215795
0.21641 -0.178927 -0.144048 -0.215795
0.217502 -0.178318 -0.142669 -0.216781
0.217146 -0.179793 -0.142649 -0.21662
0.218748 -0.18158 -0.140857 -0.218836
0.218748 -0.18158 -0.140857 -0.218836
0.219684 -0.180933 -0.139549 -0.219738
0.219156 -0.182253 -0.139535 -0.219638
0.219413 -0.182763 -0.138573 -0.221144
0.218375 -0.184263 -0.138573 -0.221144
0.219899 -0.183707 -0.138541 -0.220915
0.22088 -0.183073 -0.137656 -0.221839
0.220888 -0.183077 -0.13764 -0.221853
0.221006 -0.18488 -0.137159 -0.22212
0.223228 -0.183877 -0.13625 -0.2229
0.22323 -0.183878 -0.136241 -0.222907
0.222383 -0.186025 -0.135786 -0.223295
0.223102 -0.186639 -0.134887 -0.224042
0.223126 -0.186652 -0.134884 -0.224045
0.223445 -0.186883 -0.134438 -0.22441
0.223977 -0.187359 -0.133558 -0.22511
0.224017 -0.18738 -0.13355 -0.225117
0.22428 -0.187555 -0.13311 -0.225462
0.225783 -0.186515 -0.132276 -0.226328
0.224744 -0.187888 -0.132276 -0.226328
0.228171 -0.185896 -0.126909 -0.229596
0.228167 -0.185894 -0.126907 -0.229598
0.229328 -0.184806 -0.12615 -0.23028
0.229855 -0.184019 -0.125449 -0.230615
0.229855 -0.184019 -0.125449 -0.230615
0.229725 -0.184405 -0.125706 -0.23055
0.230661 -0.183091 -0.124548 -0.231152
0.23053 -0.183463 -0.124857 -0.231035
0.23094 -0.183041 -0.124507 -0.231263
0.231878 -0.181757 -0.12347 -0.231812
0.231766 -0.182206 -0.123935 -0.231685
0.23218 -0.181712 -0.123697 -0.23187
0.23312 -0.180318 -0.122731 -0.232373
0.23312 -0.180318 -0.122731 -0.232373
0.234794 -0.178565 -0.122202 -0.232825
0.234739 -0.178541 -0.122202 -0.232825
0.236024 -0.176959 -0.121607 -0.233091
0.235971 -0.176937 -0.121607 -0.233091
0.236055 -0.176849 -0.121306 -0.233215
0.23691 -0.175769 -0.120559 -0.233866
0.236898 -0.175765 -0.120559 -0.233866
0.2373 -0.175196 -0.120172 -0.234148
0.23816 -0.173734 -0.119136 -0.234668
0.23816 -0.173734 -0.119136 -0.234668
0.238422 -0.173489 -0.119053 -0.234984
0.239121 -0.172413 -0.117985 -0.235569
0.239121 -0.172413 -0.118003 -0.235558
0.239608 -0.171539 -0.117623 -0.23587
0.240593 -0.169969 -0.117346 -0.236537
0.241132 -0.169078 -0.116588 -0.236836
0.240318 -0.170204 -0.116588 -0.236836
0.241897 -0.167419 -0.115311 -0.238188
0.241718 -0.167669 -0.115809 -0.238212
0.242888 -0.165557 -0.114919 -0.239254
0.242888 -0.165557 -0.114919 -0.239254
0.243467 -0.164625 -0.114094 -0.23957
0.243312 -0.164826 -0.114633 -0.239604
0.243787 -0.16406 -0.11435 -0.239958
0.246351 -0.159677 -0.112494 -0.241677
0.246361 -0.159661 -0.113107 -0.241687
0.247543 -0.157716 -0.111955 -0.242361
0.24755 -0.157706 -0.1125 -0.242405
0.248262 -0.15666 -0.112241 -0.242733
0.249633 -0.154595 -0.111115 -0.243381
0.249633 -0.154595 -0.11111 -0.243383
0.250346 -0.153541 -0.111471 -0.243701
0.251785 -0.151423 -0.110346 -0.244336
0.251785 -0.151423 -0.110345 -0.244337
0.252514 -0.150355 -0.110715 -0.244664
0.25396 -0.148216 -0.110216 -0.245325
0.253964 -0.148217 -0.110216 -0.245325
0.254684 -0.147152 -0.10998 -0.245656
0.256086 -0.145024 -0.109489 -0.246321
0.256096 -0.145027 -0.109489 -0.246321
0.256787 -0.14397 -0.109263 -0.24665
0.263499 -0.133357 -0.10674 -0.250424
0.263499 -0.133357 -0.10674 -0.250424
0.263499 -0.133357 -0.10674 -0.250424
0.266974 -0.127705 -0.104747 -0.253304
0.266974 -0.127705 -0.104747 -0.253304
0.267578 -0.126578 -0.104271 -0.25399
0.267592 -0.126567 -0.104257 -0.253997
0.26807 -0.125446 -0.103779 -0.254667
0.26807 -0.125446 -0.103779 -0.254667
0.269026 -0.122834 -0.102633 -0.256254
0.269301 -0.122216 -0.102093 -0.256417
0.269324 -0.1222 -0.102403 -0.25655
0.269611 -0.121137 -0.10196 -0.256978
0.269417 -0.121285 -0.10196 -0.256978
0.269571 -0.12068 -0.101816 -0.257396
0.27003 -0.119356 -0.101526 -0.257921
0.269821 -0.119517 -0.101526 -0.257921
0.269949 -0.118916 -0.101378 -0.258179
0.270428 -0.117471 -0.101133 -0.25867
0.270212 -0.11764 -0.101133 -0.25867
0.270354 -0.116982 -0.101013 -0.258908
0.270499 -0.116293 -0.100905 -0.259139
0.271104 -0.114111 -0.100061 -0.259774
0.271104 -0.114111 -0.100056 -0.259776
0.271104 -0.114111 -0.100056 -0.259776
0.271524 -0.112476 -0.0998317 -0.260209
0.271353 -0.112614 -0.100338 -0.260239
0.272166 -0.109336 -0.0997236 -0.261069
0.272166 -0.109336 -0.0997236 -0.261069
0.272558 -0.107833 -0.099373 -0.261479
0.272558 -0.107833 -0.099373 -0.261479
0.27287 -0.106799 -0.0992023 -0.26168
0.273107 -0.1059 -0.0990048 -0.261802
0.274636 -0.101334 -0.097733 -0.262854
0.274426 -0.101413 -0.0977913 -0.262941
0.274693 -0.100513 -0.0980791 -0.263068
0.275208 -0.0988576 -0.0972972 -0.263448
0.275464 -0.0979232 -0.0975702 -0.263573
0.275503 -0.0977273 -0.097587 -0.263567
0.275776 -0.0968151 -0.0974883 -0.263882
0.276267 -0.0951663 -0.097141 -0.264194
0.276267 -0.0951663 -0.097141 -0.264194
0.27654 -0.094014 -0.0970667 -0.264527
0.277013 -0.0923562 -0.0967372 -0.264838
0.277013 -0.0923562 -0.0967372 -0.264838
0.277246 -0.0912147 -0.0966681 -0.265193
0.277464 -0.0902734 -0.0965416 -0.265422
0.277766 -0.0887115 -0.096299 -0.265897
0.27788 -0.0883885 -0.096299 -0.265897
0.278086 -0.0874619 -0.0961828 -0.266142
0.278275 -0.0865113 -0.096071 -0.26639
0.278492 -0.0857836 -0.0958769 -0.266474
0.278564 -0.0843922 -0.0957574 -0.267172
0.278564 -0.0843922 -0.0957574 -0.267172
0.278632 -0.0837981 -0.0956594 -0.267445
0.280577 -0.0751952 -0.094484 -0.270036
0.280622 -0.0749854 -0.094484 -0.270036
0.280923 -0.0736858 -0.0943428 -0.270711
0.280837 -0.0737639 -0.0947628 -0.270928
0.281065 -0.0726713 -0.0946917 -0.271283
0.281186 -0.071883 -0.0946229 -0.271641
0.281836 -0.0674767 -0.094257 -0.273888
0.281836 -0.0674767 -0.094257 -0.273888
0.282017 -0.0667305 -0.0942052 -0.274277
0.282129 -0.065449 -0.0941111 -0.275066
0.282129 -0.065449 -0.0941111 -0.275066
0.282204 -0.0647557 -0.0940691 -0.275465
0.282439 -0.0628033 -0.093517 -0.276401
0.282439 -0.0628033 -0.0937669 -0.276333
0.282373 -0.0626286 -0.0939608 -0.276681
0.28255 -0.0614103 -0.0934446 -0.277222
0.28255 -0.0614103 -0.0934446 -0.277222
0.282625 -0.059921 -0.0933663 -0.278062
0.282625 -0.059921 -0.0933663 -0.278062
0.282665 -0.0583893 -0.0935545 -0.279273
0.282552 -0.0581805 -0.0938534 -0.279187
0.28277 -0.057184 -0.0935332 -0.279706
0.282792 -0.056351 -0.0935366 -0.280139
0.282574 -0.0557725 -0.0929775 -0.280288
0.282214 -0.0561783 -0.0935202 -0.280582
0.282633 -0.0541641 -0.0935474 -0.281465
0.282667 -0.0533605 -0.0938792 -0.281818
0.282563 -0.0530205 -0.0935884 -0.282365
0.282677 -0.0516002 -0.0939279 -0.28273
0.282681 -0.049776 -0.0936746 -0.283764
0.282681 -0.049776 -0.0939925 -0.283665
0.282596 -0.0494789 -0.0943129 -0.283564
0.282715 -0.047949 -0.0940739 -0.284622
0.282721 -0.0469988 -0.0941217 -0.285111
0.282752 -0.0450929 -0.0939217 -0.285657
0.282752 -0.0450929 -0.0942316 -0.286106
0.282783 -0.044151 -0.0942908 -0.286614
0.282707 -0.0427978 -0.0940899 -0.287185
0.282801 -0.0421738 -0.0944254 -0.287657
0.282823 -0.0411955 -0.0944981 -0.288186
0.282759 -0.039813 -0.0940152 -0.288878
0.282844 -0.0391907 -0.0946533 -0.289279
0.282954 -0.036617 -0.0942798 -0.290548
0.282954 -0.036617 -0.0942798 -0.290548
0.282895 -0.0361964 -0.0945465 -0.290458
0.282932 -0.0352307 -0.0950206 -0.291551
0.283006 -0.0336571 -0.0945791 -0.292298
0.283005 -0.0336569 -0.0945856 -0.292296
0.282922 -0.0321766 -0.0953415 -0.293366
0.282914 -0.0311609 -0.0952303 -0.29407
0.282932 -0.0262562 -0.095427 -0.296708
0.282932 -0.0262562 -0.095427 -0.296708
0.283037 -0.0239187 -0.0960183 -0.298658
0.282986 -0.0239872 -0.0965081 -0.299264
0.282986 -0.0239872 -0.0965081 -0.299264
0.283075 -0.0221516 -0.0961508 -0.300095
0.283002 -0.0217106 -0.0968042 -0.300671
0.282969 -0.020772 -0.096958 -0.301381
0.282967 -0.0174371 -0.0958255 -0.303225
0.282967 -0.0174371 -0.0958255 -0.303225
0.282809 -0.0145753 -0.0975422 -0.305871
0.282809 -0.0145753 -0.0975422 -0.305871
0.28282 -0.0127144 -0.0978233 -0.307405
0.28282 -0.0127144 -0.0978816 -0.307382
0.282715 -0.0109963 -0.0987843 -0.309592
0.282715 -0.0109963 -0.0987843 -0.309592
0.282554 -0.0103007 -0.0990124 -0.310344
0.282501 -0.00839165 -0.0987666 -0.311244
0.282506 -0.00839227 -0.0993743 -0.311913
0.282409 -0.00757639 -0.0995871 -0.312684
0.282222 -0.00685745 -0.0997841 -0.313476
0.282127 -0.00499186 -0.100193 -0.31506
0.28203 -0.0051386 -0.100186 -0.315063
0.281859 -0.00463119 -0.0993651 -0.315291
0.281859 -0.00463119 -0.0993651 -0.315291
0.281668 -0.000560728 -0.101441 -0.319878
0.281655 0.000268613 -0.101039 -0.319991
0.281463 0.000512168 -0.101659 -0.320694
0.281462 0.000884451 -0.10126 -0.320806
0.281082 0.00297917 -0.102331 -0.323151
0.281082 0.00297917 -0.102331 -0.323151
0.281004 0.00322965 -0.102554 -0.323964
0.280867 0.00455875 -0.102788 -0.324782
0.280713 0.00539748 -0.103021 -0.325625
0.280579 0.00552429 -0.103255 -0.326464
0.280394 0.00707858 -0.103496 -0.327293
0.280238 0.00791077 -0.103737 -0.32814
0.28006 0.00904302 -0.102785 -0.328452
0.28006 0.00904302 -0.102785 -0.328452
0.279745 0.0106738 -0.104723 -0.331557
0.279745 0.0106738 -0.104723 -0.331557
0.279448 0.01202 -0.104974 -0.332417
0.279259 0.0130819 -0.105487 -0.334183
0.279095 0.0136583 -0.105487 -0.334183
0.278934 0.0144496 -0.105745 -0.335061
0.27874 0.0154625 -0.10627 -0.336856
0.278598 0.0160201 -0.10627 -0.336856
0.278439 0.0167801 -0.106535 -0.337759
0.278236 0.017742 -0.107075 -0.339596
0.278058 0.0183407 -0.107075 -0.339596
0.277882 0.0190919 -0.107347 -0.340519
0.277698 0.019844 -0.107156 -0.340579
0.277328 0.0213065 -0.108182 -0.343364
0.277328 0.0213065 -0.108182 -0.343364
0.277129 0.0221432 -0.108314 -0.344366
0.277129 0.0221432 -0.108314 -0.344366
0.27607 0.026483 -0.110964 -0.350964
0.27607 0.026483 -0.110964 -0.350964
0.275326 0.0299877 -0.112625 -0.35791
0.275326 0.0299877 -0.112625 -0.35791
0.275087 0.0309522 -0.113629 -0.359629
0.275101 0.030951 -0.113239 -0.359793
0.27497 0.0314482 -0.113545 -0.360728
0.274626 0.0325195 -0.114162 -0.362595
0.274626 0.0325195 -0.114162 -0.362595
0.274458 0.0330524 -0.11447 -0.363516
0.274234 0.0337082 -0.114659 -0.364497
0.27424 0.0337078 -0.114209 -0.364686
0.273656 0.0353016 -0.115718 -0.367224
0.273656 0.0353016 -0.115718 -0.367224
0.273251 0.0364105 -0.116345 -0.36907
0.273251 0.0364105 -0.116345 -0.36907
0.27305 0.0369526 -0.116659 -0.369997
0.272808 0.0374615 -0.117024 -0.370946
0.272603 0.0380449 -0.117293 -0.371902
0.272399 0.0385552 -0.11761 -0.37284
0.272179 0.0389546 -0.118985 -0.374459
0.271957 0.0395596 -0.118248 -0.374767
0.271754 0.0400216 -0.118567 -0.375737
0.271488 0.04023 -0.119211 -0.377721
0.271488 0.04023 -0.119211 -0.377721
0.271104 0.0409668 -0.119859 -0.379756
0.270895 0.0413501 -0.120186 -0.380775
0.270577 0.0424046 -0.119533 -0.381093
0.270548 0.042347 -0.119533 -0.381093
0.270317 0.0422183 -0.120111 -0.383182
0.270141 0.0429512 -0.121172 -0.383931
0.269956 0.0428871 -0.121947 -0.384896
0.269956 0.0428871 -0.121947 -0.384896
0.26949 0.0437094 -0.122184 -0.387219
0.269135 0.0442044 -0.122871 -0.389498
0.269076 0.0440846 -0.122871 -0.389498
0.26896 0.0437682 -0.122386 -0.391037
0.268956 0.0437686 -0.123567 -0.391846
0.268506 0.0444408 -0.123921 -0.393039
0.268147 0.044799 -0.124952 -0.394103
0.268147 0.044799 -0.123413 -0.394699
0.267867 0.0446702 -0.125004 -0.396772
0.267658 0.0439775 -0.126131 -0.397872
0.267464 0.0447115 -0.124443 -0.398515
0.26728 0.0446893 -0.126117 -0.400688
0.267166 0.0440467 -0.128722 -0.402732
0.26689 0.044619 -0.128722 -0.402732
0.266716 0.0445447 -0.127262 -0.404801
0.266618 0.0438074 -0.130009 -0.406918
0.266618 0.0438074 -0.130009 -0.406918
0.266176 0.0442566 -0.128441 -0.409094
0.265837 0.0439812 -0.127712 -0.41109
0.265839 0.043981 -0.129246 -0.412072
0.26593 0.0432771 -0.131818 -0.412796
0.265786 0.0430886 -0.13232 -0.41433
0.265878 0.0423599 -0.133351 -0.414049
0.264852 0.040566 -0.143572 -0.427612
0.264852 0.040566 -0.143568 -0.427613
0.264539 0.040592 -0.136976 -0.431785
0.264539 0.040592 -0.140257 -0.433618
0.264586 0.0400924 -0.141021 -0.433401
0.264586 0.0400924 -0.141021 -0.433401
0.264431 0.0402542 -0.138645 -0.437327
0.264286 0.0401748 -0.139658 -0.43899
0.264184 0.0395543 -0.139393 -0.441264
0.264017 0.0401578 -0.141644 -0.442461
0.26352 0.039601 -0.145769 -0.450417
0.26352 0.039601 -0.145769 -0.450417
0.26336 0.0392597 -0.147276 -0.453242
0.263346 0.0392351 -0.147276 -0.453242
0.263346 0.0392351 -0.147276 -0.453242
0.263182 0.0390477 -0.14854 -0.455848
0.263146 0.0389817 -0.14854 -0.455848
0.263019 0.0388543 -0.149233 -0.457502
0.262765 0.0386868 -0.15045 -0.461043
0.262723 0.0386118 -0.15045 -0.461043
0.262597 0.0384695 -0.150837 -0.462594
0.262644 0.0376985 -0.149076 -0.46319
0.262205 0.0380987 -0.151399 -0.466905
0.262172 0.03804 -0.151399 -0.466905
0.262045 0.0378635 -0.151417 -0.468192
0.261741 0.0375136 -0.151354 -0.470831
0.261741 0.0375136 -0.151354 -0.470831
0.26132 0.0365152 -0.150618 -0.47487
0.261394 0.035819 -0.151776 -0.474544
0.261394 0.035819 -0.151771 -0.474546
0.260873 0.035753 -0.150191 -0.47787
0.260873 0.035753 -0.150193 -0.477869
0.260959 0.0350455 -0.151374 -0.47754
0.26006 0.0345537 -0.147458 -0.480896
0.260133 0.0338188 -0.148615 -0.480583
0.259879 0.0338761 -0.145797 -0.481737
0.259811 0.0327989 -0.146348 -0.481963
0.259567 0.0332582 -0.144344 -0.482947
0.259405 0.0329461 -0.143593 -0.483529
0.259225 0.0326458 -0.142849 -0.484134
0.259032 0.0323553 -0.142111 -0.484744
0.258856 0.0320496 -0.141348 -0.48529
0.258454 0.0314837 -0.139806 -0.486458
0.258454 0.0314837 -0.139806 -0.486458
0.258261 0.031196 -0.139033 -0.486989
0.25783 0.0306721 -0.14027 -0.487541
0.25783 0.0306721 -0.137503 -0.488118
0.257625 0.0304062 -0.13673 -0.488629
0.257272 0.0300854 -0.137284 -0.488846
0.257173 0.0299243 -0.135193 -0.489709
0.25696 0.0296792 -0.134412 -0.490182
0.256795 0.0286966 -0.134945 -0.490338
0.256494 0.0292397 -0.135537 -0.49062
0.256464 0.028353 -0.131524 -0.491267
0.254752 0.0258388 -0.128256 -0.493167
0.254752 0.0258388 -0.128256 -0.493167
0.254455 0.0252621 -0.125205 -0.493714
0.254455 0.0252621 -0.125205 -0.493714
0.254485 0.0247583 -0.126102 -0.493519
0.254256 0.0241804 -0.126041 -0.493727
0.25373 0.024058 -0.126563 -0.494131
0.25373 0.024058 -0.125231 -0.494305
0.25373 0.024058 -0.125231 -0.494305
0.253555 0.0238919 -0.125199 -0.494438
0.253376 0.0232192 -0.127186 -0.494003
0.253101 0.0237126 -0.126115 -0.494354
0.252873 0.0236357 -0.124756 -0.494829
0.252679 0.0229565 -0.125567 -0.494738
0.252666 0.0229603 -0.124106 -0.495088
0.252188 0.0234428 -0.123677 -0.495174
0.251962 0.0233747 -0.123168 -0.495255
0.251962 0.0233747 -0.123168 -0.495255
0.25151 0.0232197 -0.121934 -0.49534
0.250875 0.0228638 -0.119679 -0.495262
0.250875 0.0228638 -0.119679 -0.495262
0.250875 0.0228638 -0.119679 -0.495262
0.250736 0.0219914 -0.120138 -0.494928
0.250656 0.0218769 -0.120138 -0.494928
0.250223 0.0224064 -0.117183 -0.49507
0.24996 0.0222813 -0.116266 -0.494988
0.249442 0.0220003 -0.1143 -0.494714
0.249442 0.0220003 -0.1143 -0.494714
0.249484 0.0212894 -0.115584 -0.494463
0.248891 0.0207804 -0.111192 -0.4941
0.248686 0.0214947 -0.111189 -0.494101
0.248431 0.0213144 -0.110131 -0.493857
0.248431 0.0213144 -0.110131 -0.493857
0.247984 0.0195463 -0.110512 -0.492852
0.247415 0.0198911 -0.107592 -0.4928
0.247415 0.0198911 -0.107108 -0.492487
0.246887 0.0201614 -0.103809 -0.492058
0.246887 0.0201614 -0.103809 -0.492058
0.246638 0.0199538 -0.10279 -0.491697
0.245813 0.0194237 -0.0996706 -0.490488
0.245813 0.0194237 -0.0996706 -0.490488
0.245813 0.0194237 -0.0996706 -0.490488
0.245744 0.0186182 -0.100882 -0.490288
0.245127 0.0181599 -0.0999856 -0.489233
0.245127 0.0181599 -0.0979056 -0.488993
0.245127 0.0181599 -0.0979056 -0.488993
0.244582 0.0178162 -0.0962592 -0.488144
0.244373 0.0185362 -0.0941963 -0.487823
0.243935 0.018248 -0.093243 -0.487279
0.243611 0.0181742 -0.0922342 -0.486685
0.243286 0.0181079 -0.0911766 -0.486058
0.242695 0.0179239 -0.0895194 -0.485174
0.242684 0.0179279 -0.0889928 -0.484758
0.242398 0.01782 -0.0878851 -0.484076
0.242018 0.0168999 -0.0879756 -0.483188
0.241804 0.0176289 -0.0861661 -0.483093
0.24151 0.0175165 -0.0844955 -0.481906
0.241126 0.0165896 -0.0845704 -0.480959
0.240917 0.017303 -0.0822033 -0.4803
0.240636 0.0171731 -0.0810712 -0.479485
0.238047 0.0133798 -0.0719131 -0.470177
0.238052 0.0129773 -0.0726436 -0.470093
0.237868 0.0119317 -0.0733457 -0.469282
0.237805 0.0118559 -0.0733457 -0.469282
0.237683 0.01229 -0.0732301 -0.469165
0.237583 0.0120773 -0.0728423 -0.468817
0.237364 0.0114636 -0.0737497 -0.468358
0.237364 0.0114636 -0.0737497 -0.468358
0.237083 0.0117561 -0.0733065 -0.467575
0.236881 0.0112778 -0.0741184 -0.466957
0.236807 0.0111905 -0.0736702 -0.4669
0.236457 0.0116759 -0.0731053 -0.465859
0.236233 0.0111847 -0.0737583 -0.46508
0.23601 0.0116624 -0.0730604 -0.464988
0.235961 0.0110972 -0.0729822 -0.46387
0.23492 0.0114695 -0.0717107 -0.461151
0.234892 0.0114814 -0.0701947 -0.460403
0.234716 0.0113467 -0.0696261 -0.459576
0.234322 0.0110897 -0.0699722 -0.458587
0.234322 0.0110897 -0.069412 -0.457948
0.234115 0.0109524 -0.0678132 -0.456878
0.233808 0.0101877 -0.0681153 -0.455795
0.233808 0.0101877 -0.0681153 -0.455795
0.233447 0.0105472 -0.0658505 -0.453919
0.233249 0.00983788 -0.0661464 -0.452858
0.233003 0.0102436 -0.0645097 -0.451897
0.232236 0.00990062 -0.0623386 -0.448522
0.232236 0.00990062 -0.0623386 -0.448522
0.232236 0.00990062 -0.0623386 -0.448522
0.231603 0.00885029 -0.0617138 -0.445999
0.231603 0.00885029 -0.0607272 -0.444696
0.231152 0.00904174 -0.0591485 -0.443457
0.230909 0.00840704 -0.0594373 -0.442234
0.230909 0.00840704 -0.0594373 -0.442234
0.230396 0.00870172 -0.0573705 -0.439933
0.23014 0.00808716 -0.0569847 -0.437692
0.229875 0.00800581 -0.057022 -0.437418
0.229875 0.00800581 -0.0554915 -0.436274
0.229374 0.00833041 -0.0548652 -0.435053
0.228953 0.00830885 -0.0551203 -0.433683
0.228953 0.00830885 -0.0544165 -0.432609
0.228581 0.00811022 -0.0529371 -0.431078
0.228037 0.00799162 -0.0523198 -0.429421
0.228037 0.00799162 -0.0516296 -0.428309
0.227777 0.00791937 -0.050983 -0.426939
0.227234 0.00780752 -0.0503374 -0.425219
0.227234 0.00780752 -0.0503374 -0.425219
0.226973 0.00773887 -0.049073 -0.422742
0.22643 0.00763344 -0.0493108 -0.421226
0.22643 0.00763344 -0.0493108 -0.421226
0.225684 0.00738736 -0.0460656 -0.415426
0.225684 0.00738736 -0.0460656 -0.415426
0.225684 0.00738736 -0.0460656 -0.415426
0.225365 0.00668601 -0.0463578 -0.413977
0.225365 0.00668601 -0.0463578 -0.413977
0.224875 0.00647585 -0.0440455 -0.409893
0.224875 0.00647585 -0.0440455 -0.409893
0.224082 0.00587308 -0.0453863 -0.407075
0.224082 0.00587308 -0.0453863 -0.407075
0.223296 0.00654511 -0.0416013 -0.401518
0.223296 0.00654511 -0.0416013 -0.401518
0.222987 0.00589206 -0.0409928 -0.398873
0.22286 0.00635553 -0.0409953 -0.398872
0.222625 0.00584263 -0.04098 -0.397306
0.222632 0.00583879 -0.0409709 -0.397311
0.221201 0.00601309 -0.0403969 -0.39234
0.221017 0.00544834 -0.039562 -0.387637
0.220857 0.00574441 -0.039562 -0.387637
0.220857 0.00574441 -0.0386783 -0.386536
0.220695 0.00559278 -0.0385395 -0.385417
0.220413 0.0049699 -0.0390856 -0.384123
0.220288 0.00541529 -0.0387422 -0.383986
0.220075 0.00534567 -0.0382636 -0.381569
0.219758 0.00478313 -0.038832 -0.380179
0.219623 0.0052618 -0.0380873 -0.378808
0.219405 0.00521492 -0.0379868 -0.377439
0.219086 0.00467087 -0.0385367 -0.375986
0.21895 0.00515758 -0.0381627 -0.375829
0.218727 0.0051208 -0.0376486 -0.37311
0.218496 0.00466881 -0.0381839 -0.371587
0.218496 0.00466881 -0.0381839 -0.371587
0.218175 0.00456944 -0.0377056 -0.368769
0.217949 0.00452888 -0.0371663 -0.367037
0.217578 0.00456291 -0.0373674 -0.364205
0.217492 0.00448107 -0.036934 -0.36401
0.217151 0.00446405 -0.03747 -0.362528
0.217151 0.00446405 -0.0374701 -0.362528
0.216713 0.00479585 -0.0366771 -0.359452
0.21648 0.0047704 -0.0366098 -0.357835
0.216237 0.00433752 -0.036875 -0.354776
0.216016 0.00472145 -0.0364795 -0.354587
0.215798 0.00467643 -0.0364179 -0.353021
0.21557 0.00423075 -0.0367007 -0.349929
0.21534 0.00462231 -0.0363344 -0.349749
0.215118 0.00458648 -0.0363039 -0.348136
0.21489 0.00455964 -0.0362855 -0.346493
0.214051 0.00435766 -0.0362979 -0.340241
0.214051 0.00435766 -0.0362979 -0.340241
0.213541 0.00403031 -0.036496 -0.336253
0.213469 0.0035896 -0.0370453 -0.336223
0.213375 0.00353263 -0.0371654 -0.334946
0.213229 0.003777 -0.0367662 -0.33378
0.213229 0.003777 -0.0367662 -0.33378
0.212893 0.00357342 -0.0371363 -0.331355
0.212893 0.00357342 -0.0371363 -0.331355
0.212692 0.00352737 -0.0373596 -0.330009
0.21178 0.00325053 -0.0383862 -0.323326
0.21178 0.00325053 -0.0383862 -0.323326
0.211552 0.00273854 -0.0390261 -0.321168
0.21147 0.00303572 -0.0390328 -0.321164
0.211318 0.00293127 -0.0390628 -0.319876
0.211066 0.00243063 -0.0397494 -0.317427
0.210966 0.00279462 -0.0396221 -0.317354
0.210802 0.00272141 -0.0398995 -0.316099
0.210617 0.00230564 -0.0406671 -0.314777
0.210515 0.00267841 -0.0406144 -0.313575
0.210271 0.00255444 -0.0407376 -0.312194
0.209905 0.00209362 -0.0417872 -0.309475
0.209837 0.00203958 -0.0417682 -0.308295
0.20974 0.00239503 -0.0415842 -0.308185
0.209583 0.0023116 -0.0418546 -0.306934
0.209414 0.00224509 -0.0421471 -0.305619
0.209405 0.00189078 -0.0426127 -0.304346
0.209062 0.00213401 -0.0427657 -0.302906
0.208885 0.00208176 -0.0430832 -0.301531
0.208885 0.00208176 -0.0430832 -0.301531
0.208528 0.00161708 -0.0444843 -0.301419
0.208528 0.00161708 -0.0444843 -0.301419
0.208289 0.00150832 -0.0447842 -0.300077
0.208289 0.00150832 -0.0447842 -0.300077
0.20774 0.00120777 -0.0461832 -0.296018
0.20774 0.00120777 -0.0461832 -0.296018
0.20774 0.00120777 -0.0461832 -0.296018
0.207622 0.00077296 -0.0460985 -0.290676
0.207465 0.000308981 -0.0467784 -0.28944
0.207395 0.000237601 -0.0467705 -0.288264
0.206966 0.0011548 -0.0471978 -0.286991
0.206783 0.000770401 -0.0480574 -0.285615
0.206782 0.000771575 -0.0480579 -0.284304
0.206463 0.00100103 -0.0483649 -0.284184
0.206143 0.00087812 -0.0492752 -0.280344
0.206143 0.00087812 -0.0492752 -0.280344
0.205991 0.000802211 -0.0496739 -0.279063
0.205841 0.000724951 -0.0500771 -0.277777
0.205693 0.000640125 -0.0504883 -0.276523
0.205546 0.0005565 -0.050907 -0.275264
0.205256 0.000380774 -0.0517578 -0.272791
0.205256 0.000380774 -0.0517578 -0.272791
0.205121 0.000276992 -0.0521771 -0.271622
0.204973 -0.000157583 -0.0530094 -0.270404
0.204973 -0.000157583 -0.0530094 -0.270404
0.204719 -3.51594e-05 -0.0534698 -0.268231
0.204588 -0.000143519 -0.053915 -0.26713
0.204333 -0.00036686 -0.0548183 -0.264973
0.204333 -0.00036686 -0.0548183 -0.264973
0.203981 -0.000746721 -0.0560837 -0.262935
0.203871 -0.000884545 -0.056558 -0.261214
0.203871 -0.000884545 -0.056558 -0.261214
0.203871 -0.000884545 -0.056558 -0.261214
0.203819 -0.00123745 -0.0569349 -0.261159
0.203662 -0.00117602 -0.0574574 -0.259463
0.20355 -0.00131086 -0.0579312 -0.25855
0.203217 -0.00171047 -0.0593398 -0.255866
0.203217 -0.00171047 -0.0593398 -0.255866
0.203217 -0.00171047 -0.0593398 -0.255866
0.203203 -0.00203045 -0.0597088 -0.255807
0.203022 -0.00202118 -0.0602279 -0.254265
0.202906 -0.00248583 -0.0610517 -0.253379
0.202906 -0.00248583 -0.0610517 -0.253379
0.202717 -0.00246733 -0.061629 -0.251784
0.202603 -0.00293623 -0.0625917 -0.250225
0.202603 -0.00293623 -0.0625917 -0.250225
0.202432 -0.00294566 -0.0629982 -0.249445
0.202285 -0.00326275 -0.0638957 -0.247981
0.202285 -0.00326275 -0.0638957 -0.247981
0.20217 -0.00346521 -0.0643376 -0.247288
0.202004 -0.00382758 -0.0652242 -0.245932
0.202004 -0.00382758 -0.0652242 -0.245932
0.201811 -0.00454282 -0.0664352 -0.244618
0.201811 -0.00454282 -0.0664007 -0.244592
0.201811 -0.00454282 -0.0664007 -0.244592
0.201715 -0.0046303 -0.0669245 -0.243572
0.201715 -0.0046303 -0.0669245 -0.243572
0.20154 -0.0052606 -0.0682133 -0.242066
0.20154 -0.0052606 -0.0681745 -0.242037
0.201438 -0.00580673 -0.0689239 -0.241496
0.201377 -0.00603068 -0.0693171 -0.241026
0.201338 -0.00595116 -0.0693171 -0.241026
0.201283 -0.00618536 -0.0697962 -0.240262
0.201263 -0.00649315 -0.0701187 -0.240177
0.200917 -0.00855809 -0.0731695 -0.237876
0.200909 -0.00852503 -0.0731409 -0.237713
0.200849 -0.00911001 -0.0738262 -0.237451
0.200826 -0.00909584 -0.0738471 -0.237352
0.200793 -0.00938022 -0.0742011 -0.237191
0.200735 -0.00996952 -0.0748867 -0.236961
0.200726 -0.00995208 -0.0748842 -0.236963
0.200667 -0.0105435 -0.0755809 -0.23667
0.200667 -0.0105435 -0.0755803 -0.23667
0.20061 -0.0111381 -0.0762517 -0.23646
0.20061 -0.0111381 -0.0762517 -0.23646
0.200559 -0.0117514 -0.0769043 -0.236326
0.200559 -0.0117507 -0.0768972 -0.236371
0.200546 -0.0120832 -0.0772158 -0.236353
0.200506 -0.0127415 -0.0778562 -0.236281
0.200506 -0.0127415 -0.0778346 -0.236383
0.200495 -0.0130671 -0.0781433 -0.236418
0.200495 -0.0130671 -0.0781433 -0.236418
0.200445 -0.0140442 -0.0790845 -0.23658
0.200445 -0.0140442 -0.0790845 -0.23658
0.200437 -0.0147662 -0.0799841 -0.236635
0.200437 -0.0147662 -0.0799841 -0.236635
0.200437 -0.0147662 -0.0799841 -0.236635
0.200396 -0.015292 -0.080621 -0.236531
0.200396 -0.015292 -0.080621 -0.236531
0.200417 -0.0153293 -0.0808352 -0.236558
0.200414 -0.0154905 -0.0811109 -0.236508
0.200361 -0.0166141 -0.0822211 -0.235958
0.200361 -0.0166141 -0.0821849 -0.236154
0.200464 -0.0163446 -0.082661 -0.236043
0.200464 -0.0163446 -0.082661 -0.236043
0.20049 -0.0164891 -0.0828961 -0.23595
0.20058 -0.0174653 -0.0835602 -0.235953
0.20066 -0.0174127 -0.0835516 -0.236089
0.200454 -0.0174818 -0.0857612 -0.236128
0.2005 -0.0184569 -0.0909982 -0.23647
0.2005 -0.0184569 -0.0909982 -0.23647
0.200536 -0.0189608 -0.0932264 -0.236687
0.200595 -0.0204984 -0.0962222 -0.236692
0.200595 -0.0204984 -0.0962222 -0.236692
0.200586 -0.0208055 -0.0990985 -0.237317
0.200735 -0.0212282 -0.10129 -0.237499
0.200861 -0.0225169 -0.104142 -0.237665
0.200861 -0.0225169 -0.104142 -0.237665
0.200928 -0.0232001 -0.106826 -0.23782
0.201069 -0.0246588 -0.110235 -0.235624
0.201069 -0.0246588 -0.110235 -0.235624
0.201175 -0.0254706 -0.111921 -0.233483
0.201819 -0.0297998 -0.116477 -0.228132
0.201819 -0.0297998 -0.116477 -0.228132
0.202117 -0.0341004 -0.119145 -0.225812
0.20299 -0.037781 -0.121673 -0.222338
0.20299 -0.037781 -0.121673 -0.222338
0.203017 -0.0417418 -0.123079 -0.219826
0.203675 -0.0446953 -0.124025 -0.218199
0.203695 -0.0507338 -0.126492 -0.215938
0.204079 -0.0508243 -0.126132 -0.215131
0.20422 -0.0540372 -0.127114 -0.213633
0.203937 -0.0588575 -0.129467 -0.211404
0.204362 -0.0607027 -0.128959 -0.210695
0.204357 -0.0641381 -0.129825 -0.209256
0.20381 -0.0783612 -0.133166 -0.203587
0.20381 -0.0783612 -0.133166 -0.203587
0.202983 -0.0854017 -0.134821 -0.201137
0.202983 -0.0854017 -0.134812 -0.201148
0.202823 -0.0893466 -0.135647 -0.199371
0.201508 -0.0965795 -0.137869 -0.19713
0.201508 -0.0965795 -0.137869 -0.19713
0.201341 -0.100532 -0.13813 -0.195505
0.200737 -0.104292 -0.138955 -0.193805
0.196397 -0.125008 -0.143932 -0.185529
0.196397 -0.125008 -0.143932 -0.185529
0.196397 -0.125008 -0.143932 -0.185529
0.193863 -0.134416 -0.145583 -0.182805
0.19111 -0.141633 -0.148616 -0.179073
0.19111 -0.141633 -0.148616 -0.179073
0.19111 -0.141633 -0.148616 -0.179073
0.189104 -0.149311 -0.148895 -0.177364
0.187792 -0.153011 -0.149726 -0.176003
0.184849 -0.158383 -0.151393 -0.173423
0.185206 -0.158329 -0.151393 -0.173423
0.183585 -0.16402 -0.152217 -0.17193
0.176656 -0.163994 -0.157143 -0.163841
0.176656 -0.163994 -0.157143 -0.163841
0.17448 -0.164157 -0.159172 -0.161458
0.174736 -0.161359 -0.159156 -0.161494
0.173914 -0.160246 -0.159903 -0.160235
0.173025 -0.159061 -0.160243 -0.158923
0.172197 -0.156715 -0.162105 -0.156723
0.171285 -0.156779 -0.162105 -0.156723
0.170434 -0.15568 -0.162453 -0.155545
0.168552 -0.155859 -0.164207 -0.153493
0.169624 -0.153516 -0.164207 -0.153493
0.167958 -0.152544 -0.164569 -0.152409
0.167157 -0.151551 -0.165254 -0.151414
0.165417 -0.151735 -0.166593 -0.149412
0.165478 -0.151831 -0.166599 -0.149482
0.165595 -0.148699 -0.167246 -0.148585
0.164078 -0.147826 -0.16789 -0.147688
0.161617 -0.150074 -0.169132 -0.145736
0.161617 -0.150074 -0.169143 -0.145837
0.160417 -0.146397 -0.170585 -0.14426
0.160417 -0.146397 -0.170585 -0.14426
0.155315 -0.139785 -0.175377 -0.137786
0.155367 -0.138221 -0.175413 -0.13801
0.154774 -0.137627 -0.175908 -0.137483
0.153533 -0.137859 -0.177068 -0.136108
0.153533 -0.137859 -0.177068 -0.136108
0.153056 -0.135949 -0.1774 -0.135802
0.152503 -0.135425 -0.177882 -0.135276
0.151351 -0.13567 -0.17896 -0.134012
0.151351 -0.13567 -0.17896 -0.134012
0.151319 -0.133575 -0.179726 -0.133346
0.151319 -0.133575 -0.179726 -0.133346
0.151319 -0.133575 -0.179726 -0.133346
0.148358 -0.132889 -0.181569 -0.131364
