3.26718e-16 0 -6.13553e-15 -2.4583e-14 0 -6.78338e-14 0 -5.53682e-15 0
-0.0013122 0 0.0021094 -1.3122e-05 0 2.1094e-05 0 0.000101101 0
-0.0026244 0 0.0042188 -2.6244e-05 0 4.2188e-05 0 0.000202201 0
-0.0039366 0 0.00632819 -3.9366e-05 0 6.32819e-05 0 0.000303302 0
-0.0052488 0 0.00843759 -5.2488e-05 0 8.43759e-05 0 0.000404402 0
-0.006561 0 0.010547 -6.561e-05 0 0.00010547 0 0.000505503 0
-0.0078732 0 0.0126564 -7.8732e-05 0 0.000126564 0 0.000606604 0
-0.0091854 0 0.0147658 -9.1854e-05 0 0.000147658 0 0.000707704 0
-0.0104976 0 0.0168752 -0.000104976 0 0.000168752 0 0.000808805 0
-0.0118098 0 0.0189846 -0.000118098 0 0.000189846 0 0.000909906 0
-0.013122 0 0.021094 -0.00013122 0 0.00021094 0 0.00101101 0
-0.0144458 0 0.0230759 -0.000156587 0 0.000250258 0 0.00119585 0
-0.0157705 0 0.0250474 -0.000182957 0 0.000291067 0 0.00138754 0
-0.0170953 0 0.0270189 -0.000209326 0 0.000331876 0 0.00157923 0
-0.01842 0 0.0289904 -0.000235695 0 0.000372685 0 0.00177092 0
-0.0197447 0 0.0309619 -0.000262065 0 0.000413494 0 0.00196261 0
-0.0210695 0 0.0329334 -0.000288434 0 0.000454303 0 0.0021543 0
-0.0223942 0 0.0349049 -0.000314803 0 0.000495112 0 0.00234599 0
-0.0237189 0 0.0368764 -0.000341173 0 0.00053592 0 0.00253768 0
-0.0250437 0 0.0388479 -0.000367542 0 0.000576729 0 0.00272937 0
-0.0263684 0 0.0408194 -0.000393911 0 0.000617538 0 0.00292106 0
-0.0277021 0 0.0426787 -0.000431614 0 0.000673958 0 0.00318143 0
-0.0290374 0 0.044518 -0.000471337 0 0.00073316 0 0.00345404 0
-0.0303727 0 0.0463572 -0.000511059 0 0.000792362 0 0.00372666 0
-0.031708 0 0.0481965 -0.000550781 0 0.000851563 0 0.00399927 0
-0.0330433 0 0.0500358 -0.000590504 0 0.000910765 0 0.00427188 0
-0.0343786 0 0.0518751 -0.000630226 0 0.000969967 0 0.0045445 0
-0.035714 0 0.0537144 -0.000669949 0 0.00102917 0 0.00481711 0
-0.0370493 0 0.0555537 -0.000709671 0 0.00108837 0 0.00508972 0
-0.0383846 0 0.0573929 -0.000749394 0 0.00114757 0 0.00536234 0
-0.0397199 0 0.0592322 -0.000789116 0 0.00120677 0 0.00563495 0
-0.0410615 0 0.0609735 -0.000839224 0 0.00127922 0 0.00596322 0
-0.0424049 0 0.062686 -0.000892381 0 0.00135554 0 0.00630783 0
-0.0437483 0 0.0643985 -0.000945537 0 0.00143187 0 0.00665244 0
-0.0450917 0 0.066111 -0.000998694 0 0.0015082 0 0.00699705 0
-0.0464351 0 0.0678235 -0.00105185 0 0.00158452 0 0.00734166 0
-0.0477785 0 0.069536 -0.00110501 0 0.00166085 0 0.00768627 0
-0.0491219 0 0.0712485 -0.00115816 0 0.00173718 0 0.00803088 0
-0.0504653 0 0.072961 -0.00121132 0 0.0018135 0 0.00837549 0
-0.0518087 0 0.0746735 -0.00126448 0 0.00188983 0 0.00872009 0
-0.0531521 0 0.076386 -0.00131763 0 0.00196616 0 0.0090647 0
-0.054499 0 0.0780138 -0.00138019 0 0.00205358 0 0.00945374 0
-0.0558475 0 0.0796047 -0.00144684 0 0.00214582 0 0.00986206 0
-0.0571959 0 0.0811957 -0.00151348 0 0.00223805 0 0.0102704 0
-0.0585444 0 0.0827867 -0.00158012 0 0.00233029 0 0.0106787 0
-0.0598928 0 0.0843777 -0.00164676 0 0.00242253 0 0.011087 0
-0.0612413 0 0.0859687 -0.0017134 0 0.00251476 0 0.0114953 0
-0.0625897 0 0.0875597 -0.00178004 0 0.002607 0 0.0119036 0
-0.0639382 0 0.0891507 -0.00184668 0 0.00269924 0 0.0123119 0
-0.0652866 0 0.0907416 -0.00191332 0 0.00279147 0 0.0127203 0
-0.0666351 0 0.0923326 -0.00197996 0 0.00288371 0 0.0131286 0
-0.0679844 0 0.0938512 -0.002055 0 0.00298512 0 0.0135717 0
-0.0693343 0 0.0953259 -0.00213514 0 0.0030921 0 0.014036 0
-0.0706841 0 0.0968005 -0.00221528 0 0.00319908 0 0.0145002 0
-0.072034 0 0.0982751 -0.00229542 0 0.00330607 0 0.0149645 0
-0.0733838 0 0.0997497 -0.00237556 0 0.00341305 0 0.0154288 0
-0.0747337 0 0.101224 -0.0024557 0 0.00352003 0 0.0158931 0
-0.0760836 0 0.102699 -0.00253584 0 0.00362701 0 0.0163573 0
-0.0774334 0 0.104174 -0.00261598 0 0.003734 0 0.0168216 0
-0.0787833 0 0.105648 -0.00269612 0 0.00384098 0 0.0172859 0
-0.0801332 0 0.107123 -0.00277626 0 0.00394796 0 0.0177502 0
-0.0814815 0 0.108537 -0.00286375 0 0.00406239 0 0.018241 0
-0.0828287 0 0.1099 -0.00295736 0 0.00418301 0 0.018754 0
-0.0841758 0 0.111263 -0.00305098 0 0.00430363 0 0.0192669 0
-0.085523 0 0.112627 -0.00314459 0 0.00442424 0 0.0197799 0
-0.0868701 0 0.11399 -0.0032382 0 0.00454486 0 0.0202928 0
-0.0882173 0 0.115354 -0.00333181 0 0.00466548 0 0.0208058 0
-0.0895644 0 0.116717 -0.00342542 0 0.00478609 0 0.0213187 0
-0.0909115 0 0.11808 -0.00351903 0 0.00490671 0 0.0218317 0
-0.0922587 0 0.119444 -0.00361264 0 0.00502733 0 0.0223447 0
-0.0936058 0 0.120807 -0.00370625 0 0.00514794 0 0.0228576 0
-0.0949495 0 0.12212 -0.00380617 0 0.00527448 0 0.0233902 0
-0.0962894 0 0.123378 -0.00391318 0 0.00540766 0 0.0239449 0
-0.0976293 0 0.124635 -0.00402019 0 0.00554085 0 0.0244997 0
-0.0989691 0 0.125892 -0.0041272 0 0.00567404 0 0.0250544 0
-0.100309 0 0.12715 -0.00423421 0 0.00580723 0 0.0256091 0
-0.101649 0 0.128407 -0.00434122 0 0.00594042 0 0.0261639 0
-0.102989 0 0.129664 -0.00444823 0 0.00607361 0 0.0267186 0
-0.104329 0 0.130922 -0.00455524 0 0.0062068 0 0.0272733 0
-0.105668 0 0.132179 -0.00466225 0 0.00633999 0 0.0278281 0
-0.107008 0 0.133436 -0.00476926 0 0.00647318 0 0.0283828 0
-0.108343 0 0.134654 -0.00488151 0 0.00661094 0 0.0289514 0
-0.109671 0 0.13581 -0.00500179 0 0.00675569 0 0.0295414 0
-0.110999 0 0.136966 -0.00512208 0 0.00690045 0 0.0301313 0
-0.112326 0 0.138123 -0.00524237 0 0.0070452 0 0.0307212 0
-0.113654 0 0.139279 -0.00536265 0 0.00718995 0 0.0313111 0
-0.114982 0 0.140436 -0.00548294 0 0.00733471 0 0.0319011 0
-0.116309 0 0.141592 -0.00560323 0 0.00747946 0 0.032491 0
-0.117637 0 0.142749 -0.00572351 0 0.00762422 0 0.0330809 0
-0.118965 0 0.143905 -0.0058438 0 0.00776897 0 0.0336708 0
-0.120292 0 0.145062 -0.00596409 0 0.00791373 0 0.0342608 0
-0.121615 0 0.146188 -0.00608856 0 0.00806187 0 0.0348599 0
-0.122925 0 0.147249 -0.00622195 0 0.00821723 0 0.0354787 0
-0.124235 0 0.14831 -0.00635534 0 0.0083726 0 0.0360975 0
-0.125546 0 0.149371 -0.00648873 0 0.00852796 0 0.0367163 0
-0.126856 0 0.150432 -0.00662212 0 0.00868333 0 0.037335 0
-0.128166 0 0.151493 -0.00675551 0 0.00883869 0 0.0379538 0
-0.129477 0 0.152554 -0.0068889 0 0.00899406 0 0.0385726 0
-0.130787 0 0.153615 -0.00702229 0 0.00914942 0 0.0391914 0
-0.132097 0 0.154676 -0.00715568 0 0.00930479 0 0.0398102 0
-0.133408 0 0.155738 -0.00728907 0 0.00946015 0 0.040429 0
-0.134713 0 0.156777 -0.00742559 0 0.00961789 0 0.0410533 0
-0.136 0 0.157748 -0.00757186 0 0.00978296 0 0.0416948 0
-0.137288 0 0.15872 -0.00771813 0 0.00994804 0 0.0423363 0
-0.138576 0 0.159691 -0.0078644 0 0.0101131 0 0.0429778 0
-0.139864 0 0.160662 -0.00801067 0 0.0102782 0 0.0436193 0
-0.141152 0 0.161634 -0.00815693 0 0.0104433 0 0.0442608 0
-0.142439 0 0.162605 -0.0083032 0 0.0106084 0 0.0449023 0
-0.143727 0 0.163576 -0.00844947 0 0.0107734 0 0.0455438 0
-0.145015 0 0.164548 -0.00859574 0 0.0109385 0 0.0461853 0
-0.146303 0 0.165519 -0.00874201 0 0.0111036 0 0.0468268 0
-0.147586 0 0.166476 -0.00889039 0 0.0112702 0 0.0474711 0
-0.148846 0 0.167364 -0.00904926 0 0.0114441 0 0.0481293 0
-0.150106 0 0.168252 -0.00920813 0 0.0116181 0 0.0487875 0
-0.151366 0 0.169139 -0.00936699 0 0.011792 0 0.0494457 0
-0.152626 0 0.170027 -0.00952586 0 0.011966 0 0.0501039 0
-0.153886 0 0.170914 -0.00968473 0 0.0121399 0 0.0507622 0
-0.155145 0 0.171802 -0.00984359 0 0.0123139 0 0.0514204 0
-0.156405 0 0.172689 -0.0100025 0 0.0124878 0 0.0520786 0
-0.157665 0 0.173577 -0.0101613 0 0.0126618 0 0.0527368 0
-0.158925 0 0.174465 -0.0103202 0 0.0128358 0 0.053395 0
-0.160182 0 0.175345 -0.0104802 0 0.0130105 0 0.0540542 0
-0.161409 0 0.176155 -0.0106513 0 0.0131925 0 0.0547232 0
-0.162636 0 0.176965 -0.0108225 0 0.0133746 0 0.0553922 0
-0.163863 0 0.177775 -0.0109936 0 0.0135566 0 0.0560612 0
-0.165089 0 0.178585 -0.0111647 0 0.0137387 0 0.0567302 0
-0.166316 0 0.179395 -0.0113359 0 0.0139207 0 0.0573992 0
-0.167543 0 0.180205 -0.011507 0 0.0141028 0 0.0580682 0
-0.16877 0 0.181015 -0.0116781 0 0.0142848 0 0.0587372 0
-0.169997 0 0.181825 -0.0118493 0 0.0144669 0 0.0594062 0
-0.171223 0 0.182635 -0.0120204 0 0.014649 0 0.0600752 0
-0.17245 0 0.183444 -0.0121918 0 0.0148311 0 0.0607443 0
-0.173638 0 0.184183 -0.0123748 0 0.0150206 0 0.0614183 0
-0.174827 0 0.184922 -0.0125578 0 0.01521 0 0.0620922 0
-0.176015 0 0.185661 -0.0127408 0 0.0153995 0 0.0627661 0
-0.177204 0 0.1864 -0.0129238 0 0.0155889 0 0.06344 0
-0.178393 0 0.187139 -0.0131069 0 0.0157784 0 0.0641139 0
-0.179581 0 0.187878 -0.0132899 0 0.0159678 0 0.0647878 0
-0.18077 0 0.188617 -0.0134729 0 0.0161572 0 0.0654618 0
-0.181958 0 0.189356 -0.0136559 0 0.0163467 0 0.0661357 0
-0.183147 0 0.190095 -0.0138389 0 0.0165361 0 0.0668096 0
-0.184336 0 0.190834 -0.014022 0 0.0167256 0 0.0674835 0
-0.185484 0 0.191513 -0.0142158 0 0.0169214 0 0.0681565 0
-0.186629 0 0.192187 -0.0144102 0 0.0171176 0 0.0688295 0
-0.187775 0 0.192862 -0.0146047 0 0.0173138 0 0.0695024 0
-0.18892 0 0.193537 -0.0147992 0 0.01751 0 0.0701754 0
-0.190065 0 0.194212 -0.0149937 0 0.0177061 0 0.0708483 0
-0.191211 0 0.194887 -0.0151881 0 0.0179023 0 0.0715212 0
-0.192356 0 0.195562 -0.0153826 0 0.0180985 0 0.0721942 0
-0.193502 0 0.196236 -0.0155771 0 0.0182947 0 0.0728671 0
-0.194647 0 0.196911 -0.0157716 0 0.0184909 0 0.0735401 0
-0.195793 0 0.197586 -0.0159661 0 0.0186871 0 0.074213 0
-0.196897 0 0.198212 -0.01617 0 0.0188886 0 0.07488 0
-0.197994 0 0.198829 -0.0163755 0 0.019091 0 0.075546 0
-0.199092 0 0.199447 -0.0165809 0 0.0192934 0 0.0762121 0
-0.20019 0 0.200065 -0.0167864 0 0.0194958 0 0.0768781 0
-0.201287 0 0.200683 -0.0169918 0 0.0196981 0 0.0775441 0
-0.202385 0 0.201301 -0.0171973 0 0.0199005 0 0.0782102 0
-0.203483 0 0.201919 -0.0174027 0 0.0201029 0 0.0788762 0
-0.20458 0 0.202536 -0.0176082 0 0.0203052 0 0.0795423 0
-0.205678 0 0.203154 -0.0178136 0 0.0205076 0 0.0802083 0
-0.206775 0 0.203772 -0.0180191 0 0.02071 0 0.0808743 0
-0.207832 0 0.204351 -0.0182328 0 0.0209168 0 0.0815301 0
-0.208877 0 0.204919 -0.0184487 0 0.0211249 0 0.0821832 0
-0.209922 0 0.205487 -0.0186646 0 0.021333 0 0.0828363 0
-0.210968 0 0.206055 -0.0188805 0 0.021541 0 0.0834895 0
-0.212013 0 0.206624 -0.0190964 0 0.0217491 0 0.0841426 0
-0.213058 0 0.207192 -0.0193123 0 0.0219571 0 0.0847957 0
-0.214104 0 0.20776 -0.0195282 0 0.0221652 0 0.0854488 0
-0.215149 0 0.208328 -0.0197441 0 0.0223732 0 0.0861019 0
-0.216195 0 0.208897 -0.0199601 0 0.0225813 0 0.086755 0
-0.21724 0 0.209465 -0.020176 0 0.0227893 0 0.0874081 0
-0.218245 0 0.210003 -0.0203989 0 0.0230011 0 0.0880475 0
-0.219234 0 0.210529 -0.0206247 0 0.0232145 0 0.0886815 0
-0.220223 0 0.211056 -0.0208505 0 0.0234278 0 0.0893155 0
-0.221212 0 0.211582 -0.0210763 0 0.0236411 0 0.0899495 0
-0.222201 0 0.212108 -0.0213021 0 0.0238544 0 0.0905835 0
-0.22319 0 0.212635 -0.0215279 0 0.0240677 0 0.0912175 0
-0.224179 0 0.213161 -0.0217537 0 0.024281 0 0.0918516 0
-0.225168 0 0.213687 -0.0219795 0 0.0244944 0 0.0924856 0
-0.226156 0 0.214214 -0.0222053 0 0.0247077 0 0.0931196 0
-0.227145 0 0.21474 -0.0224311 0 0.024921 0 0.0937536 0
-0.228096 0 0.215245 -0.0226628 0 0.0251375 0 0.0943713 0
-0.229024 0 0.215737 -0.0228979 0 0.0253557 0 0.0949799 0
-0.229953 0 0.216229 -0.023133 0 0.0255739 0 0.0955885 0
-0.230882 0 0.216721 -0.0233681 0 0.0257922 0 0.0961971 0
-0.23181 0 0.217213 -0.0236031 0 0.0260104 0 0.0968057 0
-0.232739 0 0.217705 -0.0238382 0 0.0262287 0 0.0974143 0
-0.233668 0 0.218198 -0.0240733 0 0.0264469 0 0.0980228 0
-0.234596 0 0.21869 -0.0243084 0 0.0266651 0 0.0986314 0
-0.235525 0 0.219182 -0.0245435 0 0.0268834 0 0.09924 0
-0.236454 0 0.219674 -0.0247785 0 0.0271016 0 0.0998486 0
-0.237346 0 0.220152 -0.0250185 0 0.0273225 0 0.100439 0
-0.238211 0 0.220618 -0.0252622 0 0.0275454 0 0.101016 0
-0.239076 0 0.221083 -0.025506 0 0.0277683 0 0.101592 0
-0.239941 0 0.221549 -0.0257497 0 0.0279912 0 0.102169 0
-0.240805 0 0.222015 -0.0259934 0 0.0282141 0 0.102746 0
-0.24167 0 0.222481 -0.0262371 0 0.028437 0 0.103322 0
-0.242535 0 0.222947 -0.0264809 0 0.0286599 0 0.103899 0
-0.2434 0 0.223413 -0.0267246 0 0.0288828 0 0.104476 0
-0.244264 0 0.223879 -0.0269683 0 0.0291057 0 0.105052 0
-0.245129 0 0.224345 -0.0272121 0 0.0293286 0 0.105629 0
-0.245961 0 0.224802 -0.0274597 0 0.0295536 0 0.106187 0
-0.246759 0 0.225249 -0.0277114 0 0.029781 0 0.106725 0
-0.247556 0 0.225697 -0.0279631 0 0.0300084 0 0.107262 0
-0.248354 0 0.226144 -0.0282148 0 0.0302357 0 0.1078 0
-0.249151 0 0.226592 -0.0284665 0 0.0304631 0 0.108338 0
-0.249948 0 0.22704 -0.0287182 0 0.0306905 0 0.108876 0
-0.250746 0 0.227487 -0.0289699 0 0.0309179 0 0.109414 0
-0.251543 0 0.227935 -0.0292216 0 0.0311452 0 0.109952 0
-0.252341 0 0.228382 -0.0294733 0 0.0313726 0 0.11049 0
-0.253138 0 0.22883 -0.029725 0 0.0316 0 0.111028 0
-0.253907 0 0.229273 -0.0299797 0 0.0318292 0 0.111547 0
-0.254634 0 0.22971 -0.0302387 0 0.0320609 0 0.112039 0
-0.25536 0 0.230146 -0.0304976 0 0.0322926 0 0.112531 0
-0.256087 0 0.230583 -0.0307566 0 0.0325244 0 0.113023 0
-0.256814 0 0.23102 -0.0310156 0 0.0327561 0 0.113516 0
-0.257541 0 0.231457 -0.0312746 0 0.0329879 0 0.114008 0
-0.258268 0 0.231894 -0.0315335 0 0.0332196 0 0.1145 0
-0.258995 0 0.232331 -0.0317925 0 0.0334514 0 0.114992 0
-0.259722 0 0.232768 -0.0320515 0 0.0336831 0 0.115484 0
-0.260449 0 0.233204 -0.0323105 0 0.0339148 0 0.115977 0
-0.261151 0 0.23364 -0.0325716 0 0.034148 0 0.116451 0
-0.261804 0 0.234074 -0.0328371 0 0.0343841 0 0.11689 0
-0.262457 0 0.234508 -0.0331026 0 0.0346202 0 0.117329 0
-0.263111 0 0.234941 -0.0333681 0 0.0348563 0 0.117768 0
-0.263764 0 0.235375 -0.0336336 0 0.0350923 0 0.118207 0
-0.264417 0 0.235808 -0.0338991 0 0.0353284 0 0.118647 0
-0.26507 0 0.236242 -0.0341647 0 0.0355645 0 0.119086 0
-0.265724 0 0.236676 -0.0344302 0 0.0358006 0 0.119525 0
-0.266377 0 0.237109 -0.0346957 0 0.0360367 0 0.119964 0
-0.26703 0 0.237543 -0.0349612 0 0.0362727 0 0.120403 0
-0.267663 0 0.237978 -0.0352282 0 0.03651 0 0.120827 0
-0.26824 0 0.238415 -0.0354994 0 0.0367504 0 0.121205 0
-0.268816 0 0.238853 -0.0357707 0 0.0369909 0 0.121584 0
-0.269393 0 0.23929 -0.036042 0 0.0372313 0 0.121962 0
-0.269969 0 0.239728 -0.0363133 0 0.0374718 0 0.122341 0
-0.270545 0 0.240165 -0.0365845 0 0.0377122 0 0.122719 0
-0.271122 0 0.240603 -0.0368558 0 0.0379527 0 0.123098 0
-0.271698 0 0.24104 -0.0371271 0 0.0381931 0 0.123476 0
-0.272275 0 0.241478 -0.0373983 0 0.0384336 0 0.123855 0
-0.272851 0 0.241915 -0.0376696 0 0.038674 0 0.124233 0
-0.273413 0 0.242355 -0.0379418 0 0.0389153 0 0.124599 0
-0.273909 0 0.242803 -0.038218 0 0.0391603 0 0.124909 0
-0.274406 0 0.243251 -0.0384943 0 0.0394052 0 0.125219 0
-0.274902 0 0.243699 -0.0387705 0 0.0396501 0 0.125529 0
-0.275399 0 0.244147 -0.0390467 0 0.0398951 0 0.125839 0
-0.275895 0 0.244595 -0.039323 0 0.04014 0 0.126149 0
-0.276391 0 0.245043 -0.0395992 0 0.0403849 0 0.126459 0
-0.276888 0 0.24549 -0.0398754 0 0.0406299 0 0.126769 0
-0.277384 0 0.245938 -0.0401517 0 0.0408748 0 0.127079 0
-0.277881 0 0.246386 -0.0404279 0 0.0411197 0 0.127389 0
-0.278368 0 0.246836 -0.0407046 0 0.0413652 0 0.12769 0
-0.278781 0 0.2473 -0.0409849 0 0.0416147 0 0.127923 0
-0.279194 0 0.247765 -0.0412653 0 0.0418643 0 0.128157 0
-0.279607 0 0.248229 -0.0415457 0 0.0421139 0 0.12839 0
-0.28002 0 0.248693 -0.041826 0 0.0423635 0 0.128623 0
-0.280433 0 0.249157 -0.0421064 0 0.042613 0 0.128856 0
-0.280846 0 0.249622 -0.0423868 0 0.0428626 0 0.129089 0
-0.281259 0 0.250086 -0.0426671 0 0.0431122 0 0.129323 0
-0.281672 0 0.25055 -0.0429475 0 0.0433618 0 0.129556 0
-0.282086 0 0.251014 -0.0432279 0 0.0436113 0 0.129789 0
-0.282496 0 0.251479 -0.0435083 0 0.0438611 0 0.130019 0
-0.282822 0 0.251965 -0.043792 0 0.0441155 0 0.130167 0
-0.283148 0 0.252451 -0.0440756 0 0.0443699 0 0.130315 0
-0.283474 0 0.252936 -0.0443592 0 0.0446244 0 0.130463 0
-0.2838 0 0.253422 -0.0446428 0 0.0448788 0 0.130611 0
-0.284126 0 0.253907 -0.0449265 0 0.0451332 0 0.130759 0
-0.284452 0 0.254393 -0.0452101 0 0.0453877 0 0.130907 0
-0.284778 0 0.254879 -0.0454937 0 0.0456421 0 0.131055 0
-0.285104 0 0.255364 -0.0457773 0 0.0458965 0 0.131203 0
-0.28543 0 0.25585 -0.046061 0 0.046151 0 0.131351 0
-0.285756 0 0.256335 -0.0463446 0 0.0464054 0 0.131499 0
-0.285995 0 0.256845 -0.0466305 0 0.0466647 0 0.131557 0
-0.28623 0 0.257356 -0.0469164 0 0.0469243 0 0.131611 0
-0.286465 0 0.257867 -0.0472024 0 0.0471838 0 0.131665 0
-0.2867 0 0.258378 -0.0474884 0 0.0474433 0 0.131719 0
-0.286935 0 0.258889 -0.0477744 0 0.0477029 0 0.131772 0
-0.287171 0 0.2594 -0.0480603 0 0.0479624 0 0.131826 0
-0.287406 0 0.259911 -0.0483463 0 0.048222 0 0.13188 0
-0.287641 0 0.260422 -0.0486323 0 0.0484815 0 0.131934 0
-0.287876 0 0.260933 -0.0489183 0 0.048741 0 0.131988 0
-0.288111 0 0.261444 -0.0492042 0 0.0490006 0 0.132042 0
-0.288262 0 0.26198 -0.0494914 0 0.0492649 0 0.132005 0
-0.288401 0 0.262519 -0.0497788 0 0.0495298 0 0.131956 0
-0.288541 0 0.263058 -0.0500662 0 0.0497948 0 0.131907 0
-0.288681 0 0.263597 -0.0503536 0 0.0500597 0 0.131857 0
-0.28882 0 0.264137 -0.0506409 0 0.0503246 0 0.131808 0
-0.28896 0 0.264676 -0.0509283 0 0.0505896 0 0.131759 0
-0.2891 0 0.265215 -0.0512157 0 0.0508545 0 0.13171 0
-0.289239 0 0.265754 -0.0515031 0 0.0511194 0 0.131661 0
-0.289379 0 0.266293 -0.0517904 0 0.0513844 0 0.131612 0
-0.289519 0 0.266833 -0.0520778 0 0.0516493 0 0.131563 0
-0.289577 0 0.267396 -0.0523655 0 0.0519188 0 0.131423 0
-0.289617 0 0.267965 -0.0526532 0 0.0521894 0 0.131261 0
-0.289656 0 0.268533 -0.052941 0 0.0524601 0 0.1311 0
-0.289695 0 0.269102 -0.0532288 0 0.0527307 0 0.130938 0
-0.289734 0 0.269671 -0.0535165 0 0.0530013 0 0.130777 0
-0.289774 0 0.27024 -0.0538043 0 0.0532719 0 0.130615 0
-0.289813 0 0.270809 -0.0540921 0 0.0535425 0 0.130454 0
-0.289852 0 0.271378 -0.0543798 0 0.0538132 0 0.130293 0
-0.289892 0 0.271947 -0.0546676 0 0.0540838 0 0.130131 0
-0.289931 0 0.272516 -0.0549554 0 0.0543544 0 0.12997 0
-0.289893 0 0.273106 -0.0552426 0 0.0546294 0 0.129719 0
-0.289826 0 0.273705 -0.0555297 0 0.054906 0 0.129436 0
-0.289759 0 0.274304 -0.0558168 0 0.0551826 0 0.129153 0
-0.289693 0 0.274902 -0.0561039 0 0.0554592 0 0.12887 0
-0.289626 0 0.275501 -0.056391 0 0.0557358 0 0.128587 0
-0.289559 0 0.276099 -0.0566781 0 0.0560124 0 0.128304 0
-0.289493 0 0.276698 -0.0569652 0 0.0562891 0 0.12802 0
-0.289426 0 0.277297 -0.0572523 0 0.0565657 0 0.127737 0
-0.289359 0 0.277895 -0.0575394 0 0.0568423 0 0.127454 0
-0.289293 0 0.278494 -0.0578265 0 0.0571189 0 0.127171 0
-0.28915 0 0.279114 -0.0581124 0 0.0573996 0 0.126802 0
-0.288969 0 0.279745 -0.0583977 0 0.0576825 0 0.126387 0
-0.288787 0 0.280377 -0.058683 0 0.0579655 0 0.125972 0
-0.288605 0 0.281008 -0.0589683 0 0.0582484 0 0.125557 0
-0.288424 0 0.281639 -0.0592536 0 0.0585313 0 0.125143 0
-0.288242 0 0.282271 -0.0595388 0 0.0588142 0 0.124728 0
-0.28806 0 0.282902 -0.0598241 0 0.0590972 0 0.124313 0
-0.287878 0 0.283533 -0.0601094 0 0.0593801 0 0.123898 0
-0.287697 0 0.284165 -0.0603947 0 0.059663 0 0.123484 0
-0.287515 0 0.284796 -0.06068 0 0.0599459 0 0.123069 0
-0.287263 0 0.285444 -0.0609635 0 0.0602327 0 0.122572 0
-0.286959 0 0.286105 -0.0612457 0 0.0605222 0 0.122016 0
-0.286655 0 0.286765 -0.061528 0 0.0608117 0 0.121459 0
-0.286352 0 0.287426 -0.0618102 0 0.0611012 0 0.120903 0
-0.286048 0 0.288086 -0.0620925 0 0.0613908 0 0.120347 0
-0.285745 0 0.288747 -0.0623747 0 0.0616803 0 0.119791 0
-0.285441 0 0.289407 -0.062657 0 0.0619698 0 0.119234 0
-0.285137 0 0.290068 -0.0629392 0 0.0622594 0 0.118678 0
-0.284834 0 0.290728 -0.0632214 0 0.0625489 0 0.118122 0
-0.28453 0 0.291388 -0.0635037 0 0.0628384 0 0.117565 0
-0.284161 0 0.292061 -0.0637838 0 0.0631314 0 0.116933 0
-0.283728 0 0.292744 -0.0640617 0 0.0634277 0 0.116225 0
-0.283295 0 0.293428 -0.0643396 0 0.0637241 0 0.115517 0
-0.282862 0 0.294112 -0.0646175 0 0.0640205 0 0.11481 0
-0.282429 0 0.294795 -0.0648954 0 0.0643168 0 0.114102 0
-0.281996 0 0.295479 -0.0651733 0 0.0646132 0 0.113394 0
-0.281563 0 0.296163 -0.0654512 0 0.0649096 0 0.112687 0
-0.281129 0 0.296846 -0.0657292 0 0.0652059 0 0.111979 0
-0.280696 0 0.29753 -0.0660071 0 0.0655023 0 0.111271 0
-0.280263 0 0.298214 -0.066285 0 0.0657986 0 0.110564 0
-0.279771 0 0.298904 -0.0665604 0 0.066098 0 0.109787 0
-0.2792 0 0.299603 -0.0668326 0 0.0664014 0 0.108918 0
-0.278629 0 0.300301 -0.0671049 0 0.0667047 0 0.10805 0
-0.278058 0 0.301 -0.0673771 0 0.0670081 0 0.107181 0
-0.277486 0 0.301699 -0.0676493 0 0.0673114 0 0.106313 0
-0.276915 0 0.302398 -0.0679215 0 0.0676148 0 0.105444 0
-0.276344 0 0.303096 -0.0681937 0 0.0679181 0 0.104575 0
-0.275773 0 0.303795 -0.0684659 0 0.0682215 0 0.103707 0
-0.275202 0 0.304494 -0.0687381 0 0.0685248 0 0.102838 0
-0.274631 0 0.305193 -0.0690103 0 0.0688282 0 0.101969 0
-0.274021 0 0.305897 -0.0692801 0 0.069134 0 0.10104 0
-0.27334 0 0.306612 -0.0695455 0 0.0694445 0 0.100001 0
-0.272659 0 0.307327 -0.0698109 0 0.069755 0 0.0989609 0
-0.271978 0 0.308042 -0.0700762 0 0.0700655 0 0.0979211 0
-0.271297 0 0.308758 -0.0703416 0 0.070376 0 0.0968813 0
-0.270616 0 0.309473 -0.070607 0 0.0706865 0 0.0958415 0
-0.269935 0 0.310188 -0.0708724 0 0.070997 0 0.0948017 0
-0.269254 0 0.310903 -0.0711378 0 0.0713075 0 0.0937619 0
-0.268573 0 0.311618 -0.0714032 0 0.071618 0 0.0927221 0
-0.267892 0 0.312333 -0.0716686 0 0.0719286 0 0.0916823 0
-0.267199 0 0.313056 -0.071932 0 0.0722411 0 0.0905916 0
-0.266472 0 0.313799 -0.0721901 0 0.072559 0 0.0893686 0
-0.265745 0 0.314542 -0.0724482 0 0.072877 0 0.0881456 0
-0.265018 0 0.315286 -0.0727064 0 0.0731949 0 0.0869225 0
-0.264292 0 0.316029 -0.0729645 0 0.0735128 0 0.0856995 0
-0.263565 0 0.316772 -0.0732226 0 0.0738308 0 0.0844764 0
-0.262838 0 0.317515 -0.0734807 0 0.0741487 0 0.0832534 0
-0.262111 0 0.318258 -0.0737389 0 0.0744666 0 0.0820304 0
-0.261384 0 0.319001 -0.073997 0 0.0747846 0 0.0808073 0
-0.260657 0 0.319744 -0.0742551 0 0.0751025 0 0.0795843 0
-0.259921 0 0.320491 -0.0745117 0 0.075422 0 0.0783219 0
-0.259144 0 0.321251 -0.074762 0 0.0757475 0 0.0769036 0
-0.258367 0 0.32201 -0.0750124 0 0.076073 0 0.0754853 0
-0.25759 0 0.32277 -0.0752627 0 0.0763986 0 0.0740671 0
-0.256813 0 0.32353 -0.0755131 0 0.0767241 0 0.0726488 0
-0.256036 0 0.324289 -0.0757634 0 0.0770496 0 0.0712306 0
-0.255259 0 0.325049 -0.0760138 0 0.0773752 0 0.0698123 0
-0.254482 0 0.325809 -0.0762642 0 0.0777007 0 0.0683941 0
-0.253705 0 0.326568 -0.0765145 0 0.0780262 0 0.0669758 0
-0.252928 0 0.327328 -0.0767649 0 0.0783517 0 0.0655576 0
-0.252145 0 0.328088 -0.0770142 0 0.0786782 0 0.0641132 0
-0.251313 0 0.328851 -0.0772562 0 0.0790114 0 0.0624878 0
-0.250481 0 0.329614 -0.0774983 0 0.0793446 0 0.0608624 0
-0.249649 0 0.330377 -0.0777403 0 0.0796777 0 0.0592369 0
-0.248816 0 0.33114 -0.0779823 0 0.0800109 0 0.0576115 0
-0.247984 0 0.331903 -0.0782244 0 0.080344 0 0.0559861 0
-0.247152 0 0.332666 -0.0784664 0 0.0806772 0 0.0543607 0
-0.24632 0 0.333429 -0.0787084 0 0.0810104 0 0.0527353 0
-0.245488 0 0.334192 -0.0789505 0 0.0813435 0 0.0511098 0
-0.244656 0 0.334955 -0.0791925 0 0.0816767 0 0.0494844 0
-0.243821 0 0.335718 -0.0794341 0 0.0820102 0 0.0478479 0
-0.242928 0 0.336469 -0.0796672 0 0.0823509 0 0.0460034 0
-0.242034 0 0.33722 -0.0799003 0 0.0826916 0 0.0441588 0
-0.241141 0 0.337971 -0.0801334 0 0.0830322 0 0.0423142 0
-0.240248 0 0.338722 -0.0803665 0 0.0833729 0 0.0404696 0
-0.239354 0 0.339473 -0.0805996 0 0.0837136 0 0.038625 0
-0.238461 0 0.340225 -0.0808327 0 0.0840542 0 0.0367804 0
-0.237568 0 0.340976 -0.0810658 0 0.0843949 0 0.0349358 0
-0.236674 0 0.341727 -0.0812989 0 0.0847356 0 0.0330912 0
-0.235781 0 0.342478 -0.081532 0 0.0850763 0 0.0312466 0
-0.234887 0 0.343229 -0.0817651 0 0.0854169 0 0.029402 0
-0.233927 0 0.343951 -0.0819888 0 0.0857646 0 0.0273319 0
-0.232965 0 0.344673 -0.0822123 0 0.0861125 0 0.025256 0
-0.232003 0 0.345394 -0.0824358 0 0.0864604 0 0.0231801 0
-0.231041 0 0.346116 -0.0826593 0 0.0868083 0 0.0211042 0
-0.230078 0 0.346837 -0.0828827 0 0.0871562 0 0.0190283 0
-0.229116 0 0.347559 -0.0831062 0 0.0875041 0 0.0169524 0
-0.228154 0 0.34828 -0.0833297 0 0.087852 0 0.0148765 0
-0.227192 0 0.349002 -0.0835532 0 0.0881998 0 0.0128006 0
-0.22623 0 0.349723 -0.0837767 0 0.0885477 0 0.0107247 0
-0.225268 0 0.350445 -0.0840002 0 0.0888956 0 0.00864879 0
-0.224235 0 0.351121 -0.0842143 0 0.0892495 0 0.00635377 0
-0.223195 0 0.351792 -0.0844274 0 0.0896041 0 0.00403419 0
-0.222156 0 0.352463 -0.0846404 0 0.0899587 0 0.0017146 0
-0.221116 0 0.353134 -0.0848535 0 0.0903133 0 -0.000604983 0
-0.220076 0 0.353805 -0.0850666 0 0.0906679 0 -0.00292457 0
-0.219036 0 0.354476 -0.0852797 0 0.0910225 0 -0.00524415 0
-0.217996 0 0.355147 -0.0854928 0 0.0913771 0 -0.00756374 0
-0.216956 0 0.355818 -0.0857058 0 0.0917317 0 -0.00988332 0
-0.215916 0 0.356489 -0.0859189 0 0.0920863 0 -0.0122029 0
-0.214876 0 0.35716 -0.086132 0 0.0924409 0 -0.0145225 0
-0.213763 0 0.357769 -0.0863358 0 0.0928004 0 -0.0170532 0
-0.212635 0 0.358365 -0.0865376 0 0.093161 0 -0.0196292 0
-0.211506 0 0.358961 -0.0867394 0 0.0935215 0 -0.0222051 0
-0.210378 0 0.359556 -0.0869412 0 0.0938821 0 -0.0247811 0
-0.209249 0 0.360152 -0.087143 0 0.0942426 0 -0.0273571 0
-0.208121 0 0.360747 -0.0873448 0 0.0946032 0 -0.029933 0
-0.206993 0 0.361343 -0.0875466 0 0.0949637 0 -0.032509 0
-0.205864 0 0.361939 -0.0877484 0 0.0953243 0 -0.0350849 0
-0.204736 0 0.362534 -0.0879502 0 0.0956848 0 -0.0376609 0
-0.203607 0 0.36313 -0.088152 0 0.0960454 0 -0.0402369 0
-0.202403 0 0.363646 -0.0883446 0 0.0964096 0 -0.0430144 0
-0.201174 0 0.364136 -0.0885341 0 0.0967751 0 -0.0458598 0
-0.199944 0 0.364626 -0.0887236 0 0.0971405 0 -0.0487053 0
-0.198714 0 0.365116 -0.0889131 0 0.097506 0 -0.0515507 0
-0.197485 0 0.365606 -0.0891026 0 0.0978714 0 -0.0543962 0
-0.196255 0 0.366096 -0.0892921 0 0.0982369 0 -0.0572416 0
-0.195025 0 0.366586 -0.0894816 0 0.0986023 0 -0.0600871 0
-0.193796 0 0.367076 -0.0896711 0 0.0989678 0 -0.0629325 0
-0.192566 0 0.367565 -0.0898606 0 0.0993332 0 -0.065778 0
-0.191337 0 0.368055 -0.0900501 0 0.0996987 0 -0.0686234 0
-0.190029 0 0.368448 -0.0902305 0 0.100066 0 -0.0716592 0
-0.188683 0 0.368795 -0.0904066 0 0.100435 0 -0.0747877 0
-0.187337 0 0.369141 -0.0905826 0 0.100804 0 -0.0779162 0
-0.185992 0 0.369487 -0.0907587 0 0.101173 0 -0.0810447 0
-0.184646 0 0.369833 -0.0909347 0 0.101542 0 -0.0841732 0
-0.1833 0 0.370179 -0.0911107 0 0.101911 0 -0.0873017 0
-0.181955 0 0.370525 -0.0912868 0 0.10228 0 -0.0904302 0
-0.180609 0 0.370871 -0.0914628 0 0.102649 0 -0.0935588 0
-0.179263 0 0.371217 -0.0916389 0 0.103018 0 -0.0966873 0
-0.177917 0 0.371564 -0.0918149 0 0.103387 0 -0.0998158 0
-0.176492 0 0.371795 -0.0919821 0 0.103756 0 -0.103122 0
-0.175013 0 0.371948 -0.0921434 0 0.104127 0 -0.106547 0
-0.173534 0 0.372102 -0.0923046 0 0.104497 0 -0.109973 0
-0.172055 0 0.372255 -0.0924659 0 0.104868 0 -0.113398 0
-0.170576 0 0.372409 -0.0926271 0 0.105238 0 -0.116824 0
-0.169096 0 0.372562 -0.0927884 0 0.105609 0 -0.120249 0
-0.167617 0 0.372716 -0.0929496 0 0.105979 0 -0.123675 0
-0.166138 0 0.372869 -0.0931109 0 0.10635 0 -0.127101 0
-0.164659 0 0.373023 -0.0932721 0 0.10672 0 -0.130526 0
-0.16318 0 0.373176 -0.0934334 0 0.107091 0 -0.133952 0
-0.161621 0 0.373195 -0.0935861 0 0.10746 0 -0.137539 0
-0.159989 0 0.373091 -0.0937311 0 0.10783 0 -0.141276 0
-0.158357 0 0.372987 -0.093876 0 0.108199 0 -0.145013 0
-0.156724 0 0.372882 -0.0940209 0 0.108569 0 -0.14875 0
-0.155092 0 0.372778 -0.0941659 0 0.108938 0 -0.152486 0
-0.15346 0 0.372674 -0.0943108 0 0.109307 0 -0.156223 0
-0.151827 0 0.372569 -0.0944557 0 0.109677 0 -0.15996 0
-0.150195 0 0.372465 -0.0946006 0 0.110046 0 -0.163696 0
-0.148563 0 0.372361 -0.0947456 0 0.110416 0 -0.167433 0
-0.14693 0 0.372256 -0.0948905 0 0.110785 0 -0.17117 0
-0.145274 0 0.372092 -0.0950279 0 0.111153 0 -0.175055 0
-0.143586 0 0.371853 -0.095156 0 0.11152 0 -0.179125 0
-0.141898 0 0.371614 -0.095284 0 0.111887 0 -0.183195 0
-0.140211 0 0.371375 -0.0954121 0 0.112254 0 -0.187264 0
-0.138523 0 0.371136 -0.0955401 0 0.112621 0 -0.191334 0
-0.136835 0 0.370897 -0.0956682 0 0.112988 0 -0.195404 0
-0.135148 0 0.370658 -0.0957962 0 0.113356 0 -0.199474 0
-0.13346 0 0.370419 -0.0959243 0 0.113723 0 -0.203543 0
-0.131773 0 0.37018 -0.0960523 0 0.11409 0 -0.207613 0
-0.130085 0 0.369941 -0.0961804 0 0.114457 0 -0.211683 0
-0.128411 0 0.369662 -0.0963023 0 0.114822 0 -0.215885 0
-0.126761 0 0.369316 -0.0964139 0 0.115186 0 -0.220313 0
-0.125111 0 0.36897 -0.0965254 0 0.115549 0 -0.22474 0
-0.12346 0 0.368624 -0.096637 0 0.115913 0 -0.229168 0
-0.12181 0 0.368278 -0.0967485 0 0.116277 0 -0.233595 0
-0.12016 0 0.367932 -0.0968601 0 0.11664 0 -0.238023 0
-0.11851 0 0.367586 -0.0969716 0 0.117004 0 -0.242451 0
-0.11686 0 0.36724 -0.0970832 0 0.117367 0 -0.246878 0
-0.115209 0 0.366894 -0.0971948 0 0.117731 0 -0.251306 0
-0.113559 0 0.366548 -0.0973063 0 0.118094 0 -0.255734 0
-0.111128 0 0.365994 -0.0974052 0 0.118455 0 -0.260165 0
-0.106822 0 0.364938 -0.0974737 0 0.118808 0 -0.264604 0
-0.102516 0 0.363882 -0.0975422 0 0.119161 0 -0.269044 0
-0.0982096 0 0.362826 -0.0976107 0 0.119514 0 -0.273484 0
-0.0939036 0 0.36177 -0.0976791 0 0.119867 0 -0.277923 0
-0.0895975 0 0.360714 -0.0977476 0 0.12022 0 -0.282363 0
-0.0852915 0 0.359659 -0.0978161 0 0.120573 0 -0.286803 0
-0.0809854 0 0.358603 -0.0978846 0 0.120926 0 -0.291243 0
-0.0766794 0 0.357547 -0.0979531 0 0.121279 0 -0.295682 0
-0.0723734 0 0.356491 -0.0980216 0 0.121632 0 -0.300122 0
-0.0681124 0 0.355435 -0.0980811 0 0.121982 0 -0.304568 0
-0.0640128 0 0.354377 -0.0981086 0 0.122325 0 -0.309037 0
-0.0599133 0 0.353319 -0.0981361 0 0.122667 0 -0.313506 0
-0.0558137 0 0.352261 -0.0981636 0 0.12301 0 -0.317974 0
-0.0517141 0 0.351202 -0.0981911 0 0.123352 0 -0.322443 0
-0.0476145 0 0.350144 -0.0982186 0 0.123694 0 -0.326912 0
-0.0435149 0 0.349086 -0.0982461 0 0.124037 0 -0.331381 0
-0.0394154 0 0.348028 -0.0982736 0 0.124379 0 -0.33585 0
-0.0353158 0 0.34697 -0.0983011 0 0.124722 0 -0.340318 0
-0.0312162 0 0.345912 -0.0983286 0 0.125064 0 -0.344787 0
-0.0271444 0 0.344843 -0.0983505 0 0.125405 0 -0.349262 0
-0.0232391 0 0.343714 -0.0983389 0 0.125736 0 -0.353774 0
-0.0193338 0 0.342585 -0.0983274 0 0.126067 0 -0.358286 0
-0.0154284 0 0.341456 -0.0983158 0 0.126398 0 -0.362798 0
-0.0115231 0 0.340327 -0.0983043 0 0.126729 0 -0.367309 0
-0.0076178 0 0.339198 -0.0982927 0 0.127061 0 -0.371821 0
-0.00371249 0 0.338068 -0.0982811 0 0.127392 0 -0.376333 0
0.000192826 0 0.336939 -0.0982696 0 0.127723 0 -0.380845 0
0.00409814 0 0.33581 -0.098258 0 0.128054 0 -0.385356 0
0.00800346 0 0.334681 -0.0982465 0 0.128385 0 -0.389868 0
0.0118965 0 0.333542 -0.0982324 0 0.128715 0 -0.394384 0
0.0156198 0 0.332277 -0.0981836 0 0.129034 0 -0.398949 0
0.019343 0 0.331012 -0.0981348 0 0.129352 0 -0.403515 0
0.0230662 0 0.329747 -0.098086 0 0.129671 0 -0.40808 0
0.0267894 0 0.328482 -0.0980372 0 0.129989 0 -0.412646 0
0.0305127 0 0.327217 -0.0979884 0 0.130308 0 -0.417211 0
0.0342359 0 0.325952 -0.0979397 0 0.130626 0 -0.421777 0
0.0379591 0 0.324687 -0.0978909 0 0.130945 0 -0.426342 0
0.0416824 0 0.323421 -0.0978421 0 0.131263 0 -0.430908 0
0.0454056 0 0.322156 -0.0977933 0 0.131582 0 -0.435473 0
0.0491288 0 0.320891 -0.0977445 0 0.1319 0 -0.440039 0
0.0526828 0 0.31943 -0.0976605 0 0.132204 0 -0.444665 0
0.0562354 0 0.317966 -0.0975762 0 0.132508 0 -0.449292 0
0.059788 0 0.316503 -0.0974918 0 0.132812 0 -0.453919 0
0.0633406 0 0.31504 -0.0974075 0 0.133115 0 -0.458546 0
0.0668932 0 0.313577 -0.0973232 0 0.133419 0 -0.463174 0
0.0704458 0 0.312113 -0.0972389 0 0.133723 0 -0.467801 0
0.0739984 0 0.31065 -0.0971546 0 0.134027 0 -0.472428 0
0.0775509 0 0.309187 -0.0970703 0 0.134331 0 -0.477055 0
0.0811035 0 0.307724 -0.0969859 0 0.134635 0 -0.481682 0
0.0846561 0 0.306261 -0.0969016 0 0.134939 0 -0.486309 0
0.0880618 0 0.30456 -0.0967862 0 0.135227 0 -0.490997 0
0.0914539 0 0.302839 -0.096668 0 0.135513 0 -0.495691 0
0.0948461 0 0.301117 -0.0965498 0 0.1358 0 -0.500384 0
0.0982382 0 0.299395 -0.0964315 0 0.136086 0 -0.505078 0
0.10163 0 0.297673 -0.0963133 0 0.136373 0 -0.509772 0
0.105023 0 0.295951 -0.096195 0 0.13666 0 -0.514465 0
0.108415 0 0.29423 -0.0960768 0 0.136946 0 -0.519159 0
0.111807 0 0.292508 -0.0959586 0 0.137233 0 -0.523853 0
0.115199 0 0.290786 -0.0958403 0 0.13752 0 -0.528546 0
0.118591 0 0.289064 -0.0957221 0 0.137806 0 -0.53324 0
0.122009 0 0.287441 -0.0955751 0 0.138079 0 -0.537995 0
0.125431 0 0.285837 -0.0954226 0 0.13835 0 -0.542761 0
0.128854 0 0.284232 -0.0952702 0 0.13862 0 -0.547527 0
0.132277 0 0.282628 -0.0951177 0 0.138891 0 -0.552293 0
0.135699 0 0.281024 -0.0949652 0 0.139162 0 -0.557059 0
0.139122 0 0.27942 -0.0948128 0 0.139432 0 -0.561825 0
0.142544 0 0.277815 -0.0946603 0 0.139703 0 -0.566591 0
0.145967 0 0.276211 -0.0945078 0 0.139973 0 -0.571357 0
0.149389 0 0.274607 -0.0943554 0 0.140244 0 -0.576123 0
0.152812 0 0.273002 -0.0942029 0 0.140515 0 -0.58089 0
0.156274 0 0.27146 -0.0940239 0 0.140773 0 -0.585713 0
0.159748 0 0.269936 -0.0938367 0 0.141029 0 -0.590555 0
0.163221 0 0.268413 -0.0936495 0 0.141284 0 -0.595397 0
0.166695 0 0.266889 -0.0934623 0 0.141539 0 -0.600238 0
0.170169 0 0.265366 -0.0932751 0 0.141795 0 -0.60508 0
0.173643 0 0.263842 -0.0930879 0 0.14205 0 -0.609922 0
0.177117 0 0.262319 -0.0929007 0 0.142306 0 -0.614763 0
0.180591 0 0.260795 -0.0927135 0 0.142561 0 -0.619605 0
0.184065 0 0.259272 -0.0925263 0 0.142816 0 -0.624447 0
0.187539 0 0.257748 -0.0923391 0 0.143072 0 -0.629288 0
0.191062 0 0.256262 -0.0921274 0 0.143317 0 -0.634182 0
0.194607 0 0.254793 -0.0919048 0 0.143557 0 -0.639099 0
0.198153 0 0.253324 -0.0916821 0 0.143798 0 -0.644016 0
0.201698 0 0.251855 -0.0914594 0 0.144039 0 -0.648933 0
0.205244 0 0.250385 -0.0912368 0 0.144279 0 -0.653849 0
0.208789 0 0.248916 -0.0910141 0 0.14452 0 -0.658766 0
0.212335 0 0.247447 -0.0907915 0 0.144761 0 -0.663683 0
0.21588 0 0.245978 -0.0905688 0 0.145001 0 -0.6686 0
0.219426 0 0.244509 -0.0903462 0 0.145242 0 -0.673517 0
0.222971 0 0.243039 -0.0901235 0 0.145483 0 -0.678434 0
0.226575 0 0.241585 -0.0898785 0 0.145714 0 -0.68339 0
0.230215 0 0.240141 -0.0896195 0 0.145941 0 -0.68837 0
0.233855 0 0.238696 -0.0893604 0 0.146167 0 -0.693351 0
0.237495 0 0.237251 -0.0891013 0 0.146393 0 -0.698331 0
0.241135 0 0.235806 -0.0888423 0 0.146619 0 -0.703312 0
0.244775 0 0.234362 -0.0885832 0 0.146845 0 -0.708293 0
0.248415 0 0.232917 -0.0883242 0 0.147072 0 -0.713273 0
0.252055 0 0.231472 -0.0880651 0 0.147298 0 -0.718254 0
0.255695 0 0.230027 -0.087806 0 0.147524 0 -0.723234 0
0.259335 0 0.228583 -0.087547 0 0.14775 0 -0.728215 0
0.26304 0 0.227165 -0.0872677 0 0.147969 0 -0.733219 0
0.2668 0 0.22577 -0.086971 0 0.148181 0 -0.738245 0
0.27056 0 0.224375 -0.0866744 0 0.148393 0 -0.743271 0
0.27432 0 0.22298 -0.0863777 0 0.148606 0 -0.748297 0
0.27808 0 0.221585 -0.0860811 0 0.148818 0 -0.753322 0
0.28184 0 0.22019 -0.0857844 0 0.14903 0 -0.758348 0
0.2856 0 0.218795 -0.0854878 0 0.149242 0 -0.763374 0
0.28936 0 0.2174 -0.0851911 0 0.149455 0 -0.768399 0
0.29312 0 0.216005 -0.0848944 0 0.149667 0 -0.773425 0
0.296879 0 0.21461 -0.0845978 0 0.149879 0 -0.778451 0
0.300707 0 0.21327 -0.0842831 0 0.150086 0 -0.783485 0
0.304613 0 0.211995 -0.0839474 0 0.150285 0 -0.788528 0
0.30852 0 0.21072 -0.0836116 0 0.150485 0 -0.793571 0
0.312426 0 0.209445 -0.0832759 0 0.150684 0 -0.798614 0
0.316332 0 0.20817 -0.0829402 0 0.150884 0 -0.803658 0
0.320238 0 0.206895 -0.0826045 0 0.151083 0 -0.808701 0
0.324145 0 0.205621 -0.0822687 0 0.151283 0 -0.813744 0
0.328051 0 0.204346 -0.081933 0 0.151482 0 -0.818788 0
0.331957 0 0.203071 -0.0815973 0 0.151682 0 -0.823831 0
0.335864 0 0.201796 -0.0812616 0 0.151881 0 -0.828874 0
0.339837 0 0.200617 -0.0809101 0 0.152077 0 -0.833909 0
0.343918 0 0.199591 -0.0805336 0 0.152266 0 -0.838931 0
0.347999 0 0.198566 -0.080157 0 0.152455 0 -0.843953 0
0.35208 0 0.19754 -0.0797805 0 0.152644 0 -0.848975 0
0.356161 0 0.196515 -0.079404 0 0.152834 0 -0.853997 0
0.360242 0 0.195489 -0.0790274 0 0.153023 0 -0.859019 0
0.364324 0 0.194464 -0.0786509 0 0.153212 0 -0.864041 0
0.368405 0 0.193438 -0.0782744 0 0.153401 0 -0.869063 0
0.372486 0 0.192412 -0.0778978 0 0.153591 0 -0.874085 0
0.376567 0 0.191387 -0.0775213 0 0.15378 0 -0.879107 0
0.380712 0 0.190498 -0.0771314 0 0.153967 0 -0.884107 0
0.384999 0 0.189912 -0.076712 0 0.154151 0 -0.889056 0
0.389286 0 0.189326 -0.0762926 0 0.154334 0 -0.894006 0
0.393573 0 0.188741 -0.0758732 0 0.154518 0 -0.898956 0
0.397861 0 0.188155 -0.0754538 0 0.154701 0 -0.903906 0
0.402148 0 0.187569 -0.0750344 0 0.154884 0 -0.908855 0
0.406435 0 0.186983 -0.074615 0 0.155068 0 -0.913805 0
0.410722 0 0.186397 -0.0741956 0 0.155251 0 -0.918755 0
0.41501 0 0.185811 -0.0737762 0 0.155434 0 -0.923705 0
0.419297 0 0.185226 -0.0733568 0 0.155618 0 -0.928654 0
0.423641 0 0.184797 -0.0729268 0 0.155801 0 -0.933573 0
0.42817 0 0.18488 -0.0724621 0 0.155986 0 -0.93839 0
0.432698 0 0.184963 -0.0719974 0 0.15617 0 -0.943207 0
0.437227 0 0.185047 -0.0715327 0 0.156354 0 -0.948024 0
0.441756 0 0.18513 -0.071068 0 0.156538 0 -0.952841 0
0.446285 0 0.185213 -0.0706033 0 0.156723 0 -0.957658 0
0.450813 0 0.185296 -0.0701386 0 0.156907 0 -0.962475 0
0.455342 0 0.185379 -0.0696739 0 0.157091 0 -0.967292 0
0.459871 0 0.185462 -0.0692092 0 0.157275 0 -0.972109 0
0.464399 0 0.185546 -0.0687445 0 0.157459 0 -0.976926 0
0.468973 0 0.185771 -0.0682722 0 0.157645 0 -0.981711 0
0.473784 0 0.186746 -0.0677594 0 0.157839 0 -0.986331 0
0.478594 0 0.187722 -0.0672466 0 0.158033 0 -0.990952 0
0.483404 0 0.188697 -0.0667338 0 0.158227 0 -0.995572 0
0.488215 0 0.189673 -0.066221 0 0.158421 0 -1.00019 0
0.493025 0 0.190648 -0.0657082 0 0.158615 0 -1.00481 0
0.497836 0 0.191623 -0.0651954 0 0.158809 0 -1.00943 0
0.502646 0 0.192599 -0.0646826 0 0.159003 0 -1.01405 0
0.507456 0 0.193574 -0.0641698 0 0.159197 0 -1.01867 0
0.512267 0 0.19455 -0.063657 0 0.159391 0 -1.02329 0
0.517105 0 0.195615 -0.0631399 0 0.159587 0 -1.02789 0
0.522244 0 0.197659 -0.0625757 0 0.159801 0 -1.03226 0
0.527384 0 0.199702 -0.0620115 0 0.160016 0 -1.03662 0
0.532523 0 0.201746 -0.0614473 0 0.16023 0 -1.04099 0
0.537662 0 0.20379 -0.0608832 0 0.160444 0 -1.04535 0
0.542802 0 0.205834 -0.060319 0 0.160659 0 -1.04972 0
0.547941 0 0.207878 -0.0597548 0 0.160873 0 -1.05408 0
0.553081 0 0.209922 -0.0591906 0 0.161088 0 -1.05845 0
0.55822 0 0.211966 -0.0586264 0 0.161302 0 -1.06281 0
0.563359 0 0.21401 -0.0580622 0 0.161516 0 -1.06717 0
0.568502 0 0.216064 -0.0574976 0 0.161731 0 -1.07154 0
0.574025 0 0.219298 -0.0568781 0 0.161978 0 -1.0756 0
0.579549 0 0.222533 -0.0562587 0 0.162225 0 -1.07966 0
0.585073 0 0.225768 -0.0556393 0 0.162471 0 -1.08372 0
0.590596 0 0.229002 -0.0550199 0 0.162718 0 -1.08778 0
0.59612 0 0.232237 -0.0544004 0 0.162965 0 -1.09184 0
0.601643 0 0.235472 -0.053781 0 0.163212 0 -1.0959 0
0.607167 0 0.238707 -0.0531616 0 0.163458 0 -1.09996 0
0.61269 0 0.241941 -0.0525422 0 0.163705 0 -1.10402 0
0.618214 0 0.245176 -0.0519227 0 0.163952 0 -1.10808 0
0.623738 0 0.248411 -0.0513033 0 0.164199 0 -1.11214 0
0.629673 0 0.252843 -0.0506283 0 0.164488 0 -1.11589 0
0.635637 0 0.257361 -0.0499492 0 0.16478 0 -1.1196 0
0.641602 0 0.261879 -0.0492701 0 0.165072 0 -1.12332 0
0.647567 0 0.266397 -0.048591 0 0.165364 0 -1.12704 0
0.653532 0 0.270915 -0.047912 0 0.165655 0 -1.13076 0
0.659496 0 0.275433 -0.0472329 0 0.165947 0 -1.13448 0
0.665461 0 0.279951 -0.0465538 0 0.166239 0 -1.1382 0
0.671426 0 0.284469 -0.0458748 0 0.166531 0 -1.14191 0
0.677391 0 0.288987 -0.0451957 0 0.166823 0 -1.14563 0
0.683355 0 0.293505 -0.0445166 0 0.167115 0 -1.14935 0
0.689737 0 0.299197 -0.0437822 0 0.167458 0 -1.15275 0
0.696189 0 0.305085 -0.0430387 0 0.167808 0 -1.15609 0
0.70264 0 0.310972 -0.0422951 0 0.168159 0 -1.15943 0
0.709091 0 0.316859 -0.0415515 0 0.16851 0 -1.16278 0
0.715543 0 0.322747 -0.0408079 0 0.168861 0 -1.16612 0
0.721994 0 0.328634 -0.0400643 0 0.169212 0 -1.16946 0
0.728445 0 0.334522 -0.0393207 0 0.169562 0 -1.1728 0
0.734897 0 0.340409 -0.0385771 0 0.169913 0 -1.17615 0
0.741348 0 0.346296 -0.0378336 0 0.170264 0 -1.17949 0
0.747799 0 0.352184 -0.03709 0 0.170615 0 -1.18283 0
0.754646 0 0.359203 -0.036292 0 0.171023 0 -1.18585 0
0.761604 0 0.366539 -0.0354789 0 0.171447 0 -1.18878 0
0.768561 0 0.373874 -0.0346657 0 0.171871 0 -1.19171 0
0.775519 0 0.38121 -0.0338525 0 0.172296 0 -1.19464 0
0.782476 0 0.388546 -0.0330394 0 0.17272 0 -1.19757 0
0.789434 0 0.395881 -0.0322262 0 0.173144 0 -1.2005 0
0.796391 0 0.403217 -0.0314131 0 0.173568 0 -1.20343 0
0.803349 0 0.410552 -0.0305999 0 0.173992 0 -1.20636 0
0.810307 0 0.417888 -0.0297867 0 0.174416 0 -1.20929 0
0.817264 0 0.425224 -0.0289736 0 0.174841 0 -1.21222 0
0.824568 0 0.433618 -0.0281078 0 0.175327 0 -1.21482 0
0.832017 0 0.442453 -0.0272202 0 0.17584 0 -1.21729 0
0.839466 0 0.451288 -0.0263325 0 0.176352 0 -1.21976 0
0.846914 0 0.460123 -0.0254449 0 0.176865 0 -1.22223 0
0.854363 0 0.468958 -0.0245572 0 0.177377 0 -1.2247 0
0.861811 0 0.477793 -0.0236696 0 0.17789 0 -1.22717 0
0.86926 0 0.486628 -0.022782 0 0.178402 0 -1.22964 0
0.876709 0 0.495463 -0.0218943 0 0.178915 0 -1.23211 0
0.884157 0 0.504298 -0.0210067 0 0.179427 0 -1.23458 0
0.891606 0 0.513134 -0.020119 0 0.17994 0 -1.23705 0
0.899331 0 0.522912 -0.0191817 0 0.180518 0 -1.23919 0
0.907219 0 0.533244 -0.0182151 0 0.181133 0 -1.24114 0
0.915106 0 0.543576 -0.0172486 0 0.181749 0 -1.24309 0
0.922994 0 0.553908 -0.0162821 0 0.182365 0 -1.24504 0
0.930881 0 0.56424 -0.0153156 0 0.182981 0 -1.24699 0
0.938769 0 0.574572 -0.014349 0 0.183597 0 -1.24894 0
0.946656 0 0.584904 -0.0133825 0 0.184213 0 -1.25089 0
0.954543 0 0.595236 -0.012416 0 0.184828 0 -1.25284 0
0.962431 0 0.605568 -0.0114495 0 0.185444 0 -1.25479 0
0.970318 0 0.6159 -0.010483 0 0.18606 0 -1.25674 0
0.978402 0 0.62702 -0.00947073 0 0.186741 0 -1.25835 0
0.986643 0 0.638774 -0.0084218 0 0.187475 0 -1.25971 0
0.994884 0 0.650529 -0.00737287 0 0.188208 0 -1.26106 0
1.00313 0 0.662283 -0.00632394 0 0.188941 0 -1.26241 0
1.01137 0 0.674037 -0.005275 0 0.189675 0 -1.26377 0
1.01961 0 0.685791 -0.00422607 0 0.190408 0 -1.26512 0
1.02785 0 0.697545 -0.00317714 0 0.191141 0 -1.26647 0
1.03609 0 0.709299 -0.00212821 0 0.191875 0 -1.26782 0
1.04433 0 0.721053 -0.00107928 0 0.192608 0 -1.26918 0
1.05257 0 0.732807 -3.03452e-05 0 0.193342 0 -1.27053 0
1.06093 0 0.74517 0.00105923 0 0.194137 0 -1.27155 0
1.06941 0 0.758195 0.00219301 0 0.195001 0 -1.27222 0
1.0779 0 0.771219 0.00332679 0 0.195865 0 -1.27288 0
1.08638 0 0.784244 0.00446057 0 0.196728 0 -1.27355 0
1.09487 0 0.797269 0.00559435 0 0.197592 0 -1.27422 0
1.10335 0 0.810294 0.00672813 0 0.198456 0 -1.27488 0
1.11184 0 0.823319 0.00786192 0 0.199319 0 -1.27555 0
1.12032 0 0.836343 0.0089957 0 0.200183 0 -1.27621 0
1.12881 0 0.849368 0.0101295 0 0.201046 0 -1.27688 0
1.13729 0 0.862393 0.0112633 0 0.20191 0 -1.27754 0
1.14583 0 0.875842 0.0124318 0 0.20283 0 -1.27789 0
1.15443 0 0.889917 0.0136516 0 0.203835 0 -1.27777 0
1.16304 0 0.903992 0.0148714 0 0.204839 0 -1.27765 0
1.17164 0 0.918067 0.0160913 0 0.205844 0 -1.27752 0
1.18025 0 0.932142 0.0173111 0 0.206848 0 -1.2774 0
1.18885 0 0.946217 0.0185309 0 0.207852 0 -1.27728 0
1.19746 0 0.960293 0.0197508 0 0.208857 0 -1.27716 0
1.20606 0 0.974368 0.0209706 0 0.209861 0 -1.27703 0
1.21467 0 0.988443 0.0221904 0 0.210866 0 -1.27691 0
1.22327 0 1.00252 0.0234103 0 0.21187 0 -1.27679 0
1.23188 0 1.01685 0.0246583 0 0.212923 0 -1.27637 0
1.24047 0 1.03169 0.025964 0 0.214076 0 -1.27535 0
1.24907 0 1.04653 0.0272698 0 0.215229 0 -1.27433 0
1.25766 0 1.06138 0.0285756 0 0.216381 0 -1.2733 0
1.26625 0 1.07622 0.0298814 0 0.217534 0 -1.27228 0
1.27485 0 1.09106 0.0311871 0 0.218687 0 -1.27126 0
1.28344 0 1.10591 0.0324929 0 0.21984 0 -1.27024 0
1.29204 0 1.12075 0.0337987 0 0.220993 0 -1.26922 0
1.30063 0 1.1356 0.0351045 0 0.222146 0 -1.26819 0
1.30923 0 1.15044 0.0364103 0 0.223298 0 -1.26717 0
1.31778 0 1.16539 0.0377373 0 0.22449 0 -1.26589 0
1.32622 0 1.18064 0.0391275 0 0.225795 0 -1.26386 0
1.33466 0 1.1959 0.0405176 0 0.2271 0 -1.26182 0
1.34309 0 1.21116 0.0419078 0 0.228406 0 -1.25979 0
1.35153 0 1.22641 0.0432979 0 0.229711 0 -1.25775 0
1.35997 0 1.24167 0.0446881 0 0.231017 0 -1.25571 0
1.3684 0 1.25693 0.0460782 0 0.232322 0 -1.25368 0
1.37684 0 1.27218 0.0474684 0 0.233627 0 -1.25164 0
1.38528 0 1.28744 0.0488585 0 0.234933 0 -1.24961 0
1.39371 0 1.3027 0.0502487 0 0.236238 0 -1.24757 0
1.40198 0 1.3176 0.0516519 0 0.237567 0 -1.24535 0
1.40942 0 1.33083 0.0531165 0 0.239005 0 -1.24226 0
1.41686 0 1.34407 0.054581 0 0.240442 0 -1.23918 0
1.4243 0 1.35731 0.0560456 0 0.24188 0 -1.2361 0
1.43174 0 1.37055 0.0575101 0 0.243318 0 -1.23301 0
1.43918 0 1.38379 0.0589747 0 0.244756 0 -1.22993 0
1.44662 0 1.39702 0.0604392 0 0.246193 0 -1.22685 0
1.45406 0 1.41026 0.0619038 0 0.247631 0 -1.22376 0
1.4615 0 1.4235 0.0633683 0 0.249069 0 -1.22068 0
1.46894 0 1.43674 0.0648329 0 0.250507 0 -1.21759 0
1.47603 0 1.44902 0.0663015 0 0.251948 0 -1.21444 0
1.48003 0 1.45283 0.067806 0 0.253424 0 -1.21061 0
1.48402 0 1.45664 0.0693105 0 0.2549 0 -1.20678 0
1.48802 0 1.46044 0.070815 0 0.256376 0 -1.20295 0
1.49202 0 1.46425 0.0723196 0 0.257852 0 -1.19912 0
1.49601 0 1.46806 0.0738241 0 0.259328 0 -1.19529 0
1.50001 0 1.47186 0.0753286 0 0.260803 0 -1.19146 0
1.50401 0 1.47567 0.0768331 0 0.262279 0 -1.18763 0
1.508 0 1.47947 0.0783376 0 0.263755 0 -1.1838 0
1.512 0 1.48328 0.0798421 0 0.265231 0 -1.17998 0
1.51587 0 1.48673 0.0813464 0 0.266704 0 -1.17615 0
1.51483 0 1.47653 0.0828405 0 0.268078 0 -1.17242 0
1.5138 0 1.46632 0.0843347 0 0.269452 0 -1.16869 0
1.51276 0 1.45611 0.0858289 0 0.270825 0 -1.16497 0
1.51173 0 1.4459 0.087323 0 0.272199 0 -1.16124 0
1.51069 0 1.43569 0.0888172 0 0.273573 0 -1.15751 0
1.50965 0 1.42548 0.0903113 0 0.274947 0 -1.15379 0
1.50862 0 1.41527 0.0918055 0 0.27632 0 -1.15006 0
1.50758 0 1.40507 0.0932997 0 0.277694 0 -1.14633 0
1.50655 0 1.39486 0.0947938 0 0.279068 0 -1.14261 0
1.50551 0 1.38465 0.096288 0 0.280442 0 -1.13888 0
1.50488 0 1.37445 0.0977764 0 0.281718 0 -1.13525 0
1.50428 0 1.36425 0.0992645 0 0.28299 0 -1.13162 0
1.50367 0 1.35405 0.100753 0 0.284262 0 -1.128 0
1.50307 0 1.34384 0.102241 0 0.285534 0 -1.12438 0
1.50246 0 1.33364 0.103729 0 0.286805 0 -1.12075 0
1.50185 0 1.32344 0.105217 0 0.288077 0 -1.11713 0
1.50125 0 1.31324 0.106705 0 0.289349 0 -1.1135 0
1.50064 0 1.30304 0.108193 0 0.290621 0 -1.10988 0
1.50004 0 1.29284 0.109681 0 0.291892 0 -1.10625 0
1.49943 0 1.28264 0.111169 0 0.293164 0 -1.10263 0
1.49915 0 1.27243 0.112655 0 0.294347 0 -1.09909 0
1.49891 0 1.26222 0.114141 0 0.295516 0 -1.09557 0
1.49867 0 1.25201 0.115627 0 0.296686 0 -1.09204 0
1.49844 0 1.24179 0.117112 0 0.297855 0 -1.08852 0
1.4982 0 1.23158 0.118598 0 0.299025 0 -1.085 0
1.49796 0 1.22137 0.120084 0 0.300195 0 -1.08147 0
1.49773 0 1.21116 0.12157 0 0.301364 0 -1.07795 0
1.49749 0 1.20094 0.123055 0 0.302534 0 -1.07442 0
1.49725 0 1.19073 0.124541 0 0.303703 0 -1.0709 0
1.49702 0 1.18052 0.126027 0 0.304873 0 -1.06738 0
1.49703 0 1.17028 0.127513 0 0.305961 0 -1.06393 0
1.4971 0 1.16004 0.129 0 0.307028 0 -1.0605 0
1.49717 0 1.14979 0.130486 0 0.308095 0 -1.05707 0
1.49724 0 1.13955 0.131973 0 0.309162 0 -1.05364 0
1.49731 0 1.1293 0.133459 0 0.31023 0 -1.05021 0
1.49738 0 1.11906 0.134945 0 0.311297 0 -1.04679 0
1.49745 0 1.10882 0.136432 0 0.312364 0 -1.04336 0
1.49753 0 1.09857 0.137918 0 0.313431 0 -1.03993 0
1.4976 0 1.08833 0.139405 0 0.314498 0 -1.0365 0
1.49767 0 1.07808 0.140891 0 0.315565 0 -1.03307 0
1.49792 0 1.0678 0.14238 0 0.316558 0 -1.02971 0
1.49824 0 1.0575 0.14387 0 0.317522 0 -1.02637 0
1.49856 0 1.04721 0.145359 0 0.318487 0 -1.02303 0
1.49888 0 1.03691 0.146849 0 0.319451 0 -1.01969 0
1.4992 0 1.02661 0.148339 0 0.320415 0 -1.01635 0
1.49953 0 1.01631 0.149828 0 0.321379 0 -1.01301 0
1.49985 0 1.00602 0.151318 0 0.322343 0 -1.00967 0
1.50017 0 0.995719 0.152808 0 0.323308 0 -1.00634 0
1.50049 0 0.985421 0.154297 0 0.324272 0 -1.003 0
1.50081 0 0.975124 0.155787 0 0.325236 0 -0.999658 0
1.50126 0 0.964781 0.15728 0 0.326133 0 -0.996372 0
1.50178 0 0.954413 0.158775 0 0.326994 0 -0.993115 0
1.5023 0 0.944046 0.16027 0 0.327854 0 -0.989857 0
1.50282 0 0.933678 0.161764 0 0.328715 0 -0.9866 0
1.50334 0 0.92331 0.163259 0 0.329575 0 -0.983343 0
1.50386 0 0.912942 0.164754 0 0.330436 0 -0.980086 0
1.50438 0 0.902574 0.166249 0 0.331296 0 -0.976829 0
1.5049 0 0.892207 0.167744 0 0.332157 0 -0.973571 0
1.50542 0 0.881839 0.169239 0 0.333017 0 -0.970314 0
1.50594 0 0.871471 0.170734 0 0.333878 0 -0.967057 0
1.50655 0 0.861055 0.172232 0 0.334679 0 -0.963842 0
1.50722 0 0.850604 0.173734 0 0.335435 0 -0.960659 0
1.50789 0 0.840152 0.175236 0 0.336191 0 -0.957475 0
1.50857 0 0.8297 0.176737 0 0.336947 0 -0.954292 0
1.50924 0 0.819249 0.178239 0 0.337703 0 -0.951109 0
1.50992 0 0.808797 0.17974 0 0.338459 0 -0.947926 0
1.51059 0 0.798346 0.181242 0 0.339215 0 -0.944742 0
1.51126 0 0.787894 0.182743 0 0.339971 0 -0.941559 0
1.51194 0 0.777442 0.184245 0 0.340727 0 -0.938376 0
1.51261 0 0.766991 0.185747 0 0.341483 0 -0.935193 0
1.51333 0 0.75649 0.187252 0 0.342186 0 -0.932041 0
1.51411 0 0.745941 0.188761 0 0.342837 0 -0.928922 0
1.51488 0 0.735391 0.190271 0 0.343487 0 -0.925803 0
1.51566 0 0.724841 0.19178 0 0.344138 0 -0.922684 0
1.51643 0 0.714292 0.193289 0 0.344788 0 -0.919564 0
1.51721 0 0.703742 0.194799 0 0.345439 0 -0.916445 0
1.51799 0 0.693192 0.196308 0 0.346089 0 -0.913326 0
1.51876 0 0.682643 0.197818 0 0.34674 0 -0.910207 0
1.51954 0 0.672093 0.199327 0 0.34739 0 -0.907088 0
1.52031 0 0.661543 0.200836 0 0.348041 0 -0.903969 0
1.52111 0 0.65095 0.202349 0 0.348647 0 -0.900873 0
1.52196 0 0.640297 0.203867 0 0.349191 0 -0.897808 0
1.5228 0 0.629644 0.205385 0 0.349735 0 -0.894744 0
1.52364 0 0.618991 0.206902 0 0.350279 0 -0.89168 0
1.52448 0 0.608338 0.20842 0 0.350822 0 -0.888616 0
1.52532 0 0.597685 0.209938 0 0.351366 0 -0.885551 0
1.52617 0 0.587032 0.211456 0 0.35191 0 -0.882487 0
1.52701 0 0.576379 0.212973 0 0.352454 0 -0.879423 0
1.52785 0 0.565726 0.214491 0 0.352998 0 -0.876359 0
1.52869 0 0.555073 0.216009 0 0.353542 0 -0.873295 0
1.52955 0 0.544384 0.21753 0 0.354049 0 -0.870246 0
1.53042 0 0.533628 0.219056 0 0.354486 0 -0.867229 0
1.5313 0 0.522872 0.220583 0 0.354922 0 -0.864212 0
1.53218 0 0.512115 0.222109 0 0.355359 0 -0.861194 0
1.53306 0 0.501359 0.223636 0 0.355795 0 -0.858177 0
1.53393 0 0.490602 0.225162 0 0.356231 0 -0.855159 0
1.53481 0 0.479846 0.226689 0 0.356668 0 -0.852142 0
1.53569 0 0.469089 0.228216 0 0.357104 0 -0.849124 0
1.53657 0 0.458333 0.229742 0 0.357541 0 -0.846107 0
1.53744 0 0.447576 0.231269 0 0.357977 0 -0.84309 0
1.53832 0 0.436793 0.232798 0 0.358384 0 -0.840083 0
1.53921 0 0.425939 0.234333 0 0.358712 0 -0.837105 0
1.54009 0 0.415084 0.235868 0 0.35904 0 -0.834127 0
1.54097 0 0.404229 0.237404 0 0.359368 0 -0.831149 0
1.54185 0 0.393375 0.238939 0 0.359696 0 -0.828172 0
1.54274 0 0.38252 0.240474 0 0.360024 0 -0.825194 0
1.54362 0 0.371666 0.24201 0 0.360351 0 -0.822216 0
1.5445 0 0.360811 0.243545 0 0.360679 0 -0.819238 0
1.54539 0 0.349956 0.245081 0 0.361007 0 -0.816261 0
1.54627 0 0.339102 0.246616 0 0.361335 0 -0.813283 0
1.54715 0 0.32823 0.248153 0 0.361642 0 -0.810312 0
1.54801 0 0.317288 0.249697 0 0.36186 0 -0.807368 0
1.54887 0 0.306347 0.251241 0 0.362079 0 -0.804424 0
1.54974 0 0.295405 0.252785 0 0.362297 0 -0.801479 0
1.5506 0 0.284463 0.254329 0 0.362516 0 -0.798535 0
1.55146 0 0.273521 0.255873 0 0.362734 0 -0.795591 0
1.55232 0 0.262579 0.257417 0 0.362952 0 -0.792647 0
1.55318 0 0.251637 0.258961 0 0.363171 0 -0.789703 0
1.55405 0 0.240696 0.260505 0 0.363389 0 -0.786759 0
1.55491 0 0.229754 0.262049 0 0.363608 0 -0.783815 0
1.55577 0 0.218804 0.263594 0 0.363813 0 -0.780874 0
1.55658 0 0.207791 0.265146 0 0.363922 0 -0.777959 0
1.5574 0 0.196778 0.266698 0 0.36403 0 -0.775043 0
1.55821 0 0.185765 0.26825 0 0.364138 0 -0.772128 0
1.55903 0 0.174752 0.269802 0 0.364247 0 -0.769212 0
1.55984 0 0.163739 0.271355 0 0.364355 0 -0.766297 0
1.56066 0 0.152726 0.272907 0 0.364463 0 -0.763381 0
1.56147 0 0.141714 0.274459 0 0.364571 0 -0.760466 0
1.56229 0 0.130701 0.276011 0 0.36468 0 -0.75755 0
1.56311 0 0.119688 0.277563 0 0.364788 0 -0.754635 0
1.56392 0 0.108673 0.279116 0 0.364892 0 -0.75172 0
1.56467 0 0.0976099 0.280675 0 0.364889 0 -0.748829 0
1.56541 0 0.086547 0.282235 0 0.364887 0 -0.745938 0
1.56616 0 0.075484 0.283794 0 0.364885 0 -0.743047 0
1.5669 0 0.0644211 0.285354 0 0.364883 0 -0.740156 0
1.56765 0 0.0533582 0.286914 0 0.36488 0 -0.737265 0
1.5684 0 0.0422952 0.288473 0 0.364878 0 -0.734374 0
1.56914 0 0.0312323 0.290033 0 0.364876 0 -0.731483 0
1.56989 0 0.0201694 0.291593 0 0.364873 0 -0.728592 0
1.57063 0 0.00910645 0.293152 0 0.364871 0 -0.725701 0
1.57138 0 -0.00195648 0.294712 0 0.364869 0 -0.72281 0
1.57204 0 -0.0130437 0.296278 0 0.364759 0 -0.719939 0
1.5727 0 -0.0241317 0.297844 0 0.364646 0 -0.717069 0
1.57335 0 -0.0352198 0.29941 0 0.364533 0 -0.714198 0
1.57401 0 -0.0463078 0.300976 0 0.36442 0 -0.711328 0
1.57466 0 -0.0573958 0.302542 0 0.364306 0 -0.708458 0
1.57532 0 -0.0684839 0.304109 0 0.364193 0 -0.705588 0
1.57597 0 -0.0795719 0.305675 0 0.36408 0 -0.702718 0
1.57663 0 -0.09066 0.307241 0 0.363967 0 -0.699848 0
1.57729 0 -0.101748 0.308807 0 0.363854 0 -0.696978 0
1.57794 0 -0.112836 0.310373 0 0.36374 0 -0.694107 0
1.5785 0 -0.123922 0.311944 0 0.363529 0 -0.691253 0
1.57905 0 -0.135007 0.313516 0 0.363304 0 -0.688401 0
1.5796 0 -0.146092 0.315088 0 0.36308 0 -0.685549 0
1.58014 0 -0.157177 0.316659 0 0.362856 0 -0.682697 0
1.58069 0 -0.168262 0.318231 0 0.362632 0 -0.679845 0
1.58124 0 -0.179347 0.319802 0 0.362408 0 -0.676992 0
1.58179 0 -0.190433 0.321374 0 0.362184 0 -0.67414 0
1.58233 0 -0.201518 0.322946 0 0.36196 0 -0.671288 0
1.58288 0 -0.212603 0.324517 0 0.361736 0 -0.668436 0
1.58343 0 -0.223688 0.326089 0 0.361512 0 -0.665584 0
1.58387 0 -0.234747 0.327664 0 0.361198 0 -0.662744 0
1.5843 0 -0.245799 0.32924 0 0.360863 0 -0.659907 0
1.58472 0 -0.256851 0.330816 0 0.360529 0 -0.657071 0
1.58515 0 -0.267904 0.332392 0 0.360194 0 -0.654234 0
1.58557 0 -0.278956 0.333968 0 0.35986 0 -0.651397 0
1.586 0 -0.290008 0.335544 0 0.359525 0 -0.64856 0
1.58642 0 -0.301061 0.337119 0 0.359191 0 -0.645724 0
1.58684 0 -0.312113 0.338695 0 0.358856 0 -0.642887 0
1.58727 0 -0.323166 0.340271 0 0.358521 0 -0.64005 0
1.58769 0 -0.334218 0.341847 0 0.358187 0 -0.637213 0
1.58802 0 -0.345224 0.343425 0 0.357771 0 -0.634387 0
1.58831 0 -0.356212 0.345004 0 0.357327 0 -0.631563 0
1.58859 0 -0.367201 0.346583 0 0.356882 0 -0.62874 0
1.58888 0 -0.37819 0.348161 0 0.356438 0 -0.625916 0
1.58917 0 -0.389179 0.34974 0 0.355993 0 -0.623093 0
1.58946 0 -0.400168 0.351319 0 0.355549 0 -0.620269 0
1.58975 0 -0.411157 0.352898 0 0.355104 0 -0.617446 0
1.59004 0 -0.422146 0.354477 0 0.35466 0 -0.614622 0
1.59033 0 -0.433135 0.356055 0 0.354215 0 -0.611799 0
1.59062 0 -0.444124 0.357634 0 0.353771 0 -0.608975 0
1.59082 0 -0.455051 0.359214 0 0.353254 0 -0.606159 0
1.59097 0 -0.465946 0.360794 0 0.352701 0 -0.603347 0
1.59111 0 -0.476841 0.362374 0 0.352147 0 -0.600535 0
1.59126 0 -0.487737 0.363955 0 0.351594 0 -0.597723 0
1.59141 0 -0.498632 0.365535 0 0.351041 0 -0.594911 0
1.59156 0 -0.509527 0.367115 0 0.350487 0 -0.592099 0
1.59171 0 -0.520422 0.368695 0 0.349934 0 -0.589287 0
1.59186 0 -0.531318 0.370276 0 0.34938 0 -0.586475 0
1.592 0 -0.542213 0.371856 0 0.348827 0 -0.583663 0
1.59215 0 -0.553108 0.373436 0 0.348274 0 -0.58085 0
1.59222 0 -0.563931 0.375017 0 0.347657 0 -0.578044 0
1.59222 0 -0.574704 0.376597 0 0.346996 0 -0.575242 0
1.59223 0 -0.585477 0.378177 0 0.346334 0 -0.572439 0
1.59223 0 -0.59625 0.379757 0 0.345673 0 -0.569637 0
1.59224 0 -0.607023 0.381338 0 0.345012 0 -0.566835 0
1.59224 0 -0.617796 0.382918 0 0.344351 0 -0.564032 0
1.59225 0 -0.628569 0.384498 0 0.34369 0 -0.56123 0
1.59225 0 -0.639342 0.386079 0 0.343029 0 -0.558428 0
1.59226 0 -0.650115 0.387659 0 0.342368 0 -0.555625 0
1.59226 0 -0.660888 0.389239 0 0.341706 0 -0.552823 0
1.59219 0 -0.671585 0.390819 0 0.340991 0 -0.550025 0
1.59206 0 -0.682209 0.392398 0 0.340224 0 -0.547231 0
1.59192 0 -0.692834 0.393977 0 0.339456 0 -0.544437 0
1.59179 0 -0.703459 0.395556 0 0.338689 0 -0.541643 0
1.59165 0 -0.714083 0.397135 0 0.337921 0 -0.538849 0
1.59152 0 -0.724708 0.398714 0 0.337154 0 -0.536056 0
1.59138 0 -0.735332 0.400293 0 0.336387 0 -0.533262 0
1.59125 0 -0.745957 0.401872 0 0.335619 0 -0.530468 0
1.59111 0 -0.756582 0.403451 0 0.334852 0 -0.527674 0
1.59098 0 -0.767206 0.40503 0 0.334084 0 -0.52488 0
1.59078 0 -0.777756 0.406607 0 0.333271 0 -0.522089 0
1.59051 0 -0.78821 0.408184 0 0.332399 0 -0.519303 0
1.59025 0 -0.798664 0.40976 0 0.331528 0 -0.516516 0
1.58998 0 -0.809118 0.411336 0 0.330656 0 -0.51373 0
1.58971 0 -0.819571 0.412912 0 0.329784 0 -0.510944 0
1.58944 0 -0.830025 0.414489 0 0.328912 0 -0.508157 0
1.58917 0 -0.840479 0.416065 0 0.32804 0 -0.505371 0
1.5889 0 -0.850933 0.417641 0 0.327168 0 -0.502584 0
1.58864 0 -0.861387 0.419218 0 0.326296 0 -0.499798 0
1.58837 0 -0.87184 0.420794 0 0.325424 0 -0.497011 0
1.58806 0 -0.882226 0.422369 0 0.324515 0 -0.494227 0
1.58767 0 -0.892491 0.423941 0 0.32354 0 -0.491448 0
1.58728 0 -0.902755 0.425513 0 0.322566 0 -0.488668 0
1.58689 0 -0.91302 0.427086 0 0.321591 0 -0.485889 0
1.5865 0 -0.923285 0.428658 0 0.320617 0 -0.483109 0
1.58611 0 -0.93355 0.430231 0 0.319642 0 -0.48033 0
1.58572 0 -0.943814 0.431803 0 0.318668 0 -0.47755 0
1.58534 0 -0.954079 0.433375 0 0.317693 0 -0.474771 0
1.58495 0 -0.964344 0.434948 0 0.316718 0 -0.471991 0
1.58456 0 -0.974609 0.43652 0 0.315744 0 -0.469211 0
1.58414 0 -0.984815 0.438091 0 0.314741 0 -0.466434 0
1.58365 0 -0.994877 0.439659 0 0.313665 0 -0.463661 0
1.58315 0 -1.00494 0.441226 0 0.31259 0 -0.460888 0
1.58266 0 -1.015 0.442794 0 0.311515 0 -0.458115 0
1.58217 0 -1.02506 0.444361 0 0.31044 0 -0.455342 0
1.58167 0 -1.03512 0.445928 0 0.309365 0 -0.452569 0
1.58118 0 -1.04519 0.447496 0 0.308289 0 -0.449796 0
1.58069 0 -1.05525 0.449063 0 0.307214 0 -0.447023 0
1.5802 0 -1.06531 0.450631 0 0.306139 0 -0.44425 0
1.5797 0 -1.07537 0.452198 0 0.305064 0 -0.441478 0
1.57919 0 -1.08539 0.453765 0 0.303968 0 -0.438706 0
1.57861 0 -1.09524 0.455326 0 0.302794 0 -0.43594 0
1.57803 0 -1.10509 0.456888 0 0.301621 0 -0.433174 0
1.57746 0 -1.11494 0.45845 0 0.300447 0 -0.430408 0
1.57688 0 -1.12479 0.460011 0 0.299273 0 -0.427642 0
1.5763 0 -1.13464 0.461573 0 0.2981 0 -0.424876 0
1.57572 0 -1.14449 0.463135 0 0.296926 0 -0.42211 0
1.57514 0 -1.15434 0.464696 0 0.295752 0 -0.419344 0
1.57456 0 -1.16419 0.466258 0 0.294579 0 -0.416578 0
1.57399 0 -1.17404 0.46782 0 0.293405 0 -0.413812 0
1.5734 0 -1.18386 0.46938 0 0.292218 0 -0.411047 0
1.57275 0 -1.19349 0.470936 0 0.290948 0 -0.408288 0
1.57211 0 -1.20312 0.472491 0 0.289678 0 -0.40553 0
1.57147 0 -1.21276 0.474046 0 0.288408 0 -0.402771 0
1.57083 0 -1.22239 0.475601 0 0.287138 0 -0.400013 0
1.57018 0 -1.23202 0.477157 0 0.285868 0 -0.397254 0
1.56954 0 -1.24166 0.478712 0 0.284598 0 -0.394496 0
1.5689 0 -1.25129 0.480267 0 0.283328 0 -0.391737 0
1.56825 0 -1.26092 0.481822 0 0.282058 0 -0.388978 0
1.56761 0 -1.27056 0.483378 0 0.280788 0 -0.38622 0
1.56696 0 -1.28018 0.484932 0 0.279513 0 -0.383462 0
1.56628 0 -1.28959 0.486481 0 0.278148 0 -0.380712 0
1.56559 0 -1.29901 0.488029 0 0.276784 0 -0.377962 0
1.5649 0 -1.30842 0.489578 0 0.27542 0 -0.375212 0
1.56422 0 -1.31784 0.491126 0 0.274056 0 -0.372462 0
1.56353 0 -1.32725 0.492674 0 0.272692 0 -0.369712 0
1.56284 0 -1.33667 0.494223 0 0.271327 0 -0.366962 0
1.56215 0 -1.34608 0.495771 0 0.269963 0 -0.364212 0
1.56147 0 -1.3555 0.497319 0 0.268599 0 -0.361462 0
1.56078 0 -1.36491 0.498868 0 0.267235 0 -0.358712 0
1.56009 0 -1.37433 0.500416 0 0.265871 0 -0.355962 0
1.55938 0 -1.38353 0.501958 0 0.264416 0 -0.353221 0
1.55867 0 -1.39273 0.503499 0 0.26296 0 -0.350481 0
1.55796 0 -1.40193 0.50504 0 0.261504 0 -0.347741 0
1.55725 0 -1.41113 0.506581 0 0.260048 0 -0.345001 0
1.55654 0 -1.42033 0.508123 0 0.258592 0 -0.342261 0
1.55583 0 -1.42953 0.509664 0 0.257135 0 -0.339521 0
1.55512 0 -1.43872 0.511205 0 0.255679 0 -0.336781 0
1.55441 0 -1.44792 0.512746 0 0.254223 0 -0.334041 0
1.5537 0 -1.45712 0.514288 0 0.252767 0 -0.331301 0
1.55299 0 -1.46632 0.515829 0 0.251311 0 -0.32856 0
1.55227 0 -1.47533 0.517364 0 0.249773 0 -0.325831 0
1.55155 0 -1.48432 0.518898 0 0.248227 0 -0.323103 0
1.55084 0 -1.49331 0.520432 0 0.246681 0 -0.320374 0
1.55012 0 -1.5023 0.521966 0 0.245135 0 -0.317646 0
1.5494 0 -1.51128 0.5235 0 0.243589 0 -0.314918 0
1.54868 0 -1.52027 0.525034 0 0.242043 0 -0.312189 0
1.54797 0 -1.52926 0.526568 0 0.240497 0 -0.309461 0
1.54725 0 -1.53825 0.528102 0 0.238951 0 -0.306733 0
1.54653 0 -1.54724 0.529636 0 0.237405 0 -0.304004 0
1.54582 0 -1.55623 0.531171 0 0.235859 0 -0.301276 0
1.54511 0 -1.56505 0.532699 0 0.23424 0 -0.29856 0
1.5444 0 -1.57383 0.534226 0 0.232606 0 -0.295845 0
1.54369 0 -1.58262 0.535753 0 0.230972 0 -0.293131 0
1.54298 0 -1.5914 0.53728 0 0.229338 0 -0.290417 0
1.54227 0 -1.60019 0.538807 0 0.227704 0 -0.287703 0
1.54156 0 -1.60897 0.540334 0 0.22607 0 -0.284989 0
1.54085 0 -1.61776 0.541861 0 0.224436 0 -0.282274 0
1.54014 0 -1.62654 0.543388 0 0.222802 0 -0.27956 0
1.53943 0 -1.63533 0.544915 0 0.221168 0 -0.276846 0
1.53872 0 -1.64411 0.546442 0 0.219534 0 -0.274132 0
1.53846 0 -1.6537 0.547968 0 0.217826 0 -0.271418 0
1.53835 0 -1.66355 0.549494 0 0.216094 0 -0.268704 0
1.53824 0 -1.67339 0.55102 0 0.214361 0 -0.265989 0
1.53813 0 -1.68324 0.552545 0 0.212629 0 -0.263275 0
1.53801 0 -1.69309 0.554071 0 0.210897 0 -0.260561 0
1.5379 0 -1.70293 0.555597 0 0.209164 0 -0.257847 0
1.53779 0 -1.71278 0.557123 0 0.207432 0 -0.255133 0
1.53768 0 -1.72263 0.558649 0 0.2057 0 -0.252419 0
1.53757 0 -1.73247 0.560175 0 0.203967 0 -0.249704 0
1.53745 0 -1.74232 0.561701 0 0.202235 0 -0.24699 0
1.53734 0 -1.75216 0.563226 0 0.200435 0 -0.244276 0
1.53722 0 -1.76201 0.564751 0 0.198605 0 -0.241562 0
1.53711 0 -1.77185 0.566275 0 0.196774 0 -0.238848 0
1.53699 0 -1.78169 0.5678 0 0.194943 0 -0.236133 0
1.53688 0 -1.79154 0.569325 0 0.193112 0 -0.233419 0
1.53676 0 -1.80138 0.570849 0 0.191281 0 -0.230705 0
1.53665 0 -1.81122 0.572374 0 0.189451 0 -0.227991 0
1.53653 0 -1.82107 0.573899 0 0.18762 0 -0.225277 0
1.53642 0 -1.83091 0.575424 0 0.185789 0 -0.222563 0
1.5363 0 -1.84075 0.576948 0 0.183958 0 -0.219848 0
1.53618 0 -1.8506 0.578472 0 0.182068 0 -0.217134 0
1.53607 0 -1.86044 0.579996 0 0.180139 0 -0.21442 0
1.53595 0 -1.87028 0.581519 0 0.17821 0 -0.211706 0
1.53583 0 -1.88012 0.583043 0 0.17628 0 -0.208992 0
1.53571 0 -1.88996 0.584567 0 0.174351 0 -0.206277 0
1.53559 0 -1.8998 0.58609 0 0.172422 0 -0.203563 0
1.53548 0 -1.90964 0.587614 0 0.170493 0 -0.200849 0
1.53536 0 -1.91948 0.589137 0 0.168564 0 -0.198135 0
1.53524 0 -1.92932 0.590661 0 0.166634 0 -0.195421 0
1.53512 0 -1.93916 0.592184 0 0.164705 0 -0.192707 0
1.535 0 -1.949 0.593707 0 0.162724 0 -0.189992 0
1.53488 0 -1.95883 0.595229 0 0.160696 0 -0.187278 0
1.53476 0 -1.96867 0.596752 0 0.158669 0 -0.184564 0
1.53464 0 -1.97851 0.598274 0 0.156641 0 -0.18185 0
1.53452 0 -1.98834 0.599796 0 0.154614 0 -0.179136 0
1.5344 0 -1.99818 0.601319 0 0.152586 0 -0.176422 0
1.53428 0 -2.00802 0.602841 0 0.150559 0 -0.173707 0
1.53415 0 -2.01785 0.604363 0 0.148531 0 -0.170993 0
1.53403 0 -2.02769 0.605886 0 0.146503 0 -0.168279 0
1.53391 0 -2.03753 0.607408 0 0.144476 0 -0.165565 0
1.53379 0 -2.04736 0.60893 0 0.142404 0 -0.162851 0
1.53367 0 -2.0572 0.610451 0 0.140278 0 -0.160136 0
1.53354 0 -2.06703 0.611972 0 0.138152 0 -0.157422 0
1.53342 0 -2.07686 0.613493 0 0.136026 0 -0.154708 0
1.5333 0 -2.0867 0.615014 0 0.1339 0 -0.151994 0
1.53317 0 -2.09653 0.616535 0 0.131774 0 -0.14928 0
1.53305 0 -2.10636 0.618057 0 0.129648 0 -0.146566 0
1.53293 0 -2.1162 0.619578 0 0.127522 0 -0.143851 0
1.5328 0 -2.12603 0.621099 0 0.125396 0 -0.141137 0
1.53268 0 -2.13586 0.62262 0 0.123271 0 -0.138423 0
1.53255 0 -2.1457 0.62414 0 0.121107 0 -0.135709 0
1.53243 0 -2.15553 0.62566 0 0.118883 0 -0.132995 0
1.5323 0 -2.16536 0.62718 0 0.116659 0 -0.130281 0
1.53217 0 -2.17519 0.6287 0 0.114435 0 -0.127566 0
1.53205 0 -2.18502 0.63022 0 0.112211 0 -0.124852 0
1.53192 0 -2.19485 0.63174 0 0.109986 0 -0.122138 0
1.5318 0 -2.20468 0.633259 0 0.107762 0 -0.119424 0
1.53167 0 -2.21451 0.634779 0 0.105538 0 -0.11671 0
1.53154 0 -2.22434 0.636299 0 0.103314 0 -0.113995 0
1.53142 0 -2.23417 0.637819 0 0.10109 0 -0.111281 0
1.53129 0 -2.244 0.639338 0 0.0988357 0 -0.108567 0
1.53116 0 -2.25382 0.640857 0 0.0965132 0 -0.105853 0
1.53103 0 -2.26365 0.642375 0 0.0941908 0 -0.103139 0
1.5309 0 -2.27348 0.643894 0 0.0918683 0 -0.100425 0
1.53077 0 -2.2833 0.645413 0 0.0895458 0 -0.0977104 0
1.53065 0 -2.29313 0.646931 0 0.0872233 0 -0.0949962 0
1.53052 0 -2.30296 0.64845 0 0.0849009 0 -0.092282 0
1.53039 0 -2.31278 0.649968 0 0.0825784 0 -0.0895679 0
1.53026 0 -2.32261 0.651487 0 0.0802559 0 -0.0868537 0
1.53013 0 -2.33244 0.653005 0 0.0779335 0 -0.0841395 0
1.53 0 -2.34226 0.654524 0 0.0755887 0 -0.0814253 0
1.52987 0 -2.35209 0.656041 0 0.073168 0 -0.0787111 0
1.52974 0 -2.36191 0.657558 0 0.0707473 0 -0.075997 0
1.52961 0 -2.37173 0.659075 0 0.0683266 0 -0.0732828 0
1.52948 0 -2.38155 0.660592 0 0.0659059 0 -0.0705686 0
1.52935 0 -2.39138 0.66211 0 0.0634852 0 -0.0678544 0
1.52921 0 -2.4012 0.663627 0 0.0610645 0 -0.0651403 0
1.52908 0 -2.41102 0.665144 0 0.0586438 0 -0.0624261 0
1.52895 0 -2.42085 0.666661 0 0.0562231 0 -0.0597119 0
1.52882 0 -2.43067 0.668179 0 0.0538024 0 -0.0569977 0
1.52869 0 -2.44049 0.669696 0 0.0513669 0 -0.0542836 0
1.52856 0 -2.45031 0.671212 0 0.048848 0 -0.0515694 0
1.52842 0 -2.46013 0.672727 0 0.0463291 0 -0.0488552 0
1.52829 0 -2.46995 0.674243 0 0.0438102 0 -0.046141 0
1.52816 0 -2.47977 0.675759 0 0.0412913 0 -0.0434268 0
1.52802 0 -2.48959 0.677275 0 0.0387724 0 -0.0407127 0
1.52789 0 -2.49941 0.678791 0 0.0362535 0 -0.0379985 0
1.52775 0 -2.50923 0.680307 0 0.0337346 0 -0.0352843 0
1.52762 0 -2.51905 0.681823 0 0.0312157 0 -0.0325701 0
1.52749 0 -2.52887 0.683339 0 0.0286968 0 -0.029856 0
1.52735 0 -2.53869 0.684855 0 0.0261705 0 -0.0271418 0
1.52722 0 -2.5485 0.686369 0 0.0235535 0 -0.0244276 0
1.52708 0 -2.55832 0.687884 0 0.0209364 0 -0.0217134 0
1.52695 0 -2.56813 0.689398 0 0.0183194 0 -0.0189992 0
1.52681 0 -2.57795 0.690913 0 0.0157023 0 -0.0162851 0
1.52668 0 -2.58777 0.692427 0 0.0130853 0 -0.0135709 0
1.52654 0 -2.59758 0.693942 0 0.0104682 0 -0.0108567 0
1.5264 0 -2.6074 0.695456 0 0.00785115 0 -0.00814253 0
1.52627 0 -2.61721 0.696971 0 0.0052341 0 -0.00542836 0
1.52613 0 -2.62703 0.698485 0 0.00261705 0 -0.00271418 0
1.526 0 -2.63684 0.7 0 -2.03917e-13 0 -1.91734e-14 0
0 0 0 0 0 0 0 4.17918e-62 0
