46.5779 53.6331 -35.6904 49.841
44.9417 54.1969 -38.1364 52.166
43.3617 54.844 -40.6178 54.5387
42.0256 47.3195 -41.3848 50.8435
40.4567 47.9631 -43.8654 53.2152
54.2831 32.5164 -40.832 45.5887
52.8681 28.0386 -39.4477 41.4642
53.3853 25.2546 -39.7063 40.1146
54.1879 22.2372 -39.49 38.1959
57.177 18.477 -39.5796 36.7534
55.6725 16.2622 -39.447 34.9541
57.9823 12.7833 -37.5621 29.6973
55.704 13.744 -41.0891 33.0726
59.9186 1.32379 -37.3054 24.3577
57.6476 2.2855 -40.8246 27.7333
55.3765 3.24639 -44.3434 31.1098
55.1866 0.75089 -45.1828 29.9735
57.0628 -5.09982 -42.9415 24.1501
54.7974 -4.13792 -46.4519 27.5263
53.7096 -5.90491 -46.5076 25.9563
51.4458 -4.94638 -49.9286 25.7753
50.4973 -8.75654 -46.813 23.1355
48.5985 -9.93626 -46.8025 18.0125
46.2516 -10.7618 -47.3599 20.641
44.6726 -15.3162 -39.2975 11.9683
41.7361 -14.0332 -43.7492 16.2647
38.8016 -12.7507 -48.2009 20.5611
35.8874 -13.1685 -52.4528 17.6558
34.0452 -13.9117 -48.438 14.5796
33.6857 -13.6048 -47.332 16.5009
33.1645 -16.0357 -46.7625 10.2599
39.2428 -22.6855 -30.7843 -9.48152
35.67 -21.0803 -36.0603 -4.33535
32.0972 -19.4752 -41.3362 0.81083
29.8967 -21.2548 -35.1181 -7.78151
27.2985 -20.9307 -34.3878 -8.8984
23.7349 -19.3219 -39.6411 -3.75179
23.1595 -20.4613 -33.4996 -9.21523
19.6 -18.8508 -38.7432 -4.06952
18.9337 -18.3707 -43.9864 1.0903
18.5196 -18.6234 -37.4234 -4.4613
14.5256 -16.7916 -36.0006 -1.88995
18.6859 -19.4897 -35.929 -4.86317
18.8044 -19.585 -34.9825 -5.24524
17.3696 -19.3762 -35.3072 -4.13048
13.1959 -17.4425 -41.3049 1.78568
17.4511 -19.4643 -27.9285 -11.0603
13.2705 -17.5423 -33.9162 -5.14827
10.8478 -16.3772 -35.7261 -3.13416
10.6205 -15.6629 -31.923 -5.83451
6.44738 -13.7377 -37.9004 0.0616157
1.89845 -11.6171 -44.315 6.39391
3.09902 -10.8039 -37.8445 3.17141
0.598016 -8.89645 -38.5133 2.26604
-4.1808 -6.65751 -45.1792 8.87204
-6.44806 -5.10609 -46.9326 11.3452
-5.50813 -4.10762 -41.4124 10.2418
-10.285 -1.8724 -48.0823 16.8211
-8.38045 -0.906936 -41.4194 8.66493
-13.1583 1.32643 -48.0754 15.2434
-10.6614 2.54853 -39.9863 8.25736
-3.89702 1.98761 -32.3419 -1.02127
-9.29322 5.42601 -33.8751 3.7022
-7.37879 6.15654 -31.96 1.11221
-12.7459 8.69137 -39.2202 8.30849
-10.1687 9.08219 -36.4642 4.75754
-15.5389 11.6132 -43.7159 11.9504
-16.6325 13.0134 -44.7886 13.1336
-12.6994 13.1246 -37.7281 10.2204
-18.075 15.649 -44.8317 13.9766
-23.4507 18.1734 -51.9289 18.2213
-11.6519 14.9562 -34.2348 5.48156
-17.6005 18.1759 -34.8123 6.19435
-14.5385 17.8072 -36.4781 8.64319
-20.4693 20.5292 -44.0619 12.2922
-16.6094 19.7602 -38.1985 11.3454
-12.1037 18.5955 -31.3806 5.53025
-18.0439 21.3042 -38.9622 9.64407
-18.7942 22.1156 -39.5954 10.7137
-19.5217 22.6572 -40.4671 15.4647
-25.4658 25.4668 -48.1998 23.2194
-9.30569 18.8282 -26.902 4.2081
-15.8058 21.912 -35.1165 12.4347
-22.306 24.9958 -43.3309 20.6614
-23.4515 25.8074 -44.4806 22.2479
-29.9521 28.8902 -52.6873 30.4753
-30.8892 29.2959 -53.822 32.0049
-25.066 26.4309 -46.5336 25.6652
-31.5739 29.4963 -54.7344 33.8768
-18.752 23.1787 -38.9351 19.5417
-25.265 26.229 -47.1261 27.741
-4.70792 17.0225 -21.1392 3.74998
-11.7343 20.3544 -29.7298 12.3906
-6.86356 17.3934 -24.9957 8.9744
-13.8934 20.713 -33.5807 17.6053
-8.83277 17.2137 -28.4138 13.0167
-15.7761 19.0907 -29.2351 13.8454
-4.11855 14.6517 -18.468 7.65867
-11.0814 16.7294 -26.8696 13.4281
-18.1088 20.0256 -35.4338 22.0408
-13.5795 16.6294 -37.903 28.0111
-14.4888 16.1199 -39.6993 26.9657
-14.7666 15.8389 -48.6209 35.9575
-15.4944 16.281 -40.863 28.9064
-15.2818 15.9819 -40.4211 28.7423
-7.66179 13.4554 -41.0829 30.4065
-15.1039 15.8092 -40.1641 29.5804
-7.59783 12.303 -31.5246 22.2518
-15.115 15.8231 -40.4167 31.2234
-14.9726 15.5683 -40.291 31.4557
-6.72885 11.1315 -30.9282 22.8869
-14.3335 14.6711 -39.8779 31.8809
-14.6118 14.9914 -39.8368 32.3044
-5.96219 10.6897 -39.7337 32.7036
-13.9407 14.4471 -38.4137 31.437
-13.8359 13.5205 -28.9715 23.2375
-13.7718 14.4747 -38.1536 32.4943
-5.1859 11.3269 -37.799 32.5159
-13.0486 13.5229 -37.3688 32.3939
-4.2091 10.6022 -36.986 32.3935
-12.2026 14.3075 -46.1527 41.6393
12.7393 0.787268 -15.8836 8.43346
4.32739 4.74851 -17.3599 14.6833
-4.0864 8.71032 -26.7575 24.1967
8.63976 0.902693 -21.0223 14.999
0.225164 4.8364 -23.3381 21.5695
6.11168 0.818171 -17.7299 16.4157
-2.30174 4.73461 -27.1004 25.9156
-10.5658 7.09192 -36.4801 35.4072
-4.6054 4.73967 -30.5088 29.996
-12.8599 7.0208 -39.8823 39.477
1.92304 -0.3568 -15.496 16.2119
0.71443 1.35448 -25.0544 25.9213
-8.08675 5.50412 -34.6129 35.6307
-2.36615 2.39256 -28.8341 30.788
-11.1653 6.52876 -38.3678 40.5061
-19.9618 10.6627 -47.2883 44.2877
-3.63134 2.54337 -29.4022 31.9716
-12.4353 6.64578 -38.9496 41.6555
-3.97605 3.55816 -38.9205 42.2807
-12.7842 7.64182 -37.8563 41.0884
-12.7967 7.87389 -28.3925 38.0455
-12.8408 7.96347 -37.3948 41.8031
-3.88333 4.54813 -25.8399 30.1911
-13.0392 8.87907 -35.508 40.0563
-13.3805 9.65938 -35.3806 40.7754
-13.1832 9.57197 -34.7308 40.36
-4.49852 6.22659 -24.0436 29.8791
-13.6602 10.515 -33.698 39.7264
-4.70394 6.61592 -23.1693 29.3809
-13.8684 10.8829 -32.8164 39.2197
4.23053 2.75733 -21.5955 22.5299
-5.20325 7.24236 -22.0424 28.7476
-14.6783 11.7663 -31.7706 38.7414
-24.1425 16.3058 -33.4234 45.4358
-7.84552 8.39741 -23.8015 31.3081
-8.16212 8.69572 -23.1152 30.3125
-17.6423 13.1754 -32.8278 40.2904
-8.86417 8.85093 -23.1475 30.7454
-9.32689 10.6523 -22.6076 30.3787
-18.6549 13.9713 -32.3108 40.3462
-19.2106 14.2327 -41.9805 50.341
-9.22225 9.87015 -32.0122 40.377
-18.9738 14.5746 -30.2139 38.2695
-19.2678 15.4142 -29.892 38.7189
-18.6065 15.3007 -28.0033 36.488
-28.3465 20.0015 -37.7009 46.5917
-1.68535 11.2524 -27.0101 36.1738
-10.8853 12.0585 -18.4673 27.5267
-3.60027 6.87493 -12.445 26.3379
-4.86148 7.36225 -12.5856 21.1616
-14.2941 9.85096 -14.3421 28.0296
29.8604 -20.2724 1.224 2.2761
19.8851 -15.47 -8.46586 12.3952
8.90939 -12.4007 -10.2189 15.5087
-1.06771 -7.61494 -19.9051 25.625
-11.0448 -2.82918 -29.5913 35.7413
-20.2749 -2.46561 -35.5537 43.2244
-27.4241 -3.41197 -37.4151 46.8785
-37.3639 1.39125 -47.1021 56.9883
-13.9205 -9.9437 -34.2148 46.3071
-0.616362 -15.7714 -24.0904 37.0208
-3.912 -12.6272 -33.758 47.1327
-13.8723 -8.54314 -36.7864 51.2078
-17.5411 -6.24688 -40.293 55.6659
-19.8793 -3.29499 -49.9574 65.7827
-21.9738 -2.7405 -42.4919 58.1407
-23.0534 -1.15335 -42.0276 57.7271
-24.7902 1.31452 -42.6412 59.3237
-34.6875 5.17816 -42.3451 59.4263
-27.0895 5.14451 -41.9192 59.2977
-27.2281 6.54355 -40.0241 57.2781
-28.2418 8.92325 -39.527 57.5495
-19.5014 7.6214 -27.7609 45.8278
-29.7538 12.8432 -37.3349 55.9314
-30.4173 14.6625 -36.2135 54.9521
-22.16 12.8191 -25.511 43.9859
-32.423 18.0007 -35.0863 54.079
-32.6759 18.2245 -23.5299 42.282
-33.548 20.999 -33.1015 52.373
-23.9748 19.8904 -21.0514 39.9481
-33.8763 23.1708 -30.6179 50.0372
-23.7086 20.3197 -29.2631 48.7886
-34.0659 25.7469 -27.105 46.1295
-34.438 27.3868 -26.1937 45.8214
-34.2542 30.1795 -23.7364 42.8296
-34.101 29.3486 -22.8251 42.3239
-23.7632 27.3323 -10.3205 28.9041
-33.7289 30.7879 -19.7446 38.9623
-23.8369 26.3345 -8.74331 26.8353
-34.2102 31.6764 -18.1622 36.8935
-6.33278 22.2044 10.4869 5.67795
-15.5557 22.1721 1.14539 15.709
-9.25177 17.6468 5.60255 15.4296
-19.6604 23.2447 -2.55186 19.3483
-4.7061 12.7281 10.2886 4.64159
-15.1132 18.2944 1.05073 14.6325
-25.5204 23.8608 -8.18717 24.6233
-35.9275 29.4271 -17.4251 34.6142
-16.6789 14.4854 -7.82042 21.3958
-27.0801 20.0133 -17.0362 31.4033
-37.4813 25.5411 -26.252 41.4109
-39.6927 25.3133 -23.8566 40.5043
-33.3547 20.049 -20.1643 41.7455
-43.7296 25.8882 -27.757 44.3011
-44.7163 26.4459 -28.3878 45.1722
-35.286 21.5956 -19.1803 35.3182
-45.6549 27.4079 -28.2123 45.1962
-45.9141 27.7312 -37.2238 55.0882
-56.2811 33.5343 -46.2521 64.9696
-39.5711 26.665 -20.8534 36.9178
-49.9445 32.4313 -29.8874 46.7935
-51.8214 36.3913 -32.2758 54.0022
-50.3305 28.7841 -30.6341 47.3889
-59.5926 30.9511 -37.4535 47.6624
-49.2189 29.5263 -27.4709 43.8051
-46.9539 25.9405 -23.5268 33.7286
-47.4127 29.8526 -23.989 40.17
-46.7877 29.8852 -22.6196 38.6197
-57.0655 35.9524 -31.4041 48.3533
-16.149 11.1574 3.79132 14.6418
-0.817364 -0.657141 16.5901 -5.60026
-3.59956 -0.2529 12.2364 2.43631
-6.98981 0.548222 8.87678 3.2677
-9.43032 0.690223 5.19698 10.9605
-6.95983 -3.13849 6.28404 6.27059
-10.0831 -3.04637 1.33463 12.078
-13.7065 -1.7912 -7.18463 21.6164
-23.8408 4.51585 -10.806 25.2305
-19.758 3.56068 -9.17238 27.2585
-29.9004 9.84313 -17.7161 36.779
-15.3884 -2.84241 -5.97688 20.6052
-25.4915 3.47654 -14.4792 30.1099
-7.45278 -5.70177 -1.99887 20.6182
-16.4582 -2.49012 -9.47799 26.704
-19.3602 -0.789171 -12.9784 34.1635
-29.3133 5.83999 -20.0079 38.3596
-31.2644 6.99934 -20.3937 35.0501
-32.6455 8.23097 -22.9183 42.1193
-25.5721 5.18576 -17.8344 41.7303
-35.5199 11.7896 -24.6344 45.0022
-36.8963 13.9802 -23.2009 38.4148
-36.9825 15.0037 -24.0078 44.8124
-27.5993 11.7673 -16.1687 42.659
-37.3494 18.7502 -22.1451 43.8527
-37.8911 21.0818 -21.6837 44.2025
-37.3234 22.1511 -19.7813 42.1444
-37.7644 24.2906 -19.2486 42.3166
-27.768 20.128 -8.99132 31.363
-37.5239 27.0754 -16.8747 40.3726
-37.6885 28.3361 -14.155 31.803
-18.3224 17.5062 1.82604 20.0066
-19.3526 18.9147 1.16987 21.1816
-20.7902 20.6881 0.0386641 22.9616
-21.4076 21.3486 6.37104 15.6871
-15.4655 17.5739 4.28617 18.5649
-24.9959 24.8885 -3.19393 27.2575
-18.3007 19.269 1.72885 21.3659
-27.8323 26.5725 -5.75871 30.0582
-29.108 27.7515 -6.84635 31.5104
-29.5937 28.2072 -6.97573 31.5308
-30.9277 29.8046 -8.16912 33.4263
-31.371 30.0163 -8.72522 34.1485
-32.286 31.7115 -8.86697 34.5026
-31.9708 32.1538 -7.90985 33.3212
-41.2381 39.8814 -8.25037 34.2656
-32.9819 34.5947 -8.19951 34.3543
-33.1863 35.3566 -7.99853 34.2403
-33.4814 36.0397 -7.96327 34.2632
-23.8691 28.7206 -5.50206 27.2541
-33.1406 36.4239 -7.30336 33.5916
5.82961 1.32126 19.2429 1.82585
-3.45299 9.00996 12.9426 7.24755
-1.91969 4.19156 11.6062 10.3026
-10.8987 12.3509 6.23974 13.9065
2.99682 -0.755713 11.1902 12.9665
-3.90414 1.23082 5.75115 16.8034
-12.8887 9.38904 -0.818281 24.7068
-17.0839 11.9206 -4.36944 29.1702
-24.0977 14.3751 -8.50026 36.1303
-29.8389 21.9433 -14.1563 40.7719
-6.80253 1.16583 -1.97731 25.9702
-15.7794 9.32819 -8.56858 33.8665
-22.6966 12.6319 -14.7329 41.4126
-26.3202 20.4179 -16.2223 43.7447
-27.7181 22.5742 -16.855 44.6159
-36.3974 31.2443 -22.8558 52.036
-28.1778 25.5325 -15.7773 43.9025
-19.8124 20.1095 -8.25925 35.3946
-28.4928 28.7827 -14.2761 42.8148
-28.7316 30.2151 -13.6513 42.2609
-37.4147 38.8861 -19.6742 49.6796
-29.1292 32.7367 -12.4087 41.0393
-29.1352 34.2361 -11.4143 40.0902
-37.5092 43.4541 -16.7793 46.9734
-41.0512 39.5354 -17.4673 52.0864
-21.205 30.8986 -3.54824 31.5209
-29.5865 40.1214 -8.92904 38.4069
-29.6458 41.2692 -5.61813 30.1292
-29.5485 42.3318 -6.65093 35.4032
-20.5652 34.1643 -1.79848 33.2435
-28.9538 43.3922 -5.32528 33.9815
-29.3483 44.7638 -2.92771 27.2182
-31.9937 53.3235 -3.88418 32.276
6.02375 4.68784 11.5269 9.90243
-2.09816 14.5061 9.13263 8.72554
-10.2178 24.3213 4.45652 15.0311
-9.79981 9.36602 13.7089 7.36058
-17.9086 19.2112 8.99306 13.6567
-22.935 20.9541 5.20735 16.9944
-7.15435 9.82225 9.97755 13.445
3.10224 -4.70333 8.82904 12.6799
-4.99031 5.19132 6.96088 14.8538
-6.19439 8.42212 4.97215 17.5488
-11.2831 18.4317 4.7013 17.8535
-12.3204 15.0315 3.43301 19.9289
-6.58676 9.2061 6.15361 16.4296
-14.4075 19.7443 2.21577 22.0453
-15.8182 22.2497 3.60968 22.3901
-17.8336 31.7207 0.95563 24.0358
-15.4193 25.4771 2.66706 24.1516
-15.6894 26.6807 0.251487 25.0815
-17.3087 29.6293 -0.641392 26.5126
-25.0499 40.4674 -4.23318 31.8043
-18.8373 34.3492 -0.126849 26.5811
-15.3167 35.1324 4.12933 21.0121
-19.9889 38.9716 1.05588 25.8792
-20.6363 41.1351 1.46296 25.672
-20.4571 42.0513 0.0288098 25.62
-21.6242 44.8443 2.18616 25.234
-21.4867 45.4896 4.40846 23.8807
-29.0875 56.7718 2.6169 24.8886
-23.0909 49.2674 4.19966 24.3383
-22.8062 49.708 2.92981 24.5367
-23.6879 52.4483 3.73154 23.7872
-23.109 53.0461 3.29786 27.2261
-23.8095 55.4088 5.37398 22.1806
-23.1891 55.5017 7.38596 20.6134
-23.7994 57.5095 6.54889 20.868
-15.8023 45.7492 8.24669 16.3693
-23.2155 57.8578 6.99869 20.1
-23.9194 59.3777 6.98694 19.9139
2.60589 -5.28325 15.389 -1.25256
-4.81431 7.15463 13.511 2.53964
-17.2377 10.5171 14.8178 0.336312
-21.76 16.7062 14.6815 0.701492
-27.553 16.1345 17.2767 -2.02167
-34.8489 29.2585 16.1616 1.1173
-31.5884 21.8342 17.9732 -2.06631
-38.8789 34.9886 16.8533 1.07344
-32.2869 35.5447 17.6382 1.17992
-19.6462 23.5232 18.9566 -1.28144
-26.9473 36.7152 17.8276 1.85867
-18.1374 36.581 18.2005 0.316605
-20.307 38.0751 18.2341 2.45985
-13.311 29.2269 18.9045 0.686972
-20.5764 43.4053 18.9337 2.83122
-22.176 47.4531 18.2591 3.70744
-24.4836 49.3802 19.0547 3.72065
-23.9181 52.6021 18.784 4.55359
-26.0563 54.1463 18.5959 4.98471
-25.5272 57.0337 18.0625 5.96592
-19.6455 46.3095 16.869 5.51102
-26.9672 60.72 17.0439 7.52051
-14.1399 37.8171 16.0828 5.23137
-21.5138 53.1944 17.367 6.28815
-28.8876 68.5718 18.6512 7.34493
-28.9205 72.0192 18.5914 5.9579
-16.4693 47.18 17.6687 5.09902
-23.8789 62.6275 18.9475 6.15946
-31.2885 78.075 20.2262 7.2199
-5.64878 27.7143 14.6082 4.86336
-6.93504 30.8928 16.2883 4.84581
-9.11109 34.7795 14.3531 5.97053
-8.53868 36.424 15.7663 4.93999
-10.8142 41.4915 16.9108 4.44712
4.30834 6.93564 18.6776 2.01823
-3.34538 23.8472 21.3405 1.90683
-5.94902 31.1864 22.7462 0.411875
-13.6145 48.1185 25.4083 0.301259
-11.0056 38.0774 19.7554 0.712769
-9.65431 40.8277 20.4202 0.504726
-17.4523 57.7946 23.0803 0.42934
-0.657229 22.4975 16.1986 1.63529
-8.67603 40.9036 20.3482 0.264331
-16.7018 59.3438 24.5363 -1.13939
-25.0825 77.6738 28.7356 -2.41158
-20.1362 52.2235 25.8598 -4.40596
-28.2973 70.7269 30.0588 -5.75475
-36.3794 89.2604 34.2513 -7.14263
-44.4615 107.794 38.4438 -8.53051
-24.1703 79.5109 35.147 -8.06536
-32.2539 98.1361 39.6469 -10.2594
-29.7331 97.3722 39.2689 -9.33649
-29.2048 98.6214 39.318 -9.13361
-31.5499 103.65 39.5959 -9.1841
-24.8056 87.4754 33.0187 -5.42028
-33.3755 107.8 38.8897 -8.20901
-34.12 109.167 38.4562 -7.51896
-41.9796 129.248 38.0291 -8.36413
-34.7089 110.343 35.7087 -3.86062
-16.7173 68.9233 21.2358 2.79414
-25.3809 89.4746 27.1201 0.0321421
-34.2871 109.952 33.0103 -2.65687
-35.3347 113.292 34.457 -4.8875
-35.7057 115.2 35.0346 -4.57423
-33.1974 111.446 34.4541 -3.96575
-23.7185 89.0051 25.5904 0.871949
-33.0592 111.57 33.3243 -3.40159
-34.2576 113.164 32.9582 -3.44625
-43.6773 135.758 31.5059 -2.44892
-32.6598 110.411 30.9016 -2.38813
-42.1234 133.112 30.3027 -4.16683
-30.0332 106.239 28.2176 -1.05506
-16.5702 76.7767 18.9697 3.33398
-26.8541 101.818 28.7449 -2.55983
-26.2802 103.076 29.7656 -3.82198
-24.7165 99.6402 39.5627 -9.67922
-25.2338 100.803 30.7237 -5.66108
-21.93 96.1636 30.1289 -5.54058
-22.3205 96.9717 30.8172 -6.79963
-18.8174 91.8427 29.8727 -6.44143
-18.7568 92.333 30.2258 -7.55617
-15.3105 86.6797 29.0183 -6.89337
-26.5107 113.953 40.3238 -13.9275
-6.72033 65.4548 49.6374 -14.2226
-18.3587 93.7977 61.7482 -21.7178
-61.6265 118.435 25.9227 -17.9511
-62.8668 121.804 32.5098 -22.7932
-47.9742 96.1894 33.2839 -26.7697
-25.2277 56.2625 45.3824 -34.281
-16.743 12.1562 31.2223 -30.1988
-28.6589 41.5284 43.4384 -37.5633
-43.2372 68.5454 50.02 -43.0152
-51.8709 86.3547 58.9348 -50.0565
-54.2401 92.2801 66.0981 -54.5432
-43.5296 75.0128 71.1213 -58.1294
-54.0102 105.382 78.0571 -65.3629
-17.7134 40.1116 66.0556 -55.2616
-30.9852 73.3591 80.6885 -64.5592
-44.5443 106.489 95.5202 -73.6006
-49.5954 117.734 89.7171 -70.6308
-37.8236 92.1182 81.8347 -70.2292
-51.5592 125.558 92.7989 -70.3385
-54.519 134.9 89.8328 -67.8275
-29.9565 91.9745 88.2316 -65.6638
-45.1738 129.582 81.7687 -60.4867
-48.339 137.547 59.9984 -44.4565
-63.7354 175.245 77.3659 -55.7362
-50.2838 145.055 79.1771 -56.5069
-35.2647 110.49 49.9838 -35.6783
-37.0461 113.64 67.5562 -46.6371
-52.7798 152.099 85.0074 -57.7658
-68.5135 190.557 102.459 -68.8946
-54.4612 136.923 68.6146 -46.2975
-41.6007 112.681 70.9317 -45.7149
-53.6054 143.379 76.5824 -49.2515
-48.8545 142.522 78.349 -49.705
-51.0383 150.642 82.0373 -52.1327
-30.1308 105.528 62.812 -38.2512
-48.8417 150.773 83.3207 -51.3427
-31.5274 110.807 61.2291 -34.7213
-50.4334 156.507 81.7715 -47.7464
-2.88504 46.5705 32.2244 -16.1892
-23.8037 95.6294 54.1374 -29.7167
-42.1592 130.139 61.1116 -33.6961
-52.0274 136.744 53.5588 -28.3012
-75.0266 190.927 77.4479 -43.3332
-58.4899 169.151 67.7231 -43.4477
-41.8312 124.853 86.8358 -47.5945
-76.2586 203.03 74.8929 -47.1491
-68.9749 198.535 94.501 -52.1891
-44.6078 147.88 91.8025 -41.3611
-68.3902 204.054 97.7243 -52.7229
-41.1532 144.054 73.7583 -36.0732
-53.1514 174.637 97.6941 -50.3021
-16.1545 92.6131 71.3654 -31.9267
-28.3398 123.613 95.3445 -46.0757
-16.4233 97.9694 68.2274 -27.2767
-5.44121 75.8659 92.2511 -41.3444
11.5858 21.9303 65.932 -22.8923
-0.987245 53.8291 90.0012 -36.8784
-1.88859 31.1424 64.849 -19.2615
-14.6298 63.4938 88.9642 -33.1662
-11.414 35.164 65.5792 -16.8757
-20.8861 59.7083 91.3865 -31.4996
-10.5028 19.1026 70.5388 -16.842
-20.0867 43.9838 96.3961 -31.3814
-13.1456 12.6208 76.3877 -17.3139
-17.3284 16.0037 79.4664 -17.607
-27.0751 41.376 105.399 -32.0224
-18.1787 -5.72837 36.2945 9.53493
-28.2715 20.2202 62.3659 -4.45052
-38.3823 46.2372 75.8025 -16.7535
-53.166 76.025 71.6983 -15.9889
-42.436 56.7924 95.6087 -21.9679
-38.5516 50.0629 105.169 -26.4941
-27.3367 28.5469 128.228 -30.1097
-28.871 31.9081 117.801 -31.0701
-36.3351 50.9525 126.167 -43.142
-33.1367 40.2634 126.871 -33.2804
-30.4889 35.0752 128.395 -32.3903
-34.2865 42.5062 109.287 -30.3435
-30.2569 34.745 131.183 -30.967
-29.9031 31.1149 110.199 -18.0771
-35.2584 44.1607 140.157 -33.341
-40.6138 57.2066 170.116 -48.6049
-18.6365 7.84467 102.136 -10.3298
-24.2476 20.9315 112.05 -22.4916
-27.1428 26.8359 114.853 -14.5658
-32.9254 39.9421 123.867 -26.5925
-27.1779 29.437 125.522 -18.0602
-22.9304 21.926 107.022 -14.3673
-24.741 26.7912 133.295 -19.9869
-21.6848 22.0692 114.226 -9.89635
-25.6406 30.135 146.436 -25.4599
-9.22329 -1.59074 123.918 -11.5642
-13.2267 6.44869 156.204 -27.0826
-12.724 4.56906 160.279 -27.9953
-12.1594 0.88962 131.451 -10.9208
-16.2608 8.94898 163.827 -26.3713
-13.25 -0.584828 105.095 4.64044
-17.4856 7.46686 137.629 -10.6142
-23.1852 20.2246 93.7676 8.82929
-27.521 28.2708 126.407 -6.38706
-30.5015 32.5576 160.894 -22.1275
-14.5841 9.73945 143.74 -6.00444
-17.4752 13.6796 156.704 -19.7832
-14.2216 5.19977 161.921 -20.895
-9.58989 -1.73999 134.308 -18.3183
-9.37655 -4.44127 162.966 -19.1483
-13.6318 0.0701452 165.649 -19.7416
-16.6163 3.97808 193.819 -18.6465
-13.4517 -3.97345 160.446 -15.5618
-16.0451 -0.378996 153.983 -11.545
-50.5005 51.5455 159.904 -13.7494
-56.7577 66.4694 73.4115 25.1837
-60.1973 69.7143 110.666 8.90694
-32.2265 48.1745 19.2255 40.23
-28.3521 45.0388 56.6698 23.8623
-9.32734 27.2688 31.0193 17.2064
-11.4825 28.0427 68.536 0.703004
11.2863 15.0785 58.7859 -8.21147
20.4653 -1.5318 96.9331 -26.2294
-13.9676 40.0055 101.254 -32.4411
-15.9469 39.2845 140.676 -48.946
-1.30765 16.2544 180.529 -65.7992
-13.5483 23.9859 150.741 -68.3649
-18.5877 27.6799 186.213 -73.5266
-6.73263 5.28914 157.7 -64.8137
-8.48466 4.15427 197.529 -82.0157
-33.5039 27.4205 119.121 -50.8566
-35.2445 26.2679 158.963 -68.2591
-37.0753 25.1021 168.387 -74.4484
-38.8119 23.9435 208.233 -91.9227
-38.8008 20.8953 232.565 -104.176
-39.7223 17.7 182.193 -80.7803
-41.7659 15.6984 224.399 -98.55
-40.709 11.517 161.641 -73.3211
-42.7374 9.4999 203.867 -91.305
-41.7663 5.68413 246.494 -108.389
-34.8615 -1.30096 146.785 -81.8285
-31.6673 -6.11725 183.989 -81.963
-33.6594 -8.16796 174.744 -79.9785
-22.3241 -17.0244 126.443 -61.0112
-17.7582 -23.1528 126.305 -61.2486
-21.8202 -23.764 170.853 -79.972
-29.1004 -20.2997 185.094 -87.5239
-35.5575 -12.684 185.727 -75.2969
-37.1882 -16.4136 188.177 -87.2116
-23.1835 -23.4497 229.914 -93.7648
-21.4486 -19.925 178.902 -69.11
-23.078 -23.5397 223.757 -88.2971
-18.3463 -20.9916 135.789 -68.54
-19.9355 -24.6243 180.46 -88.5737
-17.0647 -20.5826 141.669 -70.3826
-18.4011 -25.5835 188.473 -90.2519
-15.0016 -22.5142 142.616 -69.8686
-16.2793 -27.5291 189.465 -90.1225
-13.7026 -23.1743 143.009 -69.315
-14.9198 -28.2028 189.899 -89.9694
-7.207 -14.1088 75.456 -38.7461
-3.54602 -16.4101 99.4125 -51.087
4.00344 -16.071 116.92 -60.0272
3.00778 -21.1425 163.952 -81.9659
2.76108 -22.0472 211.341 -95.3378
7.61219 -24.2356 211.33 -100.75
-1.21076 -22.8464 206.486 -95.3829
-2.79433 -19.8895 203.912 -79.095
-3.34795 -26.1946 253.074 -100.383
-3.41515 -28.0047 191.997 -83.921
-2.16239 -24.7064 197.739 -87.072
-2.58527 -31.0166 246.866 -109.064
-0.553421 -28.2967 197.946 -86.5769
1.76266 -31.6087 216.894 -95.8239
1.59433 -38.3425 266.48 -118.122
-9.7371 -21.7296 171.427 -66.6706
-9.55745 -29.121 221.82 -88.5673
-9.2107 -36.5541 272.699 -109.278
-15.9594 -38.4359 266.936 -107.537
-9.36261 -32.715 231.601 -90.2209
-8.85487 -40.1333 282.606 -111.559
-10.8489 -39.7071 333.139 -133.918
0.166793 -41.4534 267.599 -86.1357
-14.4375 -37.8659 242.63 -87.3662
-9.42639 -33.7585 167.471 -51.2984
-8.36028 -42.0348 218.187 -72.862
-24.8365 -22.5523 120.084 -31.9226
-17.634 -25.9226 170.542 -54.8207
-16.3511 -34.1489 221.036 -77.7244
14.4179 -4.56596 62.8906 5.46899
27.0585 -0.481224 20.1698 18.8846
28.9069 -8.55906 70.9734 -4.67007
20.3358 -10.8478 121.909 -29.2786
31.0193 -18.7784 145.53 -45.3534
30.1006 -21.0754 166.197 -58.1952
10.6161 -12.2703 131.826 -41.6973
13.3205 -20.9664 181.219 -58.5313
19.3914 -23.8127 142.176 -42.9982
22.218 -32.4686 191.602 -66.1531
10.9239 -29.791 161.878 -49.5142
13.8697 -38.3961 211.41 -73.0064
16.8155 -47.0012 260.941 -96.4986
18.9167 -45.0065 277.538 -109.26
36.4996 -35.1694 172.702 -74.6585
18.0589 -28.9016 221.003 -99.112
22.23 -37.723 231.682 -100.236
34.733 -45.355 278.243 -119.779
56.1011 -51.141 325.999 -143.131
60.3631 -59.9366 372.726 -163.247
64.6251 -68.7323 419.452 -183.363
51.727 -67.7635 332.015 -156.287
89.5702 -70.6995 377.497 -179.718
93.9128 -79.4417 423.648 -201.507
40.7164 -54.0838 327.616 -157.377
45.2738 -62.7287 373.165 -179.705
41.9143 -68.1567 364.93 -169.481
47.285 -76.962 406.921 -186.534
52.681 -85.7684 448.912 -203.587
48.6605 -74.9438 327.171 -137.647
54.2866 -83.5947 369.201 -155.249
59.9127 -92.2456 411.231 -172.851
36.2197 -25.8106 146.987 -64.8973
42.2076 -34.0957 188.399 -85.4826
38.6274 -22.7689 140.536 -83.843
44.9263 -30.7181 181.899 -104.533
39.0417 -33.1803 182.252 -95.1738
46.1476 -41.1904 218.772 -109.681
9.72604 -34.0183 222.232 -110.367
16.9136 -41.9255 258.783 -124.932
13.508 -35.5326 168.893 -76.3987
14.9466 -35.9967 160.086 -69.8969
22.2604 -43.7426 196.835 -85.4597
14.8491 -36.5344 160.094 -66.0378
22.4107 -44.087 197.473 -81.3904
17.5649 -43.8362 194.397 -78.7404
41.9663 -37.8175 190.454 -79.0825
21.2774 -41.9002 186.703 -62.2043
-0.598705 -39.0442 176.737 -60.2317
20.3955 -39.8471 172.475 -42.2888
16.1779 -30.5596 131.878 -18.5342
24.7264 -37.5073 168.242 -28.7375
16.044 -28.2831 141.222 -11.4326
24.6706 -35.0868 183.233 -22.7072
16.5195 -26.0327 195.942 -13.4825
25.223 -32.6898 264.351 -28.4138
34.7924 -38.8907 321.375 -34.435
28.0483 -29.6677 8.07255 21.4234
15.6013 -20.8072 85.6709 31.243
25.2671 -26.7544 96.1564 30.7111
22.5867 -17.4824 88.2046 45.9231
11.575 -9.59325 69.4765 58.4644
21.4173 -15.1244 86.618 56.9284
17.6353 -21.2856 103.984 55.1204
38.2583 -18.8781 104.457 57.6181
43.0477 -17.8452 103.512 58.5569
53.5219 -22.8419 119.938 62.9223
38.944 -11.9889 96.3866 78.4478
35.7222 -17.7897 93.4823 87.1881
35.0112 -17.2528 77.9913 113.32
45.726 -21.7793 94.9256 118.923
56.5387 -26.0963 111.386 124.972
21.2496 -23.3131 84.1161 112.178
13.9982 -23.6209 82.0881 115.476
7.80622 -30.1012 99.2868 120.906
28.5941 -13.5842 80.0284 119.788
30.4721 -12.1304 85.5756 112.153
31.524 -10.615 74.8881 132.538
24.1355 -11.4301 73.0594 138.404
26.3543 -9.63973 70.5566 144.917
22.0536 -9.7739 69.4066 147.193
32.7205 -0.341086 67.5443 151.049
44.2483 -3.12784 78.3013 172.736
25.8906 -5.67733 65.9601 152.181
37.4043 -8.33418 81.2821 165.82
25.2926 -4.42439 65.9851 148.763
21.7486 -4.56859 64.2672 150.199
25.9427 -2.15596 62.9789 156.05
9.12687 5.18455 31.6466 121.97
21.202 3.87445 45.2539 144.386
33.292 2.53845 59.2142 166.708
8.07473 19.207 -29.3721 28.2517
20.0794 18.3795 -14.6663 50.559
30.7265 22.4405 -13.4227 47.3637
35.0405 19.131 -14.5737 43.564
22.7086 12.8521 -29.8036 12.6154
34.9683 12.7627 -15.34 39.9653
33.8585 9.95852 -16.2341 44.268
27.7733 8.69604 -31.6778 20.4026
40.1985 9.26012 -17.3686 51.7749
36.5572 5.94857 -17.5361 53.7046
33.8286 3.56433 -32.4932 20.8571
24.6813 -1.76854 -17.569 52.3321
37.0629 -1.06316 -2.86056 83.7974
15.3769 -1.14783 -16.3229 51.6312
30.3941 7.21466 -15.0663 53.0121
42.9186 8.51431 -13.7346 59.6356
33.81 9.72843 -13.2657 67.1132
46.5334 11.6353 1.72912 108.049
37.6318 7.2834 -28.4386 51.1662
50.3165 9.25578 -10.361 85.3235
8.88454 -1.25581 -24.2772 49.1051
21.481 0.837467 -8.28002 90.2208
18.7209 6.69358 -2.9577 82.8005
31.2555 8.87623 -4.77741 96.7404
32.9367 10.7494 -21.6171 70.9472
32.4716 11.3627 -1.0313 103.994
11.0562 5.37831 -14.0863 72.7934
23.8802 8.75699 3.08618 124.077
24.8809 10.77 5.35301 133.327
37.6671 14.1889 22.7438 184.683
40.6771 17.415 1.78184 157.355
19.7643 30.9335 -30.8111 6.97463
32.3066 34.5969 -12.3705 58.9315
33.6249 35.5421 -47.5725 -6.62767
45.3827 37.6893 -47.7694 -6.30741
40.5773 32.4969 -28.0492 49.5269
41.9353 31.2076 -24.1811 71.9704
20.6384 17.2931 -40.284 36.9876
18.4484 13.999 -19.1819 100.471
31.1416 18.8678 -15.7426 116.216
39.3609 24.6911 -2.59391 99.4981
29.4887 20.2297 -27.2775 95.3911
42.0902 25.1618 -5.17643 159.469
33.9592 21.9982 -16.1015 133.703
46.5052 26.9577 6.49332 198.108
50.9048 29.4239 11.0657 177.281
40.7855 22.1546 12.8627 219.763
4.90257 0.508088 -2.15691 176.454
17.6176 6.53086 23.4412 254.137
18.1598 8.29606 31.7059 278.629
30.8465 14.3141 61.1325 327.131
19.0994 12.1352 42.8257 306.793
15.179 10.4129 45.0003 310.207
18.2707 13.8385 52.0113 327.463
30.8665 19.8446 50.8103 361.088
16.4941 14.0391 60.554 343.665
3.33873 8.74437 65.0604 353.274
16.0119 15.4301 73.2051 377.701
20.525 19.4823 82.716 355.021
33.1823 26.1393 81.2562 396.753
-9.85977 2.99296 31.2182 242.944
2.67001 9.6315 64.2855 338.852
15.2376 16.2365 98.3648 434.528
27.7828 22.8462 131.036 498.188
30.7193 26.6555 111.791 466.999
43.2474 33.1631 145.876 522.061
23.9895 21.4359 115.74 472.97
1.14156 5.56807 88.3213 383.968
13.7173 11.4724 127.203 492.444
28.6829 26.8386 73.665 395.643
42.2931 36.5655 77.9589 339.417
42.5939 31.0919 29.5012 202.067
29.4272 21.9024 71.0163 315.318
7.81477 6.77337 80.2037 333.018
19.9887 11.3199 76.8838 324.723
10.1984 5.81337 34.9343 206.558
24.9189 17.1175 57.074 277.542
18.0013 18.4919 41.1214 194.021
32.7238 29.7238 18.6141 192.116
38.2529 37.3168 -5.61811 137.239
44.2763 46.2228 -75.0697 -37.0297
41.9495 47.9896 -76.0831 -46.1851
56.8606 58.9351 -56.5081 -9.90107
64.3657 66.1002 -31.9264 65.8591
26.0052 37.4745 -66.5561 -43.5855
40.6696 48.4158 -41.3592 33.6114
25.2082 38.0388 -72.6453 -66.0023
40.9939 51.0303 -54.7357 -3.04063
45.7952 55.8633 -56.6705 -10.2035
49.4658 58.8302 -96.8405 -127.877
15.1323 30.231 -92.4222 -145.258
30.7345 43.1171 -73.7216 -79.8173
46.3366 56.0033 -55.0209 -14.3768
39.8135 50.2925 -14.1025 46.7172
52.8327 54.1063 22.6857 144.398
68.7153 66.5711 42.2708 210.892
66.5405 65.6993 67.8515 270.554
57.599 59.7569 69.618 274.23
43.0388 58.5685 78.5912 260.421
38.9991 48.4524 -2.12251 96.751
55.5028 62.884 9.77085 149.116
35.1918 48.4842 10.0109 98.1027
51.6547 62.8076 21.3927 151.173
68.1176 77.131 32.7745 204.243
43.9791 50.853 30.8457 158.701
34.4114 42.9856 9.6219 101.757
48.4537 48.5182 11.9777 134.933
40.7063 47.0567 0.354463 84.9979
43.8435 56.4357 4.30534 83.1003
48.4679 52.8267 3.60999 80.0543
34.526 45.4959 -1.98782 36.9971
49.216 52.616 6.40284 83.7711
54.0846 55.2232 14.2921 104.638
16.931 28.1223 3.82542 54.9617
31.0181 33.2577 8.31917 65.0454
48.4819 48.3544 13.617 105.976
66.7384 55.7019 21.4291 126.28
69.7177 65.868 42.5341 183.775
84.3242 71.7215 43.5964 200.89
80.6673 69.4118 21.6458 142.684
31.731 35.2522 -22.0794 -6.54525
32.6905 36.4174 3.3375 24.294
50.9884 52.4952 13.967 53.1932
66.1559 61.8011 -207.889 162.629
57.9645 56.9959 3.19719 224.371
26.58 33.5476 38.2758 199.947
45.3474 50.1657 32.074 219.322
48.1087 52.4561 31.342 199.388
48.9114 63.2402 23.4729 214.419
63.4978 68.1291 20.2019 191.832
46.9127 72.6288 20.7676 133.792
47.8288 83.3021 16.9724 113.085
51.2176 85.9885 20.0908 69.8442
70.2657 102.689 12.7424 84.8014
89.7481 119.069 7.02967 84.5012
108.856 135.701 -0.315832 99.438
53.0726 24.7068 -10.0273 -36.1618
73.2069 41.5989 -20.1019 -31.9369
64.4294 36.76 -8.34599 6.78176
84.6316 53.4946 -18.4124 10.9552
88.9173 65.2048 -28.3338 15.3748
96.1497 78.6703 -38.3602 19.6383
107.893 74.9666 -44.8291 -1.1812
97.1973 63.0636 -52.672 -9.79928
69.4025 44.1977 -36.6992 4.28408
68.7134 46.5859 -39.3586 4.78489
63.6506 36.7089 -39.1798 -17.0072
84.9608 53.2229 -51.4488 -22.7644
61.8905 51.8181 -49.0794 -13.9337
54.8006 56.8637 -53.0445 -21.5782
45.9699 44.2883 -41.1199 -16.0458
67.4242 60.5616 -53.2855 -21.8445
73.6082 74.4028 -53.5195 -22.9993
79.6715 68.4338 -55.9658 -29.4989
69.7399 64.7746 -64.0087 -55.8734
66.2427 63.0495 -51.5008 -14.9915
56.0943 58.7957 -49.4709 -13.917
58.4801 59.8616 -50.8966 -27.6865
63.0336 73.9366 -52.5774 -41.7994
60.3138 59.2562 -53.3189 -51.1491
40.4078 41.9327 -44.604 -62.9958
62.4864 58.3049 -48.9748 -45.2194
59.2725 42.1 -49.0639 -51.6411
62.6212 56.1271 -62.2246 -66.1715
64.5067 55.6453 -44.256 -43.9384
48.3239 50.6473 -28.2489 -30.4848
62.4883 52.0173 -41.3842 -47.5098
58.6606 35.5448 -35.8816 -85.8401
63.2728 50.3614 -43.6573 -84.2077
48.3506 48.9587 -27.1 -55.2856
60.5619 47.0858 -40.3908 -76.9286
54.1118 29.6985 -32.3479 -81.4488
77.2547 45.3932 -45.4724 -103.066
65.3064 44.8753 -38.0167 -75.5203
71.3273 46.2929 -37.3879 -78.7279
75.8456 46.977 -36.6537 -76.4192
44.285 27.6298 -20.6755 -40.6027
67.8858 43.3347 -33.5441 -67.8683
41.2707 26.3172 -28.1156 -102.015
65.0242 41.7588 -34.4482 -96.438
17.0797 3.21219 1.50114 -32.2086
38.2014 10.3956 -2.29433 -68.5021
62.3712 25.1634 -14.1982 -95.1917
72.2122 23.7461 -16.9742 -136.997
96.6688 37.9267 -22.0614 -119.689
93.4422 39.4851 -25.3754 -92.7404
87.504 39.7513 -26.0545 -84.5921
72.1533 38.0416 -26.4379 -68.2464
70.1563 38.9445 -32.4674 -111.597
94.8713 53.3292 -43.8542 -142.652
63.09 24.9463 -18.5809 -136.185
71.6524 28.5829 -29.9991 -166.859
96.6871 42.4153 -27.5422 -127.247
121.722 56.2478 -38.1521 -157.704
90.1537 44.6123 -32.5113 -86.2738
115.328 58.1965 -42.9117 -116.502
58.7416 39.4779 -38.2556 -95.8218
83.9897 53.1992 -48.2984 -129.726
42.6986 35.7774 -42.0537 -95.0996
68.0868 49.2612 -51.9511 -128.679
40.166 32.4892 -38.0363 -94.3518
65.7013 45.7201 -35.928 -106.18
52.6775 31.5735 -24.0601 -75.1629
78.5101 44.2802 -33.5215 -107.946
83.2512 44.0068 -32.0048 -105.019
49.1137 27.6279 -31.1552 -103.068
75.031 40.1732 -30.2856 -78.9391
74.3457 38.9187 -17.05 -69.8012
66.817 36.6349 -25.022 -104.809
40.322 21.3822 -19.4551 -50.7844
31.9313 7.29099 -3.70487 -38.7283
40.1418 10.71 -0.636025 -69.2803
62.8908 14.3112 2.76865 -110.804
89.3823 25.6278 5.61775 -157.882
78.0822 18.8791 -1.33824 -191.891
80.158 20.2636 -6.45538 -102.766
88.3825 22.2245 -5.9854 -123.287
90.3597 23.8931 -7.30675 -59.4369
78.8353 24.7866 -13.0764 -94.6407
42.8812 16.0811 -10.0534 -48.7865
69.5852 26.6982 -15.6433 -83.8036
73.2983 27.5633 -14.0482 -97.8027
100.107 37.9558 -19.6456 -132.656
57.5948 12.9387 -5.65833 -108.354
71.598 27.6532 -10.847 -113.649
76.4878 27.54 -10.5219 -154.502
72.5208 26.4541 -14.5145 -152.748
76.3004 26.6646 -14.0856 -92.8753
38.3767 7.56733 0.74449 -61.5647
65.3446 16.8629 -3.18577 -96.4178
92.3124 26.1585 -7.11603 -131.271
115.155 36.7966 -12.6117 -165.999
142.186 45.9953 -16.8703 -200.811
169.218 55.194 -21.1289 -235.623
173.196 34.2434 7.9984 -252.203
35.3891 18.0402 4.99392 -169.087
62.9424 26.0267 1.72664 -202.909
22.2302 -14.4013 20.1611 -117.89
49.5636 -7.70765 17.7146 -151.659
72.9178 -4.48594 5.9014 -113.067
100.357 2.20713 3.60397 -146.614
100.846 23.3275 -1.39961 -103.49
128.362 29.9012 -3.67784 -136.724
84.9418 12.6105 8.55772 -184.387
112.752 17.8957 5.59926 -217.311
121.067 22.1795 -13.9552 -174.917
85.269 25.1602 -42.2818 -65.2227
112.573 30.5348 -44.3266 -97.9685
86.1592 22.0611 -50.4129 -57.7197
97.9639 37.4822 -44.8013 -96.3823
89.0637 44.9742 -32.5769 -113.388
94.7257 38.1488 -37.1938 -112.055
89.5309 42.5455 -38.7919 -72.7565
94.0907 35.0926 -40.6565 -104.94
97.1905 32.2527 -31.3224 -107.779
124.604 36.8076 -28.7357 -143.187
94.0887 28.0795 -30.1379 -87.7653
67.3144 15.826 -20.9286 -55.0826
88.9604 23.7607 -22.018 -86.3376
66.6265 14.6753 -3.29515 -132.063
93.2759 18.4996 -6.98089 -134.323
65.1399 11.2234 -7.72105 -101.477
91.8727 14.7318 -5.68763 -99.1326
90.4005 12.867 -2.21861 -64.4563
117.198 16.1336 -2.8649 -95.0797
78.6594 10.9598 -1.53546 -94.4104
71.6296 10.1568 -4.51029 -78.1565
73.0758 7.5294 -1.7302 -79.3098
43.5816 1.54886 -2.39575 -69.7703
69.3585 3.97513 -2.44699 -99.1311
4.22112 -13.4742 25.2933 -20.9812
30.1794 -11.871 25.7456 -49.7957
39.7833 -16.5145 39.1 -79.8552
65.7947 -15.2315 39.6489 -108.531
52.4207 -12.2355 24.7264 -74.6034
78.485 -11.2523 25.344 -103.141
55.0206 -6.13455 8.91477 -60.1676
80.3463 -5.37154 9.73234 -87.9173
73.3648 4.0131 3.4176 -58.6631
80.1518 -1.19226 4.42613 -85.6624
55.5933 0.622811 1.28984 -58.4681
80.2776 0.930656 2.33765 -85.3298
56.1557 1.27417 0.1715 -57.6786
80.8959 1.3222 1.26333 -84.4037
81.1697 1.0302 0.790989 -83.7125
105.937 0.946428 1.9052 -110.37
42.8426 2.97729 -6.85607 -37.1881
66.9263 2.37455 -10.3543 -39.1547
67.4682 0.780755 -1.31636 -67.1656
40.3199 -0.131408 6.87197 -74.9389
63.3796 -0.836058 1.26603 -64.1224
41.7466 -3.09412 4.9058 -44.3111
46.5589 -8.51067 6.21761 -68.8077
66.7964 -5.7422 9.01234 -72.2046
67.9066 -7.08154 10.0668 -73.7357
84.6832 0.220127 6.35819 -72.6542
57.9657 -1.9998 8.92389 -48.6389
62.2099 -7.32028 10.6005 -72.0969
44.1089 -12.2806 13.8828 -70.7605
61.8988 -9.18728 15.6054 -92.8721
8.8765 -3.12471 6.34065 -18.5339
17.2978 -6.93985 11.964 -28.6814
38.4211 -9.05464 13.811 -50.5485
59.5443 -11.1694 15.658 -72.4156
75.3605 -17.5738 25.1303 -92.0239
10.2891 -9.08551 6.67361 -26.1836
20.4926 -10.6624 20.1582 -38.9716
40.9448 -13.3774 22.0594 -59.907
50.4805 -17.757 28.9968 -80.6827
53.9665 -18.2467 23.9555 -73.6679
52.8709 -23.3186 20.3664 -91.3513
45.4827 -11.6349 6.38811 -49.7995
38.9201 -4.90275 1.76279 -25.8986
43.4435 -9.2649 3.65076 -44.9349
47.7458 -11.0572 7.37782 -51.2046
66.4267 -14.2227 9.20602 -70.2163
-0.0864029 -14.0241 10.3937 -19.659
17.9196 -18.1994 12.0438 -37.852
33.6797 -21.7899 13.6358 -53.8662
48.7837 -17.0935 8.89157 -55.4542
64.4439 -21.2085 3.92281 -69.9704
60.9381 -14.2677 -4.72015 -51.0206
73.3341 -10.8687 -4.91307 -66.6595
61.8665 -3.96175 -9.17705 -53.287
63.371 -7.90807 -11.7682 -50.7723
50.2299 -8.47603 -15.8024 -33.3568
65.9138 -12.8089 -13.0401 -49.661
64.8946 -9.04439 -11.6774 -51.1464
77.3778 -12.5058 -8.2336 -64.4829
56.3157 -7.6585 -10.8649 -42.9478
21.0137 -1.02133 -7.31265 -11.4443
33.7506 -5.22228 -6.33884 -24.1313
30.5571 -10.0702 6.2208 -29.8268
32.1159 -11.629 7.38329 -32.5698
34.7619 -13.3856 8.2776 -36.2944
34.7268 -16.54 5.55939 -33.561
34.4105 -12.7582 4.57576 -34.8609
21.496 -8.11868 1.46676 -21.2123
30.3203 -11.0379 2.18065 -30.2659
18.3335 -7.88371 2.88118 -19.4753
27.1369 -10.8867 3.5711 -28.5166
16.4285 -8.06881 4.46276 -18.9017
25.215 -11.1536 5.12843 -27.9312
24.0694 -11.0234 5.03403 -26.9818
20.2455 -8.69599 6.86817 -36.2602
19.0101 -8.5224 3.99169 -24.1622
26.9322 -8.76748 4.59194 -33.1761
9.978 -7.50247 5.58008 -16.8839
14.8351 -9.32909 5.99175 -21.9392
11.7031 -6.97502 4.6925 -19.2141
8.76993 -6.22947 5.46513 -15.1466
4.88221 -6.75205 2.93977 -7.99553
1.82109 -3.38915 2.91068 -5.08685
-0.276411 -2.77485 3.39867 -2.97918
-0.213847 -3.56036 5.5927 -4.28527
-4.54085 -2.95849 8.37631 -4.74763
0.205887 -4.92759 8.71657 -9.71802
-4.52774 -3.07109 8.93664 -2.33421
-3.70498 -3.39916 9.06579 -3.23696
-3.28026 -3.5543 9.17592 -3.72626
-11.9589 1.24929 6.92096 4.66729
-11.5356 1.08907 7.02854 4.17814
-11.1122 0.928846 7.13611 3.68899
-12.9269 1.91473 6.80184 3.26733
-13.7411 1.87192 6.76862 7.77882
-13.3192 1.70685 6.87331 7.28965
-12.5979 1.24802 7.72653 6.14075
-12.177 1.07986 7.82909 5.65147
-14.8806 2.75626 7.10258 8.94235
-19.1433 4.79905 6.99249 13.4316
-22.9189 7.20241 6.36559 17.5139
-26.5842 9.14896 5.56324 22.1579
-29.1431 10.4583 5.68369 24.8606
-14.6652 3.33044 7.0798 9.37437
-18.8589 5.53944 7.11425 13.8379
-21.4702 8.00489 4.93502 17.9184
-19.5987 7.70926 4.09868 16.7029
-23.7902 9.89768 4.11421 21.1814
-19.9671 7.55668 5.14826 16.5234
-8.28439 -8.49378 -14.2409 1.01025
-6.44905 -9.88474 -14.6503 -1.62406
-6.45853 -9.80727 -14.5567 -2.21799
-5.92846 -9.95866 -14.5567 -2.21799
-5.96506 -8.49213 -14.107 -2.35535
-5.73816 -8.56225 -14.107 -2.35535
-5.87594 -5.70993 -13.0085 -2.02125
-5.56318 -5.80373 -13.0085 -2.02125
-5.37113 -4.66687 -10.683 -2.32676
-5.22791 -2.85803 -8.76954 -2.17621
-4.81962 -2.98285 -8.76954 -2.17621
-4.81698 -2.98198 -8.76954 -2.17621
-3.80448 -1.51564 -6.58169 -1.86741
-3.80448 -1.51564 -6.58169 -1.86741
-3.80448 -1.51564 -6.58169 -1.86741
-2.51648 -0.604525 -5.0039 -1.53588
-2.51648 -0.604525 -5.0039 -1.53588
-2.23114 -0.465777 -4.19083 -1.34738
-2.23551 -0.444252 -4.20354 -1.30731
-2.23551 -0.444252 -4.20354 -1.30731
-2.23551 -0.444252 -4.20354 -1.30731
-0.527913 -0.0146882 -2.14835 -0.912779
-0.527913 -0.0146882 -2.14835 -0.912779
-0.236218 0.0178686 -2.00581 -0.645665
-0.236218 0.0178686 -2.00581 -0.645665
-0.236218 0.0178686 -2.00581 -0.645665
0.126442 0.0398786 -1.72905 -0.502171
0.126442 0.0398786 -1.72905 -0.502171
0.327928 0.04114 -1.73719 -0.362214
0.327476 0.0409851 -1.61066 -0.409854
0.327476 0.0409851 -1.61066 -0.409854
0.414673 0.0378436 -1.21478 -0.495921
1.29718 -14.168 -1.86074 -0.266757
6.28309 -15.8763 -1.8953 0.456857
12.5514 -18.0555 -1.46817 -9.17479
24.6608 -56.0642 12.043 -38.3483
24.487 -56.1369 15.4812 -39.7178
28.883 -85.2232 15.6304 -50.1208
31.3327 -97.0249 18.1355 -59.8745
32.8427 -106.857 17.7755 -66.896
33.601 -115.055 20.547 -73.7231
33.7922 -127.91 20.8465 -82.3532
33.7922 -127.91 20.8465 -82.3532
33.1592 -137.839 19.8241 -87.9099
33.1592 -137.839 20.2077 -87.9399
32.3238 -142.225 19.4692 -89.9806
32.3861 -146.245 18.9262 -91.4423
31.9376 -149.984 18.7219 -92.6914
31.0202 -156.924 17.409 -94.7721
31.0202 -156.924 17.7546 -94.7896
30.1096 -163.172 16.4466 -96.3009
30.1096 -163.172 16.9 -96.3772
29.2638 -166.35 16.2082 -96.9014
29.2638 -166.35 16.2082 -96.9014
29.1963 -172.48 15.7342 -97.321
28.4385 -175.654 15.6089 -97.6729
30.2135 -176.169 15.6089 -97.6729
27.6143 -181.107 15.0084 -98.1471
27.6143 -181.107 15.0084 -98.1471
27.0851 -186.946 13.9736 -98.1568
29.2288 -187.688 13.9571 -98.1486
27.27 -192.876 13.802 -97.9461
26.9871 -198.849 13.3245 -97.7867
26.9871 -198.849 13.4438 -97.5679
26.6074 -204.459 12.5653 -96.7419
26.6074 -204.459 13.0974 -96.8988
26.5454 -207.351 12.9714 -96.5481
28.6024 -211.703 13.1038 -96.1485
26.6504 -213.659 12.7593 -95.3783
28.3908 -217.362 12.8872 -95.0644
28.3908 -217.362 12.8872 -95.0644
26.4811 -228.935 12.6684 -93.5781
25.8061 -229.013 12.3925 -93.6157
26.1952 -234.493 12.2663 -91.9321
26.3902 -240.467 11.9677 -91.4466
26.3902 -240.467 11.9677 -91.4466
61.1792 23.579 12.9834 -91.8027
61.1792 23.579 12.9834 -91.8027
-70.8784 283.77 14.2865 -91.3785
-76.7687 300.429 13.5983 -89.7203
-76.4848 288.062 12.5624 -88.6318
-71.6968 277.372 11.072 -87.1504
-76.6137 268.406 10.778 -86.8339
-73.6134 263.143 9.77617 -85.9461
-77.9652 256.758 9.50477 -85.9505
-75.559 253.354 8.83091 -85.3885
-79.6279 247.832 8.54965 -84.8583
-80.1386 244.103 8.04051 -84.1993
-77.5486 245.486 7.86789 -83.4942
-82.2817 236.97 7.63197 -82.9064
-79.5023 238.246 7.52786 -82.9171
-81.5376 232.061 7.19264 -81.406
-81.5376 232.061 7.19264 -81.406
-84.9438 216.722 -63.4354 190.696
-84.9438 216.722 -63.4354 190.696
-81.0425 209.856 -54.1109 146.209
-81.0425 209.856 -54.1109 146.209
-80.7361 209.994 -53.8975 146.3
-79.6788 207.322 -50.9637 135.171
-80.5625 203.695 -45.7507 118.407
-77.2586 202.97 -45.7507 118.407
