0.185545 -0.135357 -0.178303 -0.165362
0.185541 -0.135362 -0.178301 -0.165365
0.18554 -0.135362 -0.178301 -0.165365
0.185521 -0.13535 -0.178285 -0.165372
0.185521 -0.13535 -0.178285 -0.165372
0.185665 -0.13565 -0.178245 -0.165685
0.185604 -0.135801 -0.178242 -0.165806
0.185619 -0.135884 -0.178227 -0.1659
0.185626 -0.135975 -0.178221 -0.165983
0.185692 -0.136071 -0.178206 -0.166086
0.185651 -0.136175 -0.178198 -0.166183
0.18572 -0.13628 -0.178173 -0.166409
0.18572 -0.13628 -0.178173 -0.166409
0.185713 -0.136761 -0.178137 -0.166772
0.185713 -0.136761 -0.178137 -0.166772
0.185711 -0.136765 -0.178139 -0.16677
0.185725 -0.13689 -0.178125 -0.166903
0.185746 -0.137156 -0.178102 -0.167173
0.185746 -0.137156 -0.178102 -0.167173
0.18575 -0.137294 -0.178091 -0.167312
0.185741 -0.137307 -0.178167 -0.167454
0.185745 -0.137578 -0.178066 -0.167597
0.185719 -0.137746 -0.178144 -0.167889
0.185723 -0.13787 -0.178039 -0.167888
0.185655 -0.138316 -0.177919 -0.168153
0.185655 -0.138317 -0.177919 -0.168153
0.185655 -0.138317 -0.177919 -0.168153
0.185584 -0.138467 -0.178102 -0.168479
0.185561 -0.138656 -0.178 -0.168589
0.185609 -0.138655 -0.177862 -0.168589
0.185541 -0.138919 -0.177926 -0.168933
0.185469 -0.139522 -0.177836 -0.169531
0.185469 -0.139522 -0.177836 -0.169531
0.185469 -0.139522 -0.177836 -0.169531
0.185353 -0.140012 -0.17782 -0.169899
0.18537 -0.140092 -0.177734 -0.170093
0.18537 -0.140092 -0.177734 -0.170093
0.185321 -0.140359 -0.177651 -0.170358
0.185321 -0.140359 -0.177651 -0.170358
0.185335 -0.140417 -0.177707 -0.1703
0.185279 -0.140608 -0.177601 -0.170552
0.185279 -0.140608 -0.177399 -0.170551
0.185315 -0.140859 -0.177412 -0.17086
0.185333 -0.140978 -0.177339 -0.17098
0.185151 -0.14142 -0.177444 -0.170908
0.185151 -0.14142 -0.177444 -0.170907
0.185444 -0.141611 -0.176904 -0.171606
0.185398 -0.141669 -0.176959 -0.171549
0.185462 -0.141703 -0.176836 -0.1717
0.185502 -0.141879 -0.176694 -0.171876
0.185502 -0.141879 -0.176694 -0.171876
0.185502 -0.141879 -0.176694 -0.171876
0.185518 -0.142189 -0.17648 -0.171916
0.185593 -0.142198 -0.176403 -0.172196
0.185541 -0.142266 -0.176466 -0.172132
0.185619 -0.142273 -0.17633 -0.172269
0.185677 -0.142421 -0.176113 -0.17227
0.185677 -0.142421 -0.176113 -0.17227
0.185746 -0.142567 -0.176011 -0.17256
0.185746 -0.142567 -0.176011 -0.17256
0.185826 -0.142711 -0.175838 -0.172706
0.18596 -0.142953 -0.175821 -0.172925
0.185968 -0.142931 -0.175574 -0.172921
0.186075 -0.143075 -0.175419 -0.173062
0.186075 -0.143075 -0.175419 -0.173062
0.186192 -0.14322 -0.175278 -0.173207
0.186192 -0.14322 -0.175278 -0.173207
0.186254 -0.143294 -0.175207 -0.17328
0.186388 -0.143446 -0.174979 -0.173254
0.186388 -0.143446 -0.175054 -0.173431
0.186388 -0.143446 -0.175129 -0.173607
0.186684 -0.143752 -0.174721 -0.173729
0.186613 -0.143835 -0.174631 -0.173811
0.186847 -0.143908 -0.17454 -0.173887
0.186774 -0.143994 -0.174715 -0.173976
0.187019 -0.14407 -0.174348 -0.174049
0.187202 -0.144238 -0.174145 -0.174218
0.187128 -0.144329 -0.174321 -0.17431
0.187219 -0.144426 -0.174216 -0.174398
0.187396 -0.144411 -0.173932 -0.174391
0.187316 -0.144513 -0.174028 -0.174295
0.187814 -0.144778 -0.173475 -0.174754
0.187814 -0.144778 -0.173475 -0.174754
0.187814 -0.144778 -0.173475 -0.174754
0.187847 -0.144971 -0.173447 -0.174757
0.187847 -0.144971 -0.173447 -0.174757
0.187958 -0.145068 -0.173326 -0.174853
0.18827 -0.145169 -0.172978 -0.175147
0.18827 -0.145169 -0.172978 -0.175147
0.188642 -0.145485 -0.172575 -0.175463
0.188642 -0.145485 -0.172575 -0.175463
0.189102 -0.146038 -0.172089 -0.175827
0.189102 -0.146038 -0.172089 -0.175827
0.189387 -0.146263 -0.171782 -0.17606
0.189387 -0.146263 -0.171782 -0.17606
0.189674 -0.146494 -0.171474 -0.176301
0.189659 -0.146534 -0.171235 -0.176507
0.190132 -0.1468 -0.170681 -0.176655
0.190116 -0.146844 -0.170767 -0.176862
0.190053 -0.146925 -0.170842 -0.176789
0.190476 -0.146997 -0.170524 -0.176774
0.19056 -0.147199 -0.170529 -0.177026
0.190776 -0.147241 -0.170529 -0.177026
0.19093 -0.147363 -0.170127 -0.177355
0.191086 -0.14749 -0.16996 -0.177485
0.191426 -0.147693 -0.169878 -0.177526
0.191406 -0.147747 -0.16962 -0.177744
0.191735 -0.148011 -0.169269 -0.178006
0.19166 -0.148107 -0.16936 -0.177918
0.191902 -0.148146 -0.169091 -0.178141
0.192242 -0.148422 -0.168728 -0.178416
0.192242 -0.148422 -0.168728 -0.178416
0.192415 -0.148561 -0.168543 -0.178556
0.192767 -0.148848 -0.168455 -0.178602
0.192767 -0.148847 -0.168166 -0.178846
0.192841 -0.149158 -0.167781 -0.179136
0.193126 -0.149139 -0.167781 -0.179136
0.193513 -0.149377 -0.167689 -0.179186
0.193492 -0.14944 -0.167389 -0.179435
0.193886 -0.149681 -0.167297 -0.179485
0.193886 -0.149681 -0.167297 -0.179485
0.194625 -0.15037 -0.166599 -0.180394
0.194625 -0.15037 -0.166173 -0.180365
0.194625 -0.15037 -0.166173 -0.180365
0.195192 -0.15083 -0.165974 -0.180854
0.195192 -0.15083 -0.165566 -0.180825
0.195568 -0.151133 -0.165165 -0.181132
0.195493 -0.151229 -0.165255 -0.181047
0.195467 -0.151307 -0.165255 -0.181047
0.195866 -0.15153 -0.164857 -0.181349
0.19584 -0.151611 -0.164857 -0.181349
0.196408 -0.152062 -0.163958 -0.182042
0.196699 -0.152036 -0.163958 -0.182042
0.196699 -0.152036 -0.163958 -0.182042
0.197077 -0.152332 -0.163555 -0.182339
0.197 -0.15243 -0.163647 -0.182254
0.197 -0.152429 -0.163757 -0.182527
0.19765 -0.152789 -0.162942 -0.182801
0.19765 -0.152789 -0.162942 -0.182799
0.198038 -0.153095 -0.162838 -0.182855
0.198038 -0.153096 -0.162524 -0.183111
0.198143 -0.153367 -0.161983 -0.183126
0.198432 -0.153412 -0.162101 -0.18342
0.198832 -0.153732 -0.16167 -0.183744
0.198832 -0.153732 -0.16167 -0.183744
0.198934 -0.154019 -0.161571 -0.183796
0.199236 -0.154059 -0.161233 -0.184066
0.199645 -0.154389 -0.16079 -0.184396
0.199645 -0.154389 -0.16079 -0.184396
0.200057 -0.154725 -0.160343 -0.184731
0.200057 -0.154725 -0.160343 -0.184731
0.200681 -0.155237 -0.16015 -0.185291
0.200681 -0.155237 -0.159666 -0.185243
0.200681 -0.155237 -0.159666 -0.185243
0.200578 -0.155368 -0.159312 -0.185087
0.201204 -0.155882 -0.159111 -0.185645
0.201517 -0.155924 -0.158759 -0.185931
0.201517 -0.155924 -0.158759 -0.18593
0.201939 -0.156273 -0.158302 -0.186278
0.202176 -0.156364 -0.158071 -0.186454
0.202151 -0.156447 -0.158071 -0.186454
0.202364 -0.156623 -0.158195 -0.186346
0.202794 -0.156983 -0.157738 -0.186694
0.202794 -0.156983 -0.157373 -0.186991
0.202899 -0.157306 -0.15727 -0.187054
0.203231 -0.157348 -0.156897 -0.187356
0.203119 -0.157491 -0.157031 -0.187242
0.204165 -0.157899 -0.156677 -0.187501
0.204113 -0.158087 -0.155938 -0.188087
0.20455 -0.158454 -0.155328 -0.188107
0.204671 -0.158761 -0.155343 -0.18854
0.204641 -0.158868 -0.154856 -0.188481
0.206646 -0.160154 -0.153354 -0.190148
0.206646 -0.160154 -0.153354 -0.190148
0.206961 -0.160335 -0.153063 -0.190412
0.206961 -0.160335 -0.153063 -0.190412
0.206961 -0.160335 -0.153063 -0.190412
0.206867 -0.160628 -0.152892 -0.190546
0.206929 -0.161028 -0.152715 -0.190671
0.206929 -0.161028 -0.152715 -0.190671
0.207957 -0.161301 -0.151745 -0.191326
0.208495 -0.161659 -0.151186 -0.191688
0.208705 -0.161664 -0.151227 -0.191656
0.208676 -0.161775 -0.150997 -0.191805
0.208813 -0.161946 -0.150859 -0.191879
0.209067 -0.161903 -0.150859 -0.191878
0.209164 -0.162207 -0.150492 -0.192114
0.209407 -0.162262 -0.150225 -0.192298
0.209595 -0.162387 -0.150025 -0.192421
0.209502 -0.162568 -0.149821 -0.192549
0.209978 -0.16265 -0.149614 -0.19268
0.210085 -0.162903 -0.149507 -0.192737
0.210372 -0.162926 -0.149187 -0.192954
0.210671 -0.163344 -0.148872 -0.193141
0.210671 -0.163344 -0.148872 -0.193141
0.210978 -0.163359 -0.148527 -0.193382
0.211389 -0.163659 -0.148077 -0.193678
0.211389 -0.163659 -0.148077 -0.193678
0.211466 -0.164032 -0.147616 -0.193988
0.211808 -0.163971 -0.147616 -0.193988
0.212255 -0.164218 -0.147146 -0.194309
0.212236 -0.164298 -0.147146 -0.194309
0.212673 -0.164636 -0.147052 -0.194363
0.212673 -0.164636 -0.146664 -0.194648
0.212768 -0.164969 -0.146569 -0.194704
0.213141 -0.164899 -0.146172 -0.194997
0.213346 -0.165167 -0.145922 -0.195173
0.213829 -0.165444 -0.145414 -0.195542
0.213807 -0.16554 -0.145414 -0.195542
0.214273 -0.165922 -0.144901 -0.195921
0.214273 -0.165922 -0.144901 -0.195921
0.215282 -0.16646 -0.143861 -0.196707
0.215224 -0.166713 -0.143861 -0.196707
0.215699 -0.167105 -0.143203 -0.196726
0.215699 -0.167105 -0.143347 -0.197099
0.216407 -0.167698 -0.142584 -0.197695
0.216407 -0.167698 -0.142584 -0.197695
0.216407 -0.167698 -0.142584 -0.197695
0.216407 -0.167698 -0.142584 -0.197695
0.217336 -0.168464 -0.142031 -0.198535
0.217336 -0.168464 -0.142031 -0.198535
0.217336 -0.168464 -0.142031 -0.198535
0.217567 -0.168656 -0.14135 -0.198657
0.218029 -0.169037 -0.140737 -0.198719
0.218029 -0.169037 -0.140863 -0.199045
0.218205 -0.169307 -0.140685 -0.19919
0.218742 -0.169626 -0.140111 -0.199636
0.218742 -0.169626 -0.140111 -0.199636
0.218984 -0.169826 -0.140185 -0.199583
0.218984 -0.169826 -0.140185 -0.199583
0.219762 -0.170225 -0.139078 -0.200435
0.219762 -0.170225 -0.139078 -0.200435
0.220054 -0.170221 -0.138689 -0.2003
0.220151 -0.170923 -0.138631 -0.20079
0.220106 -0.171137 -0.138772 -0.201156
0.220727 -0.171263 -0.138013 -0.201273
0.220871 -0.171788 -0.137966 -0.201805
0.221251 -0.171699 -0.137458 -0.201707
0.221443 -0.172015 -0.137263 -0.201866
0.221443 -0.172015 -0.137263 -0.201866
0.222875 -0.173039 -0.135593 -0.202656
0.223645 -0.173749 -0.134937 -0.203659
0.223956 -0.173903 -0.134478 -0.203565
0.224189 -0.174149 -0.13437 -0.204085
0.224483 -0.174315 -0.133937 -0.203995
0.224985 -0.174723 -0.133543 -0.204705
0.225252 -0.174899 -0.133268 -0.204903
0.225504 -0.175084 -0.133278 -0.204896
0.225504 -0.175084 -0.133009 -0.205095
0.226059 -0.1752 -0.13239 -0.205197
0.226059 -0.1752 -0.13239 -0.205197
0.226763 -0.175994 -0.131723 -0.20602
0.226752 -0.17601 -0.131736 -0.206011
0.227805 -0.176444 -0.130612 -0.206453
0.22776 -0.176682 -0.130705 -0.206699
0.228005 -0.176847 -0.130359 -0.206616
0.228005 -0.176847 -0.130455 -0.206869
0.22824 -0.177027 -0.130314 -0.207289
0.228499 -0.177184 -0.129951 -0.207208
0.228998 -0.177519 -0.129339 -0.207275
0.228998 -0.177518 -0.12944 -0.207542
0.229223 -0.177716 -0.129319 -0.207976
0.229504 -0.177857 -0.128918 -0.207884
0.23002 -0.178205 -0.128271 -0.20793
0.23002 -0.178204 -0.128384 -0.20823
0.23024 -0.17843 -0.128162 -0.208372
0.230545 -0.17856 -0.127839 -0.208583
0.23081 -0.178739 -0.127564 -0.20876
0.231348 -0.179109 -0.127003 -0.209127
0.231348 -0.179109 -0.127003 -0.209127
0.231572 -0.179356 -0.126904 -0.209615
0.232402 -0.179927 -0.12591 -0.209852
0.232723 -0.18006 -0.125571 -0.210071
0.232998 -0.180248 -0.125285 -0.210258
0.233214 -0.18052 -0.124747 -0.210625
0.233823 -0.180817 -0.124433 -0.21083
0.233823 -0.180817 -0.124433 -0.21083
0.234368 -0.181197 -0.123873 -0.211212
0.234368 -0.181197 -0.123873 -0.211212
0.234623 -0.181411 -0.123614 -0.21139
0.234915 -0.181584 -0.123312 -0.2116
0.235175 -0.181793 -0.123048 -0.21178
0.235466 -0.181974 -0.122749 -0.211985
0.235743 -0.182168 -0.122467 -0.212182
0.236011 -0.182384 -0.122195 -0.212378
0.236011 -0.182384 -0.121896 -0.212584
0.236574 -0.182784 -0.12162 -0.212781
0.236865 -0.182979 -0.121323 -0.212992
0.237148 -0.183185 -0.121035 -0.213199
0.237721 -0.183614 -0.120869 -0.21373
0.237721 -0.183614 -0.120454 -0.213623
0.239447 -0.184893 -0.118715 -0.214904
0.239479 -0.184854 -0.118781 -0.215201
0.239995 -0.1853 -0.118161 -0.215315
0.240038 -0.185245 -0.118211 -0.21561
0.241115 -0.185741 -0.117 -0.215876
0.241056 -0.186095 -0.11709 -0.216118
0.241114 -0.18602 -0.117023 -0.216156
0.241309 -0.186284 -0.11683 -0.21631
0.241372 -0.186476 -0.116417 -0.216312
0.24168 -0.186315 -0.11643 -0.216577
0.242617 -0.187239 -0.115539 -0.21727
0.242617 -0.187239 -0.115539 -0.21727
0.242617 -0.187516 -0.11547 -0.217308
0.242881 -0.187426 -0.115282 -0.217458
0.243198 -0.187546 -0.114962 -0.217684
0.243198 -0.187546 -0.114962 -0.217684
0.243678 -0.188011 -0.114502 -0.218047
0.244218 -0.188415 -0.11397 -0.218448
0.244218 -0.188415 -0.11397 -0.218448
0.244532 -0.188564 -0.113654 -0.218677
0.244532 -0.188564 -0.113654 -0.218677
0.245037 -0.189037 -0.113162 -0.219067
0.245353 -0.189197 -0.112844 -0.219302
0.245353 -0.189197 -0.112844 -0.219302
0.245266 -0.189892 -0.112466 -0.219229
0.246424 -0.19012 -0.111795 -0.220139
0.246424 -0.19012 -0.111795 -0.220139
0.246749 -0.190284 -0.111575 -0.220689
0.246985 -0.19057 -0.111242 -0.220592
0.247551 -0.191035 -0.110576 -0.220749
0.247552 -0.191034 -0.110685 -0.22105
0.24789 -0.191196 -0.110454 -0.221618
0.248193 -0.191088 -0.110124 -0.22152
0.250157 -0.192724 -0.108818 -0.222897
0.250249 -0.192607 -0.108906 -0.223481
0.250249 -0.192607 -0.108906 -0.223481
0.250742 -0.193829 -0.107407 -0.223862
0.250843 -0.1937 -0.10729 -0.22392
0.250768 -0.194126 -0.107376 -0.224154
0.251565 -0.194362 -0.106307 -0.224525
0.252022 -0.195238 -0.106006 -0.225032
0.252022 -0.195238 -0.10589 -0.225187
0.252491 -0.195367 -0.105644 -0.2254
0.252812 -0.195142 -0.105398 -0.22562
0.252967 -0.195794 -0.105155 -0.225831
0.25345 -0.196221 -0.10467 -0.226258
0.25345 -0.196221 -0.10467 -0.226258
0.25381 -0.19628 -0.104115 -0.226476
0.25403 -0.196198 -0.104189 -0.226682
0.254323 -0.196708 -0.103633 -0.226901
0.254461 -0.197079 -0.103708 -0.227112
0.254717 -0.19729 -0.103469 -0.227324
0.254836 -0.197137 -0.103331 -0.227389
0.25523 -0.197727 -0.102989 -0.227759
0.255829 -0.197711 -0.102507 -0.228202
0.255745 -0.19817 -0.102506 -0.228201
0.256128 -0.198232 -0.102121 -0.22849
0.256263 -0.198626 -0.102199 -0.228709
0.256522 -0.198851 -0.101782 -0.228878
0.256916 -0.198917 -0.101218 -0.229125
0.256916 -0.198916 -0.101295 -0.229342
0.257445 -0.199373 -0.100731 -0.229595
0.257569 -0.199797 -0.100809 -0.229815
0.257979 -0.199847 -0.100396 -0.23013
0.258099 -0.200284 -0.10024 -0.230078
0.258365 -0.200528 -0.100074 -0.230548
0.258791 -0.200581 -0.0995032 -0.230833
0.258901 -0.201034 -0.0995807 -0.231053
0.259442 -0.201556 -0.099217 -0.231613
0.259442 -0.201556 -0.0990863 -0.231569
0.259714 -0.201815 -0.0988386 -0.231831
0.261904 -0.203662 -0.0966575 -0.234054
0.261904 -0.203662 -0.0966575 -0.234054
0.262153 -0.204172 -0.0961956 -0.234559
0.262049 -0.204672 -0.0962557 -0.234731
0.262246 -0.205155 -0.0957379 -0.235193
0.262246 -0.205155 -0.0957379 -0.235193
0.262447 -0.205662 -0.0953416 -0.235692
0.262447 -0.205662 -0.0953416 -0.235692
0.262667 -0.205879 -0.0950565 -0.235909
0.263056 -0.206356 -0.0946052 -0.236381
0.263056 -0.206356 -0.0946052 -0.236381
0.263676 -0.206255 -0.0941562 -0.236853
0.263549 -0.20683 -0.0941562 -0.236853
0.264054 -0.207303 -0.0937104 -0.237326
0.264054 -0.207303 -0.0937104 -0.237326
0.264531 -0.207249 -0.0932201 -0.237661
0.264397 -0.207842 -0.0932675 -0.237799
0.265046 -0.207715 -0.0927772 -0.238144
0.264907 -0.20832 -0.0928268 -0.238276
0.265316 -0.208495 -0.0926073 -0.238516
0.265824 -0.208984 -0.0921683 -0.239003
0.265824 -0.208984 -0.0921683 -0.239003
0.266586 -0.209722 -0.0915131 -0.23974
0.266586 -0.209722 -0.0915131 -0.23974
0.266586 -0.209722 -0.0915131 -0.23974
0.267246 -0.209571 -0.0910786 -0.240236
0.267606 -0.210726 -0.0906443 -0.24074
0.267606 -0.210726 -0.0906443 -0.24074
0.267606 -0.210726 -0.0906443 -0.24074
0.269194 -0.211612 -0.0892139 -0.242153
0.269144 -0.212248 -0.0892427 -0.242239
0.269701 -0.21211 -0.0887826 -0.242669
0.269646 -0.212759 -0.0889231 -0.242796
0.269892 -0.213012 -0.088712 -0.243053
0.270544 -0.214172 -0.0874684 -0.243863
0.270544 -0.214172 -0.0874684 -0.243863
0.2708 -0.214398 -0.087281 -0.244186
0.2708 -0.214398 -0.087281 -0.244186
0.271468 -0.21481 -0.0872659 -0.244841
0.271701 -0.215062 -0.0870627 -0.245094
0.272026 -0.214655 -0.0866924 -0.245228
0.272629 -0.216067 -0.0862629 -0.24611
0.272629 -0.216067 -0.0862629 -0.24611
0.272629 -0.216067 -0.0862629 -0.24611
0.273614 -0.214833 -0.0851379 -0.246513
0.273301 -0.217069 -0.0854835 -0.247105
0.273629 -0.216658 -0.0851097 -0.247235
0.273629 -0.216658 -0.0851097 -0.247235
0.273629 -0.216658 -0.0851097 -0.247235
0.273901 -0.217819 -0.0848739 -0.247751
0.273901 -0.217819 -0.0849038 -0.247844
0.274506 -0.217628 -0.0842954 -0.248239
0.274381 -0.218351 -0.0845207 -0.248349
0.274622 -0.218606 -0.0843306 -0.248609
0.275107 -0.21914 -0.0839517 -0.249143
0.275107 -0.21914 -0.0839517 -0.249143
0.275784 -0.218871 -0.0832695 -0.249585
0.275862 -0.218838 -0.0835795 -0.249709
0.276302 -0.219404 -0.0828565 -0.250125
0.276597 -0.220842 -0.0828181 -0.250848
0.276597 -0.220842 -0.0828181 -0.250848
0.277084 -0.220237 -0.0822644 -0.251035
0.27685 -0.221132 -0.0826406 -0.251187
0.277104 -0.221427 -0.0824389 -0.25145
0.277361 -0.221752 -0.0822496 -0.251755
0.277878 -0.222382 -0.0818708 -0.252383
0.277878 -0.22238 -0.0818708 -0.252383
0.278697 -0.221999 -0.0810458 -0.252916
0.278697 -0.221999 -0.081491 -0.253031
0.279248 -0.222629 -0.0806389 -0.253582
0.279248 -0.222629 -0.0811362 -0.253786
0.279199 -0.224025 -0.0809187 -0.254043
0.279741 -0.224728 -0.0805347 -0.25474
0.279741 -0.224728 -0.0805347 -0.25474
0.280709 -0.224264 -0.0796268 -0.255325
0.280288 -0.225436 -0.0796268 -0.255325
0.281209 -0.224989 -0.0792205 -0.25605
0.28084 -0.226161 -0.0797609 -0.256179
0.281779 -0.225702 -0.0788141 -0.256789
0.281396 -0.226899 -0.0793731 -0.256919
0.281674 -0.227264 -0.0791792 -0.257295
0.281955 -0.227648 -0.078986 -0.257671
0.281955 -0.227648 -0.078986 -0.257671
0.28277 -0.228766 -0.0765487 -0.258027
0.28277 -0.228766 -0.0765487 -0.258027
0.283869 -0.229338 -0.0767364 -0.260912
0.2833 -0.230318 -0.0772193 -0.26106
0.283947 -0.229963 -0.076801 -0.261793
0.283376 -0.231261 -0.076801 -0.261792
0.283323 -0.233204 -0.075972 -0.263227
0.283913 -0.232497 -0.0753053 -0.263426
0.283303 -0.233527 -0.0757669 -0.263576
0.283286 -0.233847 -0.0755605 -0.26392
0.283867 -0.233486 -0.0746847 -0.264449
0.283271 -0.234653 -0.0751515 -0.264578
0.283368 -0.234911 -0.074973 -0.264993
0.283833 -0.235858 -0.0738679 -0.265761
0.283833 -0.235858 -0.0738679 -0.265761
0.284468 -0.235098 -0.0731511 -0.265966
0.283983 -0.23616 -0.0741958 -0.26619
0.284292 -0.236786 -0.0738863 -0.266983
0.284962 -0.235989 -0.0730793 -0.267015
0.284473 -0.237077 -0.0736934 -0.267093
0.284953 -0.23769 -0.0727646 -0.267617
0.284953 -0.23769 -0.073475 -0.267681
0.285958 -0.237077 -0.073288 -0.268264
0.285958 -0.237077 -0.073288 -0.268264
0.28572 -0.238554 -0.0731814 -0.268557
0.287166 -0.23812 -0.0728014 -0.26943
0.287295 -0.238451 -0.0718841 -0.269684
0.287295 -0.238451 -0.0718841 -0.269684
0.287295 -0.238451 -0.0718841 -0.269684
0.288081 -0.239514 -0.071281 -0.270819
0.287402 -0.240871 -0.0720352 -0.27083
0.288444 -0.240113 -0.0709559 -0.271355
0.287869 -0.241363 -0.0717353 -0.271369
0.288116 -0.241621 -0.071587 -0.271644
0.288618 -0.242189 -0.0712944 -0.272189
0.288618 -0.242189 -0.0712944 -0.272189
0.289117 -0.242736 -0.0710092 -0.272733
0.289117 -0.242736 -0.0710092 -0.272733
0.290097 -0.243792 -0.0704439 -0.273847
0.290993 -0.242731 -0.0694342 -0.274114
0.290282 -0.244024 -0.070303 -0.274115
0.290545 -0.244433 -0.0700218 -0.274645
0.290545 -0.244433 -0.0700218 -0.274645
0.291751 -0.243628 -0.069845 -0.275623
0.29069 -0.24531 -0.0697415 -0.275163
0.291851 -0.244348 -0.0695713 -0.276162
0.291171 -0.245698 -0.0694678 -0.275696
0.291662 -0.246206 -0.0681534 -0.27574
0.291662 -0.246206 -0.0692021 -0.276225
0.292151 -0.246733 -0.0689473 -0.276754
0.292151 -0.246733 -0.0689473 -0.276754
0.292637 -0.247263 -0.0687033 -0.277286
0.292637 -0.247263 -0.0687033 -0.277286
0.293924 -0.246292 -0.068471 -0.277817
0.293116 -0.247776 -0.068471 -0.277817
0.293423 -0.248275 -0.0682555 -0.278337
0.293423 -0.248275 -0.0682555 -0.278337
0.293499 -0.248704 -0.0680573 -0.278841
0.293499 -0.248704 -0.0680573 -0.278841
0.293419 -0.249073 -0.067871 -0.279333
0.293419 -0.249073 -0.067871 -0.279333
0.293246 -0.249394 -0.0676927 -0.279812
0.293246 -0.249394 -0.0676927 -0.279812
0.293026 -0.249631 -0.0675209 -0.280278
0.292912 -0.249699 -0.0674376 -0.280506
0.292912 -0.249699 -0.0674376 -0.280506
0.292608 -0.249361 -0.0670046 -0.281626
0.293564 -0.248244 -0.065922 -0.28189
0.293564 -0.248244 -0.0670088 -0.282391
0.293625 -0.247834 -0.0668089 -0.282815
0.292804 -0.248709 -0.0667152 -0.282287
0.293877 -0.247363 -0.0655586 -0.282767
0.29312 -0.248218 -0.0654677 -0.282231
0.29425 -0.246805 -0.0653679 -0.283199
0.294246 -0.246796 -0.066449 -0.283697
0.294731 -0.246088 -0.0651883 -0.283627
0.294057 -0.246822 -0.0662018 -0.283572
0.295312 -0.245238 -0.0661811 -0.284584
0.294678 -0.245948 -0.0660818 -0.283991
0.2954 -0.244938 -0.0659699 -0.284411
0.2954 -0.244938 -0.0659699 -0.284411
0.2954 -0.244938 -0.0659699 -0.284411
0.297165 -0.242599 -0.0657916 -0.285253
0.298116 -0.241427 -0.0658495 -0.28606
0.298207 -0.241245 -0.0657153 -0.28567
0.299156 -0.240075 -0.065778 -0.286476
0.299344 -0.239796 -0.0656505 -0.286088
0.300888 -0.237865 -0.065693 -0.287105
0.300561 -0.238277 -0.065601 -0.286508
0.301852 -0.236652 -0.0655611 -0.286941
0.301852 -0.236652 -0.0655611 -0.286941
0.303202 -0.234994 -0.0655356 -0.287362
0.303202 -0.234994 -0.0655356 -0.287362
0.303892 -0.234137 -0.0655305 -0.287575
0.305302 -0.232343 -0.0655448 -0.288001
0.305302 -0.232343 -0.0655448 -0.288001
0.308455 -0.228175 -0.0643878 -0.288931
0.308455 -0.228175 -0.0643878 -0.288931
0.310754 -0.225093 -0.0644945 -0.289611
0.310754 -0.225093 -0.0644956 -0.289609
0.310754 -0.225093 -0.0644956 -0.289609
0.312338 -0.223112 -0.0644655 -0.289461
0.312338 -0.223112 -0.0657326 -0.290016
0.313064 -0.222084 -0.0657612 -0.290238
0.314952 -0.219614 -0.0659438 -0.29134
0.314882 -0.219789 -0.0658503 -0.290692
0.31673 -0.217251 -0.0646551 -0.291218
0.316732 -0.217254 -0.0645633 -0.290532
0.318272 -0.215041 -0.0648027 -0.291684
0.318332 -0.21501 -0.0661914 -0.291611
0.319219 -0.213658 -0.0662795 -0.291845
0.323015 -0.20801 -0.0666436 -0.292781
0.323017 -0.208007 -0.0666436 -0.292781
0.329033 -0.199514 -0.0670382 -0.294319
0.32934 -0.199332 -0.0670388 -0.294318
0.334074 -0.192768 -0.0672071 -0.295798
0.334074 -0.192768 -0.0672071 -0.295798
0.338243 -0.187489 -0.067272 -0.297294
0.338195 -0.18757 -0.0672411 -0.297086
0.339806 -0.185238 -0.0672511 -0.297732
0.340338 -0.184267 -0.0663936 -0.29793
0.34056 -0.184145 -0.0663918 -0.297933
0.341956 -0.181949 -0.0673705 -0.298985
0.341967 -0.18193 -0.0673279 -0.298707
0.343276 -0.179751 -0.0675192 -0.299354
0.343276 -0.179751 -0.0675192 -0.299354
0.345144 -0.176351 -0.0680705 -0.300286
0.345144 -0.176351 -0.0680705 -0.300286
0.345768 -0.175191 -0.0682767 -0.300595
0.345768 -0.175191 -0.0682767 -0.300595
0.346403 -0.174022 -0.0684248 -0.300904
0.347698 -0.171594 -0.0689131 -0.30147
0.347698 -0.171594 -0.0689131 -0.30147
0.349052 -0.169028 -0.0696797 -0.30203
0.349052 -0.169028 -0.0696797 -0.30203
0.349764 -0.167693 -0.068557 -0.3023
0.351267 -0.164922 -0.0711418 -0.303429
0.352061 -0.163472 -0.0698691 -0.303094
0.352063 -0.163474 -0.0715542 -0.303063
0.353746 -0.160471 -0.0726266 -0.303552
0.354621 -0.158919 -0.0731668 -0.303788
0.354628 -0.158905 -0.0731668 -0.303788
0.355257 -0.157517 -0.0736549 -0.304028
0.356815 -0.154427 -0.0728458 -0.303921
0.357421 -0.153041 -0.0734749 -0.304773
0.358424 -0.152171 -0.073348 -0.30414
0.360471 -0.14851 -0.0743873 -0.30453
0.360471 -0.14851 -0.0743873 -0.30453
0.36261 -0.144669 -0.0774846 -0.305501
0.36261 -0.144669 -0.0774846 -0.305501
0.364825 -0.140667 -0.0785481 -0.30587
0.364825 -0.140667 -0.0785481 -0.30587
0.367098 -0.136494 -0.0796425 -0.306228
0.367098 -0.136494 -0.0796425 -0.306228
0.369418 -0.132157 -0.0807518 -0.306566
0.369418 -0.132157 -0.0807518 -0.306566
0.37464 -0.121575 -0.0815814 -0.307543
0.375332 -0.120722 -0.083213 -0.307361
0.377664 -0.116065 -0.0837528 -0.307686
0.377664 -0.116065 -0.0837528 -0.307686
0.3788 -0.113726 -0.0824148 -0.307533
0.38093 -0.109268 -0.0829036 -0.308351
0.381011 -0.109 -0.0843883 -0.308139
0.383145 -0.104173 -0.0832176 -0.308098
0.383148 -0.104177 -0.0832122 -0.308103
0.385049 -0.0985437 -0.0827404 -0.309298
0.386261 -0.0967782 -0.0843722 -0.309076
0.386261 -0.0967782 -0.0843722 -0.309076
0.388273 -0.0917816 -0.086422 -0.309119
0.389252 -0.0892691 -0.0866116 -0.309261
0.389252 -0.0892691 -0.0866116 -0.309261
0.392101 -0.0814861 -0.0872893 -0.309631
0.392109 -0.0814935 -0.0872893 -0.309631
0.392466 -0.0797777 -0.0859236 -0.310024
0.392534 -0.0794669 -0.0876038 -0.309749
0.394892 -0.0733809 -0.0881838 -0.309994
0.395224 -0.0716296 -0.0867903 -0.3104
0.395809 -0.0705746 -0.0867828 -0.310406
0.397574 -0.0651732 -0.087241 -0.310069
0.397635 -0.0647807 -0.0893212 -0.310286
0.399451 -0.0587565 -0.0902886 -0.310473
0.399451 -0.0587565 -0.0902886 -0.310473
0.401762 -0.0484198 -0.0921717 -0.311764
0.402402 -0.0470851 -0.0921675 -0.311767
0.402402 -0.0470851 -0.0921675 -0.311767
0.407868 -0.0268746 -0.0933185 -0.311499
0.409915 -0.0176246 -0.094173 -0.312181
0.409915 -0.0176246 -0.0940627 -0.311923
0.40998 -0.0156472 -0.0928461 -0.312294
0.410515 -0.0146532 -0.0943087 -0.312081
0.411072 -0.011738 -0.0946449 -0.312448
0.41205 -0.00595058 -0.0951784 -0.312758
0.412051 -0.00595069 -0.0950592 -0.31254
0.412914 -0.000620442 -0.0956787 -0.313081
0.412914 -0.000620442 -0.0956787 -0.313081
0.413251 0.00593147 -0.0948812 -0.313612
0.413251 0.00593147 -0.0948812 -0.313612
0.413251 0.00593147 -0.0948812 -0.313612
0.413972 0.00841723 -0.0963927 -0.313414
0.415396 0.0218878 -0.0977875 -0.314415
0.415651 0.023545 -0.0977901 -0.314414
0.415564 0.0250412 -0.0980699 -0.314608
0.415808 0.0273775 -0.0968856 -0.314922
0.416133 0.0334739 -0.0934596 -0.315942
0.416133 0.0334739 -0.0934596 -0.315942
0.416133 0.0334739 -0.0934596 -0.315942
0.416313 0.0350502 -0.0992225 -0.315509
0.417235 0.0375763 -0.0991726 -0.315526
0.417235 0.0375763 -0.0991726 -0.315526
0.416834 0.0477091 -0.10039 -0.316435
0.416834 0.0477091 -0.10039 -0.316435
0.416408 0.0511047 -0.0995877 -0.317001
0.416418 0.0510988 -0.0995877 -0.317001
0.416418 0.0510988 -0.0995877 -0.317001
0.416085 0.0621425 -0.0983645 -0.318423
0.416085 0.0621425 -0.0983645 -0.318423
0.416085 0.0621425 -0.0983645 -0.318423
0.415477 0.0862029 -0.106003 -0.319221
0.415477 0.0862029 -0.106003 -0.319221
0.414572 0.0978459 -0.107485 -0.320272
0.414221 0.0992693 -0.106398 -0.320639
0.414257 0.100651 -0.107866 -0.320493
0.414257 0.100651 -0.107866 -0.320493
0.413489 0.106341 -0.10714 -0.321129
0.413489 0.106341 -0.10714 -0.321129
0.412227 0.113661 -0.108362 -0.321905
0.412167 0.115163 -0.110011 -0.32176
0.412167 0.115163 -0.110011 -0.32176
0.411157 0.121206 -0.110971 -0.322275
0.41071 0.122707 -0.109786 -0.322688
0.410597 0.124291 -0.111472 -0.32253
0.409686 0.130007 -0.110987 -0.323489
0.409414 0.130571 -0.112472 -0.323044
0.407976 0.135867 -0.112043 -0.32403
0.40808 0.137018 -0.113548 -0.323557
0.406629 0.143576 -0.114646 -0.324079
0.406629 0.143576 -0.114646 -0.324079
0.405041 0.150223 -0.115699 -0.324612
0.405041 0.150223 -0.115699 -0.324612
0.403318 0.156932 -0.116688 -0.325163
0.403318 0.156932 -0.116688 -0.325163
0.40272 0.158463 -0.115439 -0.325617
0.401461 0.163678 -0.117693 -0.32574
0.399441 0.17048 -0.118732 -0.32633
0.399441 0.17048 -0.118732 -0.32633
0.397312 0.177261 -0.119801 -0.326951
0.395048 0.183999 -0.120902 -0.327604
0.394352 0.185483 -0.119659 -0.328069
0.393956 0.186026 -0.119659 -0.328069
0.393891 0.187323 -0.121464 -0.327945
0.391987 0.192086 -0.120786 -0.328778
0.391987 0.192086 -0.120786 -0.328778
0.389358 0.199795 -0.121961 -0.329528
0.38893 0.200326 -0.12381 -0.329444
0.386856 0.204953 -0.124411 -0.329757
0.386856 0.204953 -0.124411 -0.329757
0.386092 0.206385 -0.123178 -0.330229
0.383656 0.211763 -0.126298 -0.331147
0.381446 0.216259 -0.125731 -0.332084
0.38096 0.216797 -0.125731 -0.332084
0.37841 0.223441 -0.12705 -0.333054
0.377727 0.225095 -0.127901 -0.33362
0.375455 0.229351 -0.128432 -0.334083
0.374729 0.230985 -0.130279 -0.334172
0.372409 0.23514 -0.129832 -0.335181
0.371656 0.236748 -0.131668 -0.335314
0.369093 0.241859 -0.131263 -0.336351
0.369093 0.241859 -0.1321 -0.335895
0.36619 0.246276 -0.132731 -0.337592
0.36619 0.246276 -0.132731 -0.337592
0.363806 0.250482 -0.135281 -0.338479
0.361439 0.254199 -0.134993 -0.339589
0.360622 0.255679 -0.136779 -0.33987
0.356642 0.262083 -0.140062 -0.341663
0.355888 0.263103 -0.139075 -0.342072
0.355888 0.263103 -0.139075 -0.342072
0.345571 0.278206 -0.144604 -0.347733
0.345571 0.278206 -0.144604 -0.347733
0.343288 0.281597 -0.144839 -0.348766
0.342879 0.281871 -0.146209 -0.349454
0.34024 0.285282 -0.147829 -0.351226
0.34024 0.285282 -0.147829 -0.351226
0.338932 0.286911 -0.148643 -0.352124
0.336388 0.290032 -0.150276 -0.353934
0.335778 0.290738 -0.149525 -0.354255
0.33511 0.291541 -0.151095 -0.354856
0.33326 0.293672 -0.152743 -0.356736
0.332536 0.294478 -0.152743 -0.356736
0.33198 0.295105 -0.152065 -0.357028
0.32872 0.29873 -0.153773 -0.358909
0.327515 0.300109 -0.154631 -0.359852
0.327515 0.300109 -0.156074 -0.360537
0.325108 0.302788 -0.156344 -0.361742
0.325108 0.302788 -0.156344 -0.361742
0.323452 0.304543 -0.159651 -0.364289
0.323453 0.304543 -0.159433 -0.364438
0.320142 0.307882 -0.161129 -0.366446
0.320142 0.307882 -0.161129 -0.366446
0.31776 0.310302 -0.161202 -0.367893
0.31776 0.310302 -0.162835 -0.368474
0.316305 0.311767 -0.164999 -0.370219
0.315445 0.312605 -0.164553 -0.370532
0.313156 0.314785 -0.166281 -0.372623
0.313156 0.314785 -0.166281 -0.372623
0.312038 0.315831 -0.167149 -0.37368
0.312038 0.315831 -0.167149 -0.37368
0.310783 0.317009 -0.169591 -0.375387
0.305077 0.322179 -0.171563 -0.38085
0.305077 0.322179 -0.171563 -0.38085
0.303489 0.323671 -0.175001 -0.383578
0.303281 0.324059 -0.175946 -0.384689
0.302789 0.324254 -0.175949 -0.384689
0.302069 0.324848 -0.176829 -0.3858
0.300637 0.325918 -0.178593 -0.388077
0.300099 0.326124 -0.178592 -0.388073
0.300099 0.326124 -0.179475 -0.389216
0.299396 0.326798 -0.178416 -0.391731
0.298042 0.327725 -0.182126 -0.392617
0.298042 0.327725 -0.182126 -0.392617
0.296882 0.328464 -0.183898 -0.394884
0.296882 0.328464 -0.183898 -0.394884
0.296509 0.328651 -0.183752 -0.396863
0.295797 0.329071 -0.185681 -0.397275
0.294664 0.329544 -0.187483 -0.399702
0.294664 0.329544 -0.187483 -0.399702
0.294443 0.329484 -0.188754 -0.40073
0.294443 0.329484 -0.187279 -0.401782
0.293552 0.329745 -0.190681 -0.403191
0.292728 0.330189 -0.191143 -0.404723
0.292339 0.330275 -0.192071 -0.406007
0.292782 0.329879 -0.194765 -0.406093
0.291649 0.330327 -0.193945 -0.408687
0.291134 0.330221 -0.195596 -0.40974
0.291117 0.330224 -0.195844 -0.411461
0.291576 0.329566 -0.19544 -0.413991
0.291559 0.32957 -0.197756 -0.414346
0.290524 0.329279 -0.200684 -0.418801
0.290524 0.329279 -0.200684 -0.418801
0.29129 0.328612 -0.201659 -0.418322
0.29129 0.328612 -0.199269 -0.419979
0.291603 0.327742 -0.203711 -0.421291
0.291603 0.327742 -0.201107 -0.423085
0.290895 0.32785 -0.204626 -0.425004
0.291222 0.32686 -0.206627 -0.428286
0.291222 0.32686 -0.206627 -0.428286
0.292807 0.324386 -0.216984 -0.428366
0.2927 0.324571 -0.210651 -0.434815
0.294198 0.323058 -0.212652 -0.438265
0.293626 0.323223 -0.212658 -0.438264
0.294602 0.32167 -0.215182 -0.439198
0.294562 0.321739 -0.214672 -0.441698
0.295572 0.320179 -0.216691 -0.445158
0.295586 0.320175 -0.216691 -0.445158
0.29668 0.318542 -0.215641 -0.448439
0.29668 0.318542 -0.218713 -0.448597
0.297252 0.317703 -0.219724 -0.450336
0.300196 0.314756 -0.223492 -0.4529
0.299079 0.315082 -0.2226 -0.455428
0.300256 0.314027 -0.2233 -0.456964
0.29973 0.31418 -0.223304 -0.456963
0.300877 0.312246 -0.224575 -0.460043
0.300901 0.312239 -0.224575 -0.460043
0.302075 0.310182 -0.225588 -0.462996
0.303269 0.309028 -0.227377 -0.462104
0.302693 0.309124 -0.225997 -0.4644
0.304507 0.306882 -0.226709 -0.467151
0.305154 0.304609 -0.227144 -0.469638
0.305154 0.304609 -0.227144 -0.469638
0.305154 0.304609 -0.227144 -0.469638
0.307043 0.301334 -0.226015 -0.472562
0.307195 0.301043 -0.227209 -0.472555
0.308288 0.299933 -0.228945 -0.471701
0.307843 0.299806 -0.227038 -0.473375
0.308452 0.298535 -0.22686 -0.474212
0.308786 0.297628 -0.225284 -0.475235
0.310716 0.294712 -0.228468 -0.475349
0.310716 0.294712 -0.228468 -0.475349
0.311199 0.292215 -0.224838 -0.478964
0.311199 0.292215 -0.224838 -0.478964
0.311199 0.292215 -0.224838 -0.478964
0.312639 0.288954 -0.224956 -0.480661
0.314296 0.286311 -0.22642 -0.480706
0.314563 0.285743 -0.227414 -0.480706
0.315479 0.283333 -0.226501 -0.48236
0.314755 0.283571 -0.223246 -0.484054
0.315659 0.281479 -0.222755 -0.484841
0.316624 0.278997 -0.220943 -0.486339
0.316895 0.278387 -0.221693 -0.486348
0.317529 0.27683 -0.221121 -0.487027
0.319034 0.272756 -0.222373 -0.487515
0.31933 0.272061 -0.219411 -0.48895
0.31933 0.272061 -0.219411 -0.48895
0.32066 0.268906 -0.220554 -0.48872
0.321002 0.268012 -0.220247 -0.489219
0.321284 0.267332 -0.217719 -0.490405
0.322816 0.264618 -0.219003 -0.490098
0.323769 0.261352 -0.218098 -0.491189
0.323339 0.260843 -0.215803 -0.492432
0.323339 0.260843 -0.215803 -0.492432
0.324798 0.258091 -0.216828 -0.491946
0.324367 0.257569 -0.214309 -0.49304
0.325286 0.2542 -0.212616 -0.493715
0.325286 0.254201 -0.212625 -0.49371
0.326674 0.251313 -0.213539 -0.493262
0.325903 0.251615 -0.213546 -0.493259
0.326205 0.25076 -0.210783 -0.494416
0.326506 0.248987 -0.20882 -0.495132
0.32662 0.248107 -0.207796 -0.495491
0.327938 0.245201 -0.205684 -0.496188
0.327938 0.245201 -0.205684 -0.496188
0.328814 0.244034 -0.204794 -0.496466
0.328814 0.244034 -0.204794 -0.496466
0.332759 0.22913 -0.200539 -0.497583
0.332759 0.22913 -0.200539 -0.497583
0.333255 0.225962 -0.199504 -0.497713
0.333255 0.225962 -0.199504 -0.497713
0.334866 0.223072 -0.204209 -0.495759
0.33435 0.223311 -0.204209 -0.495759
0.334796 0.22162 -0.200403 -0.497116
0.335355 0.219114 -0.200136 -0.497111
0.336533 0.21357 -0.198736 -0.496781
0.336175 0.212997 -0.196945 -0.497284
0.337292 0.209505 -0.196574 -0.497062
0.337941 0.208465 -0.198126 -0.496432
0.336881 0.208224 -0.195978 -0.496877
0.337163 0.205907 -0.197183 -0.49609
0.337519 0.203404 -0.194676 -0.496391
0.338167 0.202334 -0.196269 -0.495749
0.337532 0.202663 -0.194139 -0.496211
0.338563 0.199035 -0.195195 -0.495384
0.338068 0.198436 -0.193459 -0.495919
0.338855 0.195629 -0.193888 -0.49496
0.338316 0.194986 -0.191495 -0.495388
0.338447 0.19322 -0.190698 -0.495168
0.338391 0.192486 -0.189859 -0.494949
0.338693 0.1896 -0.188996 -0.49471
0.338945 0.185881 -0.187805 -0.494331
0.338945 0.185881 -0.187074 -0.494174
0.339858 0.181701 -0.187745 -0.493247
0.339205 0.182079 -0.187746 -0.493247
0.339321 0.180152 -0.183926 -0.493262
0.339381 0.177422 -0.181655 -0.492571
0.339507 0.17623 -0.181655 -0.492571
0.340327 0.17187 -0.180185 -0.492078
0.339693 0.172258 -0.179348 -0.491858
0.339708 0.169509 -0.176983 -0.491064
0.339811 0.168241 -0.176983 -0.491064
0.340511 0.163794 -0.175544 -0.490417
0.340511 0.163794 -0.175544 -0.490417
0.340464 0.161027 -0.174994 -0.489042
0.339957 0.160139 -0.172125 -0.489143
0.339989 0.158117 -0.170916 -0.488613
0.33993 0.154064 -0.168438 -0.487452
0.33993 0.154064 -0.168438 -0.487452
0.339819 0.150023 -0.167072 -0.486637
0.339823 0.15002 -0.166018 -0.486269
0.339563 0.142 -0.161289 -0.483639
0.339568 0.14004 -0.160226 -0.483002
0.339568 0.14004 -0.160226 -0.483002
0.339631 0.136227 -0.15929 -0.482104
0.340069 0.13514 -0.159866 -0.481176
0.339577 0.134365 -0.158795 -0.48075
0.339892 0.131449 -0.158017 -0.479692
0.339279 0.130696 -0.155557 -0.479402
0.33949 0.127807 -0.157285 -0.47857
0.33949 0.127807 -0.157285 -0.47857
0.338368 0.121641 -0.153303 -0.476366
0.338228 0.119875 -0.154804 -0.475868
0.338228 0.119875 -0.150618 -0.474649
0.338228 0.119875 -0.150618 -0.474649
0.337832 0.116396 -0.149129 -0.472889
0.337832 0.116396 -0.149129 -0.472889
0.33713 0.112919 -0.148726 -0.471546
0.33713 0.112919 -0.148726 -0.471546
0.336325 0.109379 -0.148117 -0.469443
0.336325 0.109379 -0.148117 -0.469443
0.335493 0.105754 -0.146256 -0.467358
0.335493 0.105754 -0.143802 -0.466795
0.334701 0.102065 -0.141827 -0.464637
0.335028 0.100997 -0.143328 -0.464163
0.334313 0.100207 -0.140812 -0.46352
0.333454 0.0964786 -0.141282 -0.461911
0.333454 0.0964786 -0.138708 -0.461166
0.333306 0.0935323 -0.13657 -0.458782
0.332507 0.0927258 -0.13657 -0.458782
0.331531 0.0889547 -0.135596 -0.456225
0.331302 0.0836446 -0.133716 -0.453295
0.330411 0.0822345 -0.132681 -0.452076
0.329767 0.0814464 -0.130239 -0.451362
0.330025 0.0803879 -0.129368 -0.450268
0.328734 0.0788645 -0.129368 -0.450268
0.328788 0.0750286 -0.130105 -0.447304
0.328125 0.0743111 -0.126876 -0.446539
0.327903 0.0715722 -0.126248 -0.443925
0.327144 0.0709033 -0.125364 -0.443938
0.326028 0.0675714 -0.123864 -0.441202
0.326028 0.0675714 -0.12386 -0.441207
0.325668 0.0649039 -0.124503 -0.439444
0.325668 0.0649039 -0.124503 -0.439444
0.324073 0.0604682 -0.122065 -0.436624
0.323653 0.0609734 -0.120891 -0.435636
0.323046 0.0593312 -0.12135 -0.435234
0.322577 0.0566993 -0.122055 -0.433432
0.321765 0.0560624 -0.118666 -0.431223
0.319884 0.0511756 -0.116547 -0.426854
0.319884 0.0511756 -0.116547 -0.426854
0.319884 0.0511756 -0.116547 -0.426854
0.319724 0.0490151 -0.120566 -0.425695
0.319724 0.0490151 -0.120566 -0.425695
0.319724 0.0490151 -0.120566 -0.425695
0.317769 0.0448179 -0.115111 -0.422286
0.314596 0.0371548 -0.11332 -0.414559
0.314596 0.0371548 -0.11332 -0.414559
0.311968 0.0253206 -0.112763 -0.405807
0.311968 0.0253206 -0.112763 -0.405807
0.309577 0.0241653 -0.111893 -0.402966
0.309577 0.0241653 -0.111893 -0.402966
0.309184 0.0217055 -0.112676 -0.398626
0.309184 0.0217055 -0.112676 -0.398626
0.305982 0.0133503 -0.114932 -0.39343
0.306021 0.0125121 -0.116018 -0.393098
0.305609 0.0123658 -0.115388 -0.39243
0.304684 0.0104203 -0.116126 -0.390041
0.304684 0.0104203 -0.116126 -0.390041
0.303767 0.00800088 -0.116667 -0.387404
0.303521 0.00846421 -0.116553 -0.387395
0.30267 0.00704943 -0.117523 -0.385664
0.302229 0.00639325 -0.116693 -0.384641
0.301327 0.00489619 -0.11691 -0.381706
0.300837 0.0041851 -0.11691 -0.381706
0.300122 0.00214788 -0.117528 -0.379753
0.300123 0.00214657 -0.117145 -0.379722
0.298575 0.000652495 -0.115869 -0.376754
0.297163 -0.00226368 -0.11515 -0.373256
0.296947 -0.00181325 -0.11515 -0.373256
0.295303 -0.00435726 -0.116232 -0.37238
0.295303 -0.00435726 -0.115281 -0.37108
0.293604 -0.00692519 -0.11505 -0.367605
0.293602 -0.00692321 -0.113463 -0.366165
0.292704 -0.00910802 -0.112574 -0.36248
0.292704 -0.00910802 -0.112574 -0.36248
0.290852 -0.0116444 -0.113253 -0.360252
0.289933 -0.0120182 -0.11168 -0.358663
0.288993 -0.0132919 -0.111232 -0.356742
0.287073 -0.0158153 -0.111885 -0.354405
0.287073 -0.0158153 -0.111885 -0.354405
0.282525 -0.0220102 -0.108572 -0.343619
0.282525 -0.0220102 -0.108572 -0.343619
0.280936 -0.0243914 -0.108235 -0.340455
0.280936 -0.0243914 -0.108235 -0.340455
0.279361 -0.0266122 -0.108116 -0.337281
0.279361 -0.0266122 -0.108116 -0.337281
0.277744 -0.0286779 -0.108123 -0.333977
0.277744 -0.0286779 -0.108123 -0.333977
0.276701 -0.0300631 -0.10819 -0.330627
0.27609 -0.0306469 -0.108187 -0.330633
0.274399 -0.0325619 -0.108266 -0.327242
0.274399 -0.0325619 -0.108266 -0.327242
0.272677 -0.0344505 -0.108345 -0.323792
0.272677 -0.0344505 -0.108345 -0.323792
0.271804 -0.0353888 -0.108382 -0.322045
0.271804 -0.0353888 -0.108382 -0.322045
0.269053 -0.0381513 -0.108435 -0.316541
0.268936 -0.038948 -0.108757 -0.314771
0.268131 -0.0390805 -0.10844 -0.31471
0.266272 -0.0409369 -0.109073 -0.3125
0.266272 -0.0409366 -0.108445 -0.311026
0.264408 -0.0427857 -0.10846 -0.307338
0.263573 -0.0441159 -0.109391 -0.306994
0.263484 -0.0437085 -0.108478 -0.305515
0.262425 -0.0454061 -0.109427 -0.303351
0.262335 -0.0449732 -0.108878 -0.301945
0.260451 -0.0467791 -0.10865 -0.298228
0.259741 -0.0472953 -0.10865 -0.298228
0.257963 -0.0494419 -0.109315 -0.295995
0.257893 -0.0490517 -0.109315 -0.295995
0.254935 -0.0523453 -0.10998 -0.288777
0.254196 -0.0524344 -0.109228 -0.287379
0.254196 -0.0524344 -0.109228 -0.287379
0.254196 -0.0524344 -0.109228 -0.287379
0.253347 -0.0533017 -0.109378 -0.285735
0.249864 -0.0568439 -0.110749 -0.280087
0.248995 -0.0573005 -0.110324 -0.277227
0.248995 -0.0573005 -0.110324 -0.277227
0.2482 -0.0581224 -0.110895 -0.276805
0.247401 -0.0589007 -0.110845 -0.2742
0.246615 -0.05998 -0.111495 -0.273814
0.245771 -0.0603734 -0.111429 -0.270966
0.244736 -0.0614629 -0.112024 -0.267711
0.244142 -0.0617926 -0.112024 -0.267711
0.243157 -0.0632229 -0.113124 -0.265782
0.243157 -0.0632229 -0.113124 -0.265782
0.234664 -0.0719703 -0.117748 -0.250408
0.234664 -0.0719703 -0.117748 -0.250408
0.234664 -0.0719703 -0.117748 -0.250408
0.232169 -0.07574 -0.121294 -0.245602
0.231942 -0.0764122 -0.122042 -0.245232
0.231366 -0.0769278 -0.122511 -0.243819
0.231145 -0.0774062 -0.123247 -0.243456
0.230259 -0.0785021 -0.124392 -0.241536
0.230009 -0.0786196 -0.124234 -0.240889
0.228988 -0.079985 -0.125308 -0.238752
0.228988 -0.079985 -0.12529 -0.238747
0.22822 -0.0809925 -0.126493 -0.23725
0.22822 -0.0809925 -0.126452 -0.237241
0.227314 -0.0814771 -0.126723 -0.23529
0.225209 -0.0839096 -0.128702 -0.231199
0.225219 -0.083724 -0.128705 -0.231191
0.224227 -0.084495 -0.128814 -0.22927
0.223609 -0.0851236 -0.129221 -0.22812
0.222996 -0.0857519 -0.129633 -0.226987
0.222358 -0.086537 -0.13015 -0.225848
0.221752 -0.0869743 -0.130465 -0.224675
0.220495 -0.0881688 -0.131297 -0.222339
0.220495 -0.0881688 -0.131297 -0.22234
0.219246 -0.0893598 -0.132127 -0.220042
0.219246 -0.0893598 -0.132127 -0.220042
0.218002 -0.0905394 -0.132958 -0.217766
0.218002 -0.0905394 -0.132958 -0.217766
0.217108 -0.0917692 -0.13403 -0.216223
0.216761 -0.0916981 -0.133943 -0.216205
0.215862 -0.092911 -0.134861 -0.213976
0.215885 -0.0927404 -0.134861 -0.213976
0.214277 -0.0941342 -0.135475 -0.211073
0.214277 -0.0941342 -0.135475 -0.211073
0.213699 -0.0945483 -0.135983 -0.210018
0.212814 -0.0957454 -0.136959 -0.208505
0.212483 -0.0958259 -0.136757 -0.207848
0.211626 -0.0968657 -0.137812 -0.206356
0.211337 -0.0968021 -0.137617 -0.205739
0.210765 -0.0973669 -0.138051 -0.204724
0.20963 -0.0986164 -0.139036 -0.203277
0.20963 -0.0986164 -0.139036 -0.203277
0.208061 -0.100216 -0.140295 -0.200024
0.208061 -0.100216 -0.140295 -0.200024
0.208061 -0.100216 -0.140295 -0.200024
0.206561 -0.101916 -0.141721 -0.197488
0.206561 -0.101916 -0.141721 -0.197488
0.206561 -0.101916 -0.141721 -0.197488
0.206079 -0.102481 -0.142284 -0.197037
0.205149 -0.103621 -0.143196 -0.195131
0.205149 -0.103621 -0.143196 -0.195131
0.204263 -0.10477 -0.144206 -0.193692
0.204263 -0.10477 -0.144206 -0.193692
0.203417 -0.105922 -0.145241 -0.192344
0.203417 -0.105922 -0.145241 -0.192344
0.202692 -0.107062 -0.146313 -0.191073
0.202607 -0.107075 -0.1463 -0.191071
0.202217 -0.107656 -0.146838 -0.190469
0.200451 -0.110637 -0.14964 -0.187927
0.200113 -0.111232 -0.150211 -0.187456
0.200121 -0.111226 -0.150222 -0.187459
0.199479 -0.11241 -0.1514 -0.186566
0.199479 -0.11241 -0.151399 -0.186567
0.199171 -0.113012 -0.151995 -0.18617
0.198881 -0.113598 -0.152562 -0.185691
0.197946 -0.115435 -0.154402 -0.184577
0.197939 -0.115459 -0.154437 -0.184705
0.198015 -0.115451 -0.154437 -0.184705
0.197381 -0.116629 -0.155665 -0.183986
0.197459 -0.116625 -0.155665 -0.183986
0.196848 -0.117701 -0.156856 -0.183219
0.196932 -0.117693 -0.156856 -0.183219
0.196679 -0.118204 -0.157404 -0.182815
0.196093 -0.119181 -0.158505 -0.181978
0.196189 -0.119172 -0.158505 -0.181978
0.196189 -0.119175 -0.158505 -0.181978
0.195488 -0.120557 -0.160086 -0.180649
0.195488 -0.120557 -0.160086 -0.180649
0.195488 -0.120557 -0.160086 -0.180649
0.194599 -0.12232 -0.162167 -0.17872
0.194599 -0.12232 -0.162167 -0.17872
0.193988 -0.123355 -0.163141 -0.17774
0.192795 -0.125164 -0.16484 -0.176121
0.192795 -0.125164 -0.16484 -0.176121
0.192795 -0.125164 -0.16484 -0.176121
0.192677 -0.126139 -0.166274 -0.174164
0.192677 -0.126139 -0.166274 -0.174164
0.191844 -0.12758 -0.167848 -0.172582
0.191844 -0.12758 -0.167848 -0.172582
0.191844 -0.12758 -0.167848 -0.172582
0.19161 -0.128237 -0.16873 -0.171526
0.19161 -0.128237 -0.16873 -0.171526
0.191178 -0.129078 -0.169838 -0.170446
0.191178 -0.129076 -0.169716 -0.170441
0.191178 -0.129076 -0.169716 -0.170441
0.190543 -0.130085 -0.170317 -0.169318
0.190038 -0.131135 -0.171032 -0.168258
0.190258 -0.131125 -0.17103 -0.168251
0.19014 -0.131667 -0.171653 -0.167931
0.189585 -0.134359 -0.172434 -0.168173
0.189167 -0.134922 -0.172629 -0.167606
0.188757 -0.137338 -0.172962 -0.16854
0.188268 -0.139436 -0.173518 -0.169049
0.187736 -0.141681 -0.174471 -0.169674
0.187162 -0.144048 -0.17471 -0.170381
0.185895 -0.149067 -0.175997 -0.172001
0.185895 -0.149067 -0.175997 -0.172001
0.184481 -0.154367 -0.177767 -0.173799
0.184481 -0.154367 -0.177367 -0.173802
0.183259 -0.157623 -0.178594 -0.174204
0.182937 -0.159868 -0.179207 -0.175699
0.182121 -0.162674 -0.179541 -0.176677
0.180405 -0.168366 -0.181463 -0.178631
0.180405 -0.168366 -0.181051 -0.178643
0.178589 -0.174125 -0.18302 -0.180598
0.178589 -0.174125 -0.1826 -0.180613
0.177134 -0.177523 -0.183911 -0.181043
0.177134 -0.177523 -0.183911 -0.181043
0.175714 -0.18284 -0.184965 -0.183506
0.174184 -0.186244 -0.185855 -0.183917
0.174948 -0.186283 -0.185855 -0.183917
0.172136 -0.192056 -0.187449 -0.185756
0.172136 -0.192056 -0.187449 -0.185756
0.17004 -0.197852 -0.189504 -0.187497
0.170911 -0.197913 -0.18952 -0.187735
0.168498 -0.203151 -0.19056 -0.18975
0.166368 -0.20889 -0.191923 -0.190226
0.166368 -0.20889 -0.192146 -0.191355
0.16423 -0.214572 -0.194202 -0.19282
0.16423 -0.214572 -0.193715 -0.192864
0.163167 -0.217391 -0.19449 -0.193581
0.162581 -0.221063 -0.195321 -0.193734
0.161063 -0.22299 -0.196017 -0.194927
0.160543 -0.226621 -0.196829 -0.195024
0.160543 -0.226621 -0.196829 -0.195024
0.15596 -0.236693 -0.199058 -0.196954
0.15526 -0.23714 -0.19964 -0.196352
0.154001 -0.242058 -0.201121 -0.198813
0.152165 -0.247143 -0.202436 -0.198825
0.152165 -0.247143 -0.202436 -0.198825
0.153112 -0.247642 -0.203834 -0.1996
0.153112 -0.247642 -0.203834 -0.1996
0.148143 -0.244664 -0.20505 -0.200388
0.147735 -0.241489 -0.205047 -0.201186
0.146614 -0.23908 -0.205641 -0.201585
0.142281 -0.23672 -0.206167 -0.201592
0.144428 -0.23448 -0.206765 -0.202438
0.140327 -0.232054 -0.207232 -0.202695
0.142311 -0.23004 -0.207801 -0.203372
0.138408 -0.227616 -0.208651 -0.203483
0.140266 -0.225738 -0.208736 -0.20437
0.138926 -0.223841 -0.209478 -0.20456
0.136526 -0.223406 -0.20956 -0.205415
0.137328 -0.219528 -0.209929 -0.205955
0.134746 -0.219155 -0.210191 -0.20568
0.13303 -0.215093 -0.210758 -0.206835
0.13303 -0.215093 -0.210758 -0.206835
0.130403 -0.204387 -0.213099 -0.204493
0.130403 -0.204387 -0.213099 -0.204493
0.128162 -0.199412 -0.215407 -0.199236
0.128162 -0.199412 -0.215407 -0.199236
0.12787 -0.199623 -0.215698 -0.198951
0.127451 -0.197852 -0.216137 -0.197662
0.127669 -0.19538 -0.217543 -0.194662
0.126081 -0.194866 -0.217543 -0.194662
